Model and model input files/precip_2010.asc
ncols         625
nrows         453
xllcorner     138621.56993419
yllcorner     4094031.9406744
cellsize      1000
NODATA_value  -9999
[rows 102 to 135 of 453, columns 77 to 153 of 625]
365.44 365.44 390.1844 344.2471 344.68 356.3012 357.67 357.67 357.67 369.8995 371.34 371.34 370.9217 379.06 379.06 379.06 416.6359 416.28 416.28 413.453 468.45 468.45 468.45 505.2728 509.61 509.61 509.61 465.4618 465.88 465.88 485.9106 488.27 488.27 488.27 555.1333 554.5 554.5 553.5826 571.43 571.43 571.43 569.6733 569.69 569.69 568.6978 588 588 588 576.3497 576.46 576.46 576.46 683.1202 682.11 682.11 730.6613 736.38 736.38 736.38 732.3 732.3 732.3 791.5421 798.52 798.52 798.52 1012.396 1010.37 1010.37 1013.915 944.94 944.94 944.94 714.4064 716.59 716.59 710.4197
365.44 365.44 390.1844 389.95 389.95 365.1599 362.24 362.24 362.24 354.8683 354 354 353.4224 364.66 364.66 364.66 414.9968 414.52 414.52 413.194 438.99 438.99 438.99 441.3608 441.64 441.64 441.64 435.3807 435.44 433.7905 485.9106 488.27 488.27 488.27 555.1333 554.5 554.5 553.5826 571.43 571.43 571.43 569.6733 569.69 569.69 568.6978 588 588 588 576.3497 576.46 576.46 576.46 683.1202 682.11 682.11 730.6613 736.38 736.38 736.38 732.3 732.3 732.3 791.5421 798.52 798.52 787.0404 1010.37 1010.37 1010.37 1013.915 944.94 944.94 944.94 714.4064 716.59 716.59 710.4197
365.44 365.44 390.1844 389.95 389.95 365.1599 362.24 362.24 362.24 353.9212 354 354 353.4224 364.66 364.66 364.66 414.9968 414.52 414.52 413.194 438.99 438.99 438.99 441.6653 441.64 441.64 441.64 435.3807 435.44 435.44 470.4019 474.52 474.52 474.52 536.0125 535.43 535.43 520.9997 519.3 519.3 519.3 528.5677 528.48 528.48 526.8663 558.26 558.26 558.26 564.166 564.11 564.11 562.007 602.92 602.92 602.92 728.0154 742.75 742.75 742.75 725.9538 732.3 732.3 791.5421 798.52 798.52 787.0404 1010.37 1010.37 1010.37 1013.915 944.94 944.94 944.94 714.4064 716.59 716.59 710.4197
365.44 365.44 390.1844 389.95 389.95 365.1599 362.24 362.24 362.24 353.9212 354 354 353.4224 364.66 364.66 364.66 414.9968 414.52 414.52 413.194 438.99 438.99 438.99 441.6653 441.64 441.64 441.64 435.3807 435.44 435.44 470.4019 474.52 474.52 474.52 536.0125 535.43 535.43 520.9997 519.3 519.3 519.3 528.5677 528.48 528.48 526.8663 558.26 558.26 558.26 564.166 564.11 564.11 562.007 602.92 602.92 602.92 728.0154 742.75 742.75 742.75 726.28 726.28 726.28 756.3842 759.93 759.93 758.0762 794.14 794.14 794.14 796.107 757.84 757.84 757.84 693.4804 694.09 694.09 688.7499
365.44 365.44 390.1844 389.95 389.95 365.1599 362.24 362.24 362.24 353.9212 354 354 363.5367 364.66 364.66 364.66 414.9968 414.52 414.52 413.194 438.99 438.99 438.99 441.6653 441.64 441.64 441.976 435.44 435.44 435.44 470.4019 474.52 474.52 474.52 536.0125 535.43 535.43 520.9997 519.3 519.3 519.3 528.48 528.48 528.48 526.8663 558.26 558.26 558.26 564.166 564.11 564.11 562.007 602.92 602.92 602.92 744.0871 742.75 742.75 742.75 726.28 726.28 726.28 756.3842 759.93 759.93 758.0762 794.14 794.14 794.14 761.6652 757.84 757.84 757.84 693.4804 694.09 694.09 688.7499
361.57 361.57 374.0886 373.97 373.97 365.7931 364.83 364.83 364.83 421.527 420.99 420.99 403.7774 401.75 401.75 364.3053 414.9968 414.52 414.52 413.194 438.99 438.99 438.99 441.6653 441.64 441.64 441.976 435.44 435.44 435.44 470.4019 474.52 474.52 474.52 536.0125 535.43 535.43 520.9997 519.3 519.3 519.3 528.48 528.48 528.48 526.8663 558.26 558.26 558.26 564.166 564.11 564.11 562.007 602.92 602.92 602.92 744.0871 742.75 742.75 742.75 726.28 726.28 726.28 756.3842 759.93 759.93 758.0762 794.14 794.14 794.14 761.6652 757.84 757.84 757.84 693.4804 694.09 694.09 688.7499
361.57 360.8981 373.97 373.97 373.97 365.7931 364.83 364.83 364.83 421.527 420.99 420.99 403.7774 401.75 401.75 401.75 382.2049 382.39 382.39 380.1141 424.39 424.39 424.39 402.3714 402.58 402.58 401.953 414.15 414.15 414.15 453.6924 458.35 458.35 458.35 455.3617 455.39 455.39 446.1396 445.05 445.05 445.05 450.68 450.68 529.2239 526.8663 558.26 558.26 558.26 564.166 564.11 564.11 562.007 602.92 602.92 602.92 744.0871 742.75 742.75 742.75 726.28 726.28 726.28 756.3842 759.93 759.93 758.0762 794.14 794.14 794.14 761.6652 757.84 757.84 757.84 693.4804 694.09 694.09 688.7499
361.57 360.8981 373.97 373.97 373.97 365.7931 364.83 364.83 364.83 421.527 420.99 420.99 403.7774 401.75 401.75 401.75 382.39 382.39 382.39 380.1141 424.39 424.39 424.39 402.3714 402.58 402.58 401.953 414.15 414.15 414.15 458.7727 458.35 458.35 458.35 455.3617 455.39 455.39 446.1396 445.05 445.05 445.05 450.68 450.68 450.68 454.5806 455.04 455.04 455.04 471.2536 471.1 471.1 469.2761 504.76 504.76 504.76 587.8773 587.09 587.09 584.0658 642.9 642.9 642.9 682.4693 687.13 687.13 690.488 625.16 625.16 625.16 607.8848 605.85 605.85 605.6338 609.84 609.84 694.8957 688.7499
361.57 360.8981 373.97 373.97 373.97 365.7931 364.83 364.83 364.83 421.527 420.99 420.99 403.7774 401.75 401.75 401.75 382.39 382.39 382.39 380.1141 424.39 424.39 424.39 402.3714 402.58 402.58 401.953 414.15 414.15 414.15 458.7727 458.35 458.35 458.35 455.3617 455.39 455.39 446.1396 445.05 445.05 445.05 450.68 450.68 450.68 454.5806 455.04 455.04 455.04 471.2536 471.1 471.1 469.2761 504.76 504.76 504.76 587.8773 587.09 587.09 584.0658 642.9 642.9 642.9 682.4693 687.13 687.13 690.488 625.16 625.16 625.16 607.8848 605.85 605.85 605.6338 609.84 609.84 609.84 601.817
361.57 360.8981 373.97 373.97 373.97 364.7426 364.83 364.83 364.83 421.527 420.99 420.99 403.7774 401.75 401.75 401.75 382.39 382.39 382.39 419.9643 424.39 424.39 424.39 402.3714 402.58 402.58 401.953 414.15 414.15 414.15 458.7727 458.35 458.35 458.5104 455.39 455.39 455.39 446.1396 445.05 445.05 445.05 450.68 450.68 450.68 454.5806 455.04 455.04 454.1698 471.1 471.1 471.1 469.2761 504.76 504.76 504.76 587.8773 587.09 587.09 584.0658 642.9 642.9 642.9 682.4693 687.13 687.13 690.488 625.16 625.16 625.16 607.8848 605.85 605.85 605.6338 609.84 609.84 609.84 601.817
369.85 368.9088 387.22 387.22 387.22 359.8608 360.12 360.12 360.12 384.6019 384.37 384.37 419.0278 423.11 423.11 423.11 420.3 420.3 420.3 427.5107 428.36 428.36 428.36 461.0799 460.77 460.77 462.7386 415.2343 414.15 414.15 458.7727 458.35 458.35 458.5104 455.39 455.39 455.39 446.1396 445.05 445.05 445.05 450.68 450.68 450.68 454.5806 455.04 455.04 454.1698 471.1 471.1 471.1 469.2761 504.76 504.76 504.76 587.8773 587.09 587.09 584.0658 642.9 642.9 642.9 687.553 687.13 687.13 690.488 625.16 625.16 625.16 607.8848 605.85 605.85 605.6338 609.84 609.84 609.84 742.2982
369.85 368.9088 387.22 387.22 387.22 359.8608 360.12 360.12 358.8059 384.37 384.37 384.37 419.0278 423.11 423.11 423.11 420.3 420.3 420.3 427.5107 428.36 428.36 426.6038 460.77 460.77 460.77 462.7386 424.44 424.44 424.44 453.0914 452.82 452.82 453.3673 442.72 442.72 442.72 467.6263 470.56 470.56 470.56 455.9 455.9 455.9 463.5669 464.47 464.47 462.6314 498.4 498.4 498.4 496.7115 529.56 529.56 529.56 555.5562 555.31 587.3939 584.0658 642.9 642.9 642.9 687.553 687.13 687.13 690.488 625.16 625.16 625.16 607.8848 605.85 605.85 605.6338 609.84 609.84 609.84 742.2982
369.85 368.9088 387.22 387.22 387.22 359.8608 360.12 360.12 358.8059 384.37 384.37 384.37 419.0278 423.11 423.11 423.11 420.3 420.3 420.3 427.5107 428.36 428.36 426.6038 460.77 460.77 460.77 462.7386 424.44 424.44 424.44 453.0914 452.82 452.82 453.3673 442.72 442.72 442.72 470.8262 470.56 470.56 470.56 455.9 455.9 455.9 463.5669 464.47 464.47 462.6314 498.4 498.4 498.4 526.2765 529.56 529.56 529.56 555.5562 555.31 555.31 555.4373 552.96 552.96 552.96 570.7787 570.61 570.61 689.0583 703.01 703.01 703.01 736.5853 740.54 740.54 742.9584 695.91 695.91 695.91 714.1783
369.85 368.9088 387.22 387.22 387.22 359.8608 360.12 360.12 358.8059 384.37 384.37 384.37 423.4804 423.11 423.11 423.11 420.3 420.3 420.3 427.5107 428.36 428.36 426.6038 460.77 460.77 460.77 462.7386 424.44 424.44 424.44 453.0914 452.82 452.82 453.3673 442.72 442.72 442.72 470.8262 470.56 470.56 470.56 455.9 455.9 455.9 463.5669 464.47 464.47 462.6314 498.4 498.4 498.4 526.2765 529.56 529.56 529.56 555.5562 555.31 555.31 555.4373 552.96 552.96 552.96 570.7787 570.61 570.61 689.0583 703.01 703.01 703.01 736.5853 740.54 740.54 742.9584 695.91 695.91 695.91 714.1783
391.31 391.8654 381.06 380.7262 387.22 359.8608 360.12 360.12 358.8059 384.37 384.37 384.37 423.4804 423.11 423.11 423.11 420.3 420.3 420.3 427.5107 428.36 428.36 426.6038 460.77 460.77 460.77 428.2683 424.44 424.44 424.44 453.0914 452.82 452.82 453.3673 442.72 442.72 442.72 470.8262 470.56 470.56 471.3544 455.9 455.9 455.9 463.5669 464.47 464.47 462.6314 498.4 498.4 498.4 526.2765 529.56 529.56 529.56 555.5562 555.31 555.31 555.4373 552.96 552.96 552.96 570.7787 570.61 570.61 689.0583 703.01 703.01 703.01 736.5853 740.54 740.54 742.9584 695.91 695.91 695.91 714.1783
391.31 382.1401 381.06 381.06 381.06 389.1567 389.08 389.08 386.718 432.67 432.67 432.67 446.8442 446.71 446.71 446.71 454.56 454.56 454.56 482.7586 486.08 486.08 483.6524 530.88 530.88 530.88 503.1824 499.92 499.92 499.92 455.9384 452.82 452.82 453.3673 442.72 442.72 442.72 470.8262 470.56 470.56 471.3544 455.9 455.9 455.9 463.5669 464.47 464.47 462.6314 498.4 498.4 498.4 526.2765 529.56 529.56 528.1647 555.31 555.31 555.31 555.4373 552.96 552.96 552.96 570.7787 570.61 570.61 689.0583 703.01 703.01 703.01 740.8989 740.54 740.54 742.9584 695.91 695.91 695.91 714.1783
391.31 382.1401 381.06 381.06 381.06 389.1567 389.08 389.08 386.718 432.67 432.67 432.67 446.8442 446.71 446.71 446.2846 454.56 454.56 454.56 482.7586 486.08 486.08 483.6524 530.88 530.88 530.88 503.1824 499.92 499.92 500.7897 483.87 483.87 483.87 482.6345 506.67 506.67 506.67 550.7576 550.34 550.34 551.0358 537.5 537.5 537.5 507.1364 503.56 503.56 503.107 511.92 511.92 511.92 511.3385 511.27 511.27 511.5821 505.51 505.51 505.51 503.899 535.24 535.24 535.24 569.0806 568.76 568.76 775.4094 799.75 799.75 799.75 1028.951 1026.78 1042.291 742.9584 695.91 695.91 695.91 714.1783
391.31 382.1401 381.06 381.06 380.6254 389.08 389.08 389.08 386.718 432.67 432.67 432.67 446.8442 446.71 446.71 446.2846 454.56 454.56 454.56 482.7586 486.08 486.08 483.6524 530.88 530.88 530.88 503.1824 499.92 499.92 500.7897 483.87 483.87 483.87 482.6345 506.67 506.67 506.67 550.7576 550.34 550.34 551.0358 537.5 537.5 537.5 503.2354 503.56 503.56 503.107 511.92 511.92 511.92 511.3385 511.27 511.27 511.5821 505.51 505.51 505.51 532.1072 535.24 535.24 535.24 569.0806 568.76 568.76 775.4094 799.75 799.75 799.75 1028.951 1026.78 1026.78 1028.096 1002.5 1002.5 1002.5 951.3007
391.31 382.1401 381.06 381.06 380.6254 389.08 389.08 389.08 386.718 432.67 432.67 432.67 446.8442 446.71 446.71 446.2846 454.56 454.56 454.56 486.3814 486.08 486.08 483.6524 530.88 530.88 530.88 503.1824 499.92 499.92 500.7897 483.87 483.87 483.87 482.6345 506.67 506.67 506.67 550.7576 550.34 550.34 551.0358 537.5 537.5 537.5 503.2354 503.56 503.56 503.107 511.92 511.92 511.92 511.3385 511.27 511.27 511.5821 505.51 505.51 505.51 532.1072 535.24 535.24 535.24 569.0806 568.76 568.76 775.4094 799.75 799.75 799.75 1028.951 1026.78 1026.78 1005.059 1002.5 1002.5 1002.5 951.3007
392.43 384.4052 383.46 383.46 380.7582 433.32 433.32 433.32 432.492 448.6 448.6 448.6 458.6451 458.55 458.55 447.5323 454.56 454.56 454.56 486.3814 486.08 486.08 483.6524 530.88 530.88 530.88 503.1824 499.92 499.92 500.7897 483.87 483.87 483.87 504.2675 506.67 506.67 506.67 550.7576 550.34 550.34 551.0358 537.5 537.5 537.5 503.2354 503.56 503.56 503.107 511.92 511.92 511.92 511.3385 511.27 511.27 511.5821 505.51 505.51 505.51 532.1072 535.24 535.24 535.24 569.0806 568.76 568.76 775.4094 799.75 799.75 799.75 1028.951 1026.78 1026.78 1005.059 1002.5 1002.5 1002.5 951.3007
392.43 384.4052 383.46 383.46 380.7582 433.32 433.32 433.32 446.9899 448.6 448.6 448.6 458.6451 458.55 458.55 458.1989 465.03 465.03 465.03 491.8541 491.6 491.6 489.6493 527.6 527.6 527.6 530.4986 530.84 530.84 532.6375 497.67 497.67 497.67 499.5845 499.81 499.81 499.81 554.9523 554.43 554.43 554.4836 553.44 553.44 554.3038 503.2354 503.56 503.56 511.0391 511.92 511.92 511.92 511.3385 511.27 511.27 511.5821 505.51 505.51 505.51 532.1072 535.24 535.24 533.4236 568.76 568.76 568.76 775.4094 799.75 799.75 799.75 1028.951 1026.78 1026.78 1005.059 1002.5 1002.5 1002.5 951.3007
392.43 384.4052 383.46 383.46 380.7582 433.32 433.32 433.32 446.9899 448.6 448.6 448.6 458.6451 458.55 458.55 458.1989 465.03 465.03 465.03 491.8541 491.6 491.6 523.8065 527.6 527.6 527.6 530.4986 530.84 530.84 532.6375 497.67 497.67 497.67 499.5845 499.81 499.81 496.8503 554.43 554.43 554.43 554.4836 553.44 553.44 553.44 514.804 515.17 515.17 511.2247 510.76 510.76 510.76 547.9406 552.32 552.32 552.3726 551.35 551.35 551.35 683.9513 699.57 699.57 698.3893 721.36 721.36 721.36 631.647 621.08 621.08 621.08 1072.688 1068.41 1068.41 1217.293 1234.83 1234.83 1234.83 942.5011
392.43 384.4052 383.46 383.46 380.7582 433.32 433.32 433.32 446.9899 448.6 448.6 448.0609 458.55 458.55 458.55 458.1989 465.03 465.03 465.03 491.8541 491.6 491.6 523.8065 527.6 527.6 527.6 530.4986 530.84 530.84 532.6375 497.67 497.67 497.67 499.5845 499.81 499.81 496.8503 554.43 554.43 554.43 554.4836 553.44 553.44 553.44 514.804 515.17 515.17 511.2247 510.76 510.76 510.76 552.7174 552.32 552.32 552.3726 551.35 551.35 551.35 683.9513 699.57 699.57 698.3893 721.36 721.36 721.36 631.647 621.08 621.08 621.08 1072.688 1068.41 1068.41 1217.293 1234.83 1234.83 1234.83 1264.945
398.89 383.3124 383.46 383.46 380.7582 433.32 433.32 433.32 446.9899 448.6 448.6 448.0609 458.55 458.55 458.55 458.1989 465.03 465.03 465.03 491.8541 491.6 491.6 523.8065 527.6 527.6 527.6 530.871 530.84 530.84 532.6375 497.67 497.67 497.67 499.5845 499.81 499.81 496.8503 554.43 554.43 554.43 554.4836 553.44 553.44 553.44 514.804 515.17 515.17 511.2247 510.76 510.76 510.76 552.7174 552.32 552.32 552.3726 551.35 551.35 551.35 683.9513 699.57 699.57 698.3893 721.36 721.36 721.36 620.1211 621.08 621.08 621.08 1072.688 1068.41 1068.41 1217.293 1234.83 1234.83 1234.83 1264.945
398.89 395.91 395.91 395.91 395.91 435.63 435.63 435.63 452.5004 454.78 454.78 454.78 466.31 466.31 466.31 485.3476 487.92 487.92 487.92 490.77 490.77 490.77 507.103 509.31 509.31 509.31 522.42 522.42 530.7578 530.7578 497.6624 497.6624 497.6624 499.6585 499.9282 499.9282 499.9282 554.5312 554.43 554.43 553.5579 553.44 553.44 553.44 515.17 515.17 515.17 511.285 510.76 510.76 510.76 552.32 552.32 552.32 552.32 551.35 551.35 551.35 681.926 699.57 699.57 699.57 721.36 721.36 721.36 621.08 621.08 621.08 621.08 1068.41 1068.41 1068.41 1215.019 1234.83 1234.83 1234.83 1264.66
-9999 -9999 -9999 -9999 -9999 -9999 -9999 -9999 -9999 -9999 -9999 -9999 -9999 -9999 -9999 -9999 -9999 -9999 -9999 -9999 -9999 -9999 -9999 -9999 -9999 -9999 -9999 -9999 -9999 -9999 -9999 -9999 -9999 -9999 -9999 -9999 -9999 -9999 -9999 -9999 -9999 -9999 -9999 -9999 -9999 -9999 -9999 -9999 -9999 -9999 -9999 -9999 -9999 -9999 -9999 -9999 -9999 -9999 -9999 -9999 -9999 -9999 -9999 -9999 -9999 -9999 -9999 -9999 -9999 -9999 -9999 -9999 -9999 -9999 -9999 -9999 -9999
-9999 -9999 -9999 -9999 -9999 -9999 -9999 -9999 -9999 -9999 -9999 -9999 -9999 -9999 -9999 -9999 -9999 -9999 -9999 -9999 -9999 -9999 -9999 -9999 -9999 -9999 -9999 -9999 -9999 -9999 -9999 -9999 -9999 -9999 -9999 -9999 -9999 -9999 -9999 -9999 -9999 -9999 -9999 -9999 -9999 -9999 -9999 -9999 -9999 -9999 -9999 -9999 -9999 -9999 -9999 -9999 -9999 -9999 -9999 -9999 -9999 -9999 -9999 -9999 -9999 -9999 -9999 -9999 -9999 -9999 -9999 -9999 -9999 -9999 -9999 -9999 -9999
-9999 -9999 -9999 -9999 -9999 -9999 -9999 -9999 -9999 -9999 -9999 -9999 -9999 -9999 -9999 -9999 -9999 -9999 -9999 -9999 -9999 -9999 -9999 -9999 -9999 -9999 -9999 -9999 -9999 -9999 -9999 -9999 -9999 -9999 -9999 -9999 -9999 -9999 -9999 -9999 -9999 -9999 -9999 -9999 -9999 -9999 -9999 -9999 -9999 -9999 -9999 -9999 -9999 -9999 -9999 -9999 -9999 -9999 -9999 -9999 -9999 -9999 -9999 -9999 -9999 -9999 -9999 -9999 -9999 -9999 -9999 -9999 -9999 -9999 -9999 -9999 -9999
-9999 -9999 -9999 -9999 -9999 -9999 -9999 -9999 -9999 -9999 -9999 -9999 -9999 -9999 -9999 -9999 -9999 -9999 -9999 -9999 -9999 -9999 -9999 -9999 -9999 -9999 -9999 -9999 -9999 -9999 -9999 -9999 -9999 -9999 -9999 -9999 -9999 -9999 -9999 -9999 -9999 -9999 -9999 -9999 -9999 -9999 -9999 -9999 -9999 -9999 -9999 -9999 -9999 -9999 -9999 -9999 -9999 -9999 -9999 -9999 -9999 -9999 -9999 -9999 -9999 -9999 -9999 -9999 -9999 -9999 -9999 -9999 -9999 -9999 -9999 -9999 -9999
-9999 -9999 -9999 -9999 -9999 -9999 -9999 -9999 -9999 -9999 -9999 -9999 -9999 -9999 -9999 -9999 -9999 -9999 -9999 -9999 -9999 -9999 -9999 -9999 -9999 -9999 -9999 -9999 -9999 -9999 -9999 -9999 -9999 -9999 -9999 -9999 -9999 -9999 -9999 -9999 -9999 -9999 -9999 -9999 -9999 -9999 -9999 -9999 -9999 -9999 -9999 -9999 -9999 -9999 -9999 -9999 -9999 -9999 -9999 -9999 -9999 -9999 -9999 -9999 -9999 -9999 -9999 -9999 -9999 -9999 -9999 -9999 -9999 -9999 -9999 -9999 -9999
-9999 -9999 -9999 -9999 -9999 -9999 -9999 -9999 -9999 -9999 -9999 -9999 -9999 -9999 -9999 -9999 -9999 -9999 -9999 -9999 -9999 -9999 -9999 -9999 -9999 -9999 -9999 -9999 -9999 -9999 -9999 -9999 -9999 -9999 -9999 -9999 -9999 -9999 -9999 -9999 -9999 -9999 -9999 -9999 -9999 -9999 -9999 -9999 -9999 -9999 -9999 -9999 -9999 -9999 -9999 -9999 -9999 -9999 -9999 -9999 -9999 -9999 -9999 -9999 -9999 -9999 -9999 -9999 -9999 -9999 -9999 -9999 -9999 -9999 -9999 -9999 -9999
-9999 -9999 -9999 -9999 -9999 -9999 -9999 -9999 -9999 -9999 -9999 -9999 -9999 -9999 -9999 -9999 -9999 -9999 -9999 -9999 -9999 -9999 -9999 -9999 -9999 -9999 -9999 -9999 -9999 -9999 -9999 -9999 -9999 -9999 -9999 -9999 -9999 -9999 -9999 -9999 -9999 -9999 -9999 -9999 -9999 -9999 -9999 -9999 -9999 -9999 -9999 -9999 -9999 -9999 -9999 -9999 -9999 -9999 -9999 -9999 -9999 -9999 -9999 -9999 -9999 -9999 -9999 -9999 -9999 -9999 -9999 -9999 -9999 -9999 -9999 -9999 -9999
-9999 -9999 -9999 -9999 -9999 -9999 -9999 -9999 -9999 -9999 -9999 -9999 -9999 -9999 -9999 -9999 -9999 -9999 -9999 -9999 -9999 -9999 -9999 -9999 -9999 -9999 -9999 -9999 -9999 -9999 -9999 -9999 -9999 -9999 -9999 -9999 -9999 -9999 -9999 -9999 -9999 -9999 -9999 -9999 -9999 -9999 -9999 -9999 -9999 -9999 -9999 -9999 -9999 -9999 -9999 -9999 -9999 -9999 -9999 -9999 -9999 -9999 -9999 -9999 -9999 -9999 -9999 -9999 -9999 -9999 -9999 -9999 -9999 -9999 -9999 -9999 -9999
-9999 -9999 -9999 -9999 -9999 -9999 -9999 -9999 -9999 -9999 -9999 -9999 -9999 -9999 -9999 -9999 -9999 -9999 -9999 -9999 -9999 -9999 -9999 -9999 -9999 -9999 -9999 -9999 -9999 -9999 -9999 -9999 -9999 -9999 -9999 -9999 -9999 -9999 -9999 -9999 -9999 -9999 -9999 -9999 -9999 -9999 -9999 -9999 -9999 -9999 -9999 -9999 -9999 -9999 -9999 -9999 -9999 -9999 -9999 -9999 -9999 -9999 -9999 -9999 -9999 -9999 -9999 -9999 -9999 -9999 -9999 -9999 -9999 -9999 -9999 -9999 -9999
