Model and model input files/precip_1993.asc
ncols         625
nrows         453
xllcorner     138621.56993419
yllcorner     4094031.9406744
cellsize      1000
NODATA_value  -9999
[rows 68 to 101 of 453, columns 0 to 76 of 625]
-9999 -9999 -9999 -9999 -9999 -9999 -9999 -9999 -9999 -9999 -9999 -9999 -9999 -9999 -9999 -9999 -9999 406.71 406.71 406.71 418.4613 418.35 418.35 418.8643 408.86 408.86 408.86 411.4546 411.43 411.43 409.5015 447.02 447.02 447.02 488.459 493.34 493.34 493.34 495.63 495.63 495.63 485.1897 483.96 483.96 483.9323 484.47 484.47 484.47 475.5864 474.54 474.54 474.54 445.2122 445.49 445.49 447.1134 415.53 415.53 415.53 379.5391 379.88 379.88 378.4039 378.23 378.23 378.23 375.595 375.62 375.62 373.9613 406.23 406.23 406.23 406.9994 407.09 407.09 407.3084
-9999 -9999 -9999 -9999 -9999 -9999 -9999 -9999 -9999 -9999 -9999 -9999 -9999 -9999 -9999 -9999 -9999 406.71 406.71 406.71 418.4613 418.35 418.35 418.8643 408.86 408.86 408.86 411.4546 411.43 411.43 409.5015 447.02 447.02 447.02 493.7829 493.34 493.34 493.34 495.63 495.63 495.63 485.1897 483.96 483.96 484.283 478 478 478 464.6611 463.09 463.09 464.5043 436.99 436.99 436.99 437.5367 426.9 426.9 426.9 416.3904 416.49 416.49 412.7326 412.29 412.29 412.29 406.3033 406.36 375.62 403.0045 406.23 406.23 406.23 406.9994 407.09 407.09 407.3084
-9999 -9999 -9999 -9999 -9999 -9999 -9999 -9999 -9999 -9999 -9999 -9999 -9999 -9999 -9999 -9999 -9999 406.71 406.71 406.0793 418.35 418.35 418.35 418.8643 408.86 408.86 408.86 411.4546 411.43 411.43 409.5015 447.02 447.02 447.02 493.7829 493.34 493.34 493.2159 495.63 495.63 495.63 485.1897 483.96 483.96 484.283 478 478 478 464.6611 463.09 463.09 464.5043 436.99 436.99 436.99 437.5367 426.9 426.9 426.9 416.3904 416.49 416.49 412.7326 412.29 412.29 412.29 406.3033 406.36 406.36 423.009 424.97 424.97 424.97 437.7094 439.21 439.21 439.4652
-9999 -9999 -9999 -9999 -9999 -9999 -9999 -9999 -9999 -9999 -9999 -9999 -9999 -9999 -9999 -9999 -9999 406.71 406.71 406.0793 418.35 418.35 418.35 418.8643 408.86 408.86 408.86 411.4546 411.43 411.43 409.5015 447.02 447.02 447.02 493.7829 493.34 493.34 493.2159 495.63 495.63 495.63 485.1897 483.96 483.96 484.283 478 478 478 464.6611 463.09 463.09 464.5043 436.99 436.99 436.99 427.9632 426.9 426.9 426.9 416.3904 416.49 416.49 412.7326 412.29 412.29 412.29 406.3033 406.36 406.36 423.009 424.97 424.97 424.97 439.3462 439.21 439.21 439.4652
-9999 -9999 -9999 -9999 -9999 -9999 -9999 -9999 -9999 -9999 -9999 -9999 -9999 -9999 -9999 -9999 -9999 352.86 352.86 351.6169 375.8 375.8 375.8 414.8683 419.47 409.978 408.86 411.4546 411.43 411.43 409.5015 447.02 447.02 447.02 493.7829 493.34 493.34 493.2159 495.63 495.63 495.63 483.8484 483.96 483.96 484.283 478 478 478 464.6611 463.09 463.09 464.5043 436.99 436.99 436.99 427.9632 426.9 426.9 426.9 416.3904 416.49 416.49 412.7326 412.29 412.29 412.29 406.3033 406.36 406.36 423.009 424.97 424.97 424.97 439.3462 439.21 439.21 439.4652
-9999 -9999 -9999 -9999 -9999 -9999 -9999 -9999 -9999 -9999 -9999 -9999 -9999 -9999 -9999 -9999 -9999 352.86 352.86 351.6169 375.8 375.8 375.8 414.8683 419.47 419.47 413.7267 525.46 525.46 525.46 524.4175 544.7 544.7 544.7 508.1337 508.48 508.48 508.0221 516.93 516.93 516.93 523.7748 523.71 523.71 525.929 482.76 482.76 478.5016 464.6611 463.09 463.09 464.5043 436.99 436.99 436.99 427.9632 426.9 426.9 427.4641 416.49 416.49 416.49 412.7326 412.29 412.29 412.29 406.3033 406.36 406.36 423.009 424.97 424.97 424.97 439.3462 439.21 439.21 434.9963
-9999 -9999 -9999 -9999 -9999 -9999 -9999 -9999 -9999 -9999 -9999 -9999 -9999 -9999 -9999 -9999 -9999 352.86 352.86 351.6169 375.8 375.8 375.8 414.8683 419.47 419.47 413.7267 525.46 525.46 525.46 524.4175 544.7 544.7 544.7 508.1337 508.48 508.48 508.0221 516.93 516.93 516.93 523.7748 523.71 523.71 487.0751 482.76 482.76 482.76 465.288 463.23 463.23 465.2312 426.3 426.3 426.3 399.2823 396.1 396.1 396.2219 393.85 393.85 393.85 386.7124 386.78 386.78 386.78 397.441 397.34 397.34 417.2365 419.2879 424.97 424.97 439.3462 439.21 439.21 434.9963
-9999 -9999 -9999 -9999 -9999 -9999 -9999 -9999 -9999 -9999 -9999 -9999 -9999 -9999 -9999 -9999 -9999 352.86 352.86 351.6169 375.8 375.8 375.8 414.8683 419.47 419.47 413.7267 525.46 525.46 525.46 542.6726 544.7 544.7 544.7 508.1337 508.48 508.48 508.0221 516.93 516.93 516.93 523.7748 523.71 523.71 487.0751 482.76 482.76 482.76 463.0432 463.23 463.23 465.2312 426.3 426.3 426.3 399.2823 396.1 396.1 396.2219 393.85 393.85 393.85 386.7124 386.78 386.78 386.78 397.441 397.34 397.34 417.2365 419.58 419.58 419.58 428.9084 428.82 428.82 414.6223
-9999 -9999 -9999 -9999 -9999 -9999 -9999 -9999 -9999 -9999 -9999 -9999 -9999 -9999 -9999 -9999 -9999 352.86 352.86 351.6169 375.8 375.8 375.8 414.8683 419.47 419.47 413.7267 525.46 525.46 525.46 542.6726 544.7 544.7 546.6627 508.48 508.48 508.48 508.0221 516.93 516.93 516.93 523.7748 523.71 523.71 487.0751 482.76 482.76 482.76 463.0432 463.23 463.23 465.2312 426.3 426.3 426.3 399.2823 396.1 396.1 396.2219 393.85 393.85 393.85 386.7124 386.78 386.78 386.2078 397.34 397.34 397.34 417.2365 419.58 419.58 419.58 428.9084 428.82 428.82 414.6223
-9999 -9999 -9999 -9999 -9999 -9999 -9999 -9999 -9999 -9999 -9999 -9999 -9999 -9999 -9999 -9999 -9999 328.51 328.51 348.648 351.02 351.02 351.02 380.9273 384.45 384.45 381.0042 448.04 448.04 448.04 468.3659 470.76 470.76 473.4824 420.52 509.3211 508.48 508.0221 516.93 516.93 516.93 523.7748 523.71 523.71 487.0751 482.76 482.76 482.76 463.0432 463.23 463.23 430.1915 426.3 426.3 426.3 399.2823 396.1 396.1 396.2219 393.85 393.85 393.85 386.7124 386.78 386.78 386.2078 397.34 397.34 397.34 417.2365 419.58 419.58 419.58 428.9084 428.82 428.82 414.6223
-9999 -9999 -9999 -9999 -9999 -9999 -9999 -9999 -9999 -9999 -9999 -9999 -9999 -9999 -9999 -9999 -9999 328.51 328.51 348.648 351.02 351.02 351.02 380.9273 384.45 384.45 381.0042 448.04 448.04 448.04 468.3659 470.76 470.76 473.4824 420.52 420.52 420.52 419.0439 418.87 418.87 418.87 416.7398 416.76 416.76 400.791 398.91 398.91 398.91 406.9461 406.87 406.87 423.519 425.48 425.48 425.48 395.5369 392.01 391.7884 396.2219 393.85 393.85 393.85 386.7124 386.78 386.78 386.2078 397.34 397.34 397.34 419.7927 419.58 419.58 419.58 428.9084 428.82 428.82 414.6223
-9999 -9999 -9999 -9999 -9999 -9999 -9999 -9999 -9999 -9999 -9999 -9999 -9999 -9999 -9999 -9999 -9999 328.51 328.51 348.648 351.02 351.02 351.02 384.7697 384.45 384.45 381.0042 448.04 448.04 448.04 468.3659 470.76 470.76 473.4824 420.52 420.52 420.52 419.0439 418.87 418.87 418.87 416.7398 416.76 416.76 400.791 398.91 398.91 398.91 406.9461 406.87 406.87 423.519 425.48 425.48 425.48 391.6899 392.01 392.01 392.6955 379.36 379.36 379.36 372.6767 372.74 372.74 372.6793 373.86 373.86 373.86 404.5305 404.24 404.24 403.069 425.85 425.85 425.85 402.2945
-9999 -9999 -9999 -9999 -9999 -9999 -9999 -9999 -9999 -9999 -9999 -9999 -9999 -9999 -9999 -9999 -9999 328.51 328.51 348.648 351.02 351.02 351.02 384.7697 384.45 384.45 441.3392 448.04 448.04 448.04 468.3659 470.76 470.76 473.4824 420.52 420.52 420.52 419.0439 418.87 418.87 418.9843 416.76 416.76 416.76 400.791 398.91 398.91 398.91 406.9461 406.87 406.87 423.519 425.48 425.48 425.48 391.6899 392.01 392.01 380.693 379.36 379.36 379.36 372.6767 372.74 372.74 372.6793 373.86 373.86 373.86 404.5305 404.24 404.24 403.069 425.85 425.85 425.85 402.2945
-9999 -9999 -9999 -9999 -9999 -9999 -9999 -9999 -9999 -9999 -9999 -9999 -9999 -9999 -9999 -9999 -9999 328.71 328.71 336.8242 337.78 337.78 337.78 380.2356 384.45 384.45 441.3392 448.04 448.04 448.04 468.3659 470.76 470.76 473.4824 420.52 420.52 420.52 419.0439 418.87 418.87 418.9843 416.76 416.76 416.76 398.7393 398.91 398.91 398.91 406.9461 406.87 406.87 423.519 425.48 425.48 425.48 391.6899 392.01 392.01 380.693 379.36 379.36 379.36 372.6767 372.74 372.74 372.6793 373.86 373.86 373.86 404.5305 404.24 404.24 403.069 425.85 425.85 425.85 399.2682
-9999 -9999 -9999 -9999 -9999 -9999 -9999 -9999 -9999 -9999 -9999 -9999 -9999 -9999 -9999 -9999 -9999 328.71 328.71 336.8242 337.78 337.78 337.78 343.9585 343.9 343.9 348.06 348.55 348.55 348.55 346.5814 346.6 346.6 346.3556 351.11 351.11 351.11 353.606 353.9 353.9 353.9439 353.09 353.09 353.09 345.5543 398.91 398.91 398.91 406.9461 406.87 406.87 423.519 425.48 425.48 425.48 391.6899 392.01 392.01 380.693 379.36 379.36 379.36 372.74 372.74 372.74 372.6793 373.86 373.86 373.86 404.5305 404.24 404.24 403.069 425.85 425.85 425.85 399.2682
-9999 -9999 -9999 -9999 -9999 -9999 -9999 -9999 -9999 -9999 -9999 -9999 -9999 -9999 -9999 -9999 -9999 328.71 328.71 336.8242 337.78 337.78 337.78 343.9585 343.9 343.9 348.06 348.55 348.55 348.55 346.5814 346.6 346.6 350.6347 351.11 351.11 351.11 353.606 353.9 353.9 353.9439 353.09 353.09 353.09 348.2946 348.34 348.34 347.7006 360.14 360.14 360.14 380.3048 382.68 382.68 382.68 380.7114 380.73 380.73 369.7529 368.46 368.46 368.46 359.64 359.64 359.64 358.7437 376.18 376.18 374.1045 404.5305 404.24 404.24 403.069 425.85 425.85 425.85 399.2682
-9999 -9999 -9999 -9999 -9999 -9999 -9999 -9999 -9999 -9999 -9999 -9999 -9999 -9999 -9999 -9999 -9999 328.71 328.71 337.8667 337.78 337.78 337.78 343.9585 343.9 343.9 348.06 348.55 348.55 348.55 346.5814 346.6 346.6 350.6347 351.11 351.11 351.11 353.606 353.9 353.9 353.9439 353.09 353.09 353.09 348.2946 348.34 348.34 347.7006 360.14 360.14 360.14 380.3048 382.68 382.68 382.68 380.7114 380.73 380.73 369.7529 368.46 368.46 368.46 359.64 359.64 359.64 374.4371 376.18 376.18 376.18 406.9414 406.65 406.65 406.663 406.41 406.41 406.41 385.1082
-9999 -9999 -9999 -9999 -9999 -9999 -9999 -9999 -9999 -9999 -9999 -9999 -9999 -9999 -9999 -9999 -9999 328.71 328.71 337.8667 337.78 337.78 337.78 343.9585 343.9 343.9 348.06 348.55 348.55 348.55 346.5814 346.6 346.6 350.6347 351.11 351.11 351.11 353.9267 353.9 353.9 353.9439 353.09 353.09 353.09 348.2946 348.34 348.34 347.7006 360.14 360.14 360.14 382.8955 382.68 382.68 382.68 380.7114 380.73 380.73 369.7529 368.46 368.46 368.46 359.64 359.64 359.64 374.4371 376.18 376.18 376.18 406.9414 406.65 406.65 406.663 406.41 406.41 406.41 385.1082
-9999 -9999 -9999 -9999 -9999 -9999 -9999 -9999 -9999 -9999 -9999 -9999 -9999 -9999 -9999 -9999 -9999 334.49 334.49 329.8258 329.87 329.87 329.7632 331.84 331.84 342.6292 348.06 348.55 348.55 348.55 346.5814 346.6 346.6 350.6347 351.11 351.11 351.11 353.9267 353.9 353.9 353.9439 353.09 353.09 353.09 348.2946 348.34 348.34 347.7006 360.14 360.14 360.14 382.8955 382.68 382.68 382.7856 380.73 380.73 380.73 369.7529 368.46 368.46 368.46 359.64 359.64 359.64 374.4371 376.18 376.18 374.5289 406.65 406.65 406.65 406.663 406.41 406.41 406.41 385.1082
-9999 -9999 -9999 -9999 -9999 -9999 -9999 -9999 -9999 -9999 -9999 -9999 -9999 -9999 -9999 -9999 -9999 334.49 334.49 329.8258 329.87 329.87 329.7632 331.84 331.84 331.84 330.6689 330.68 330.68 330.68 331.2857 331.28 331.28 345.5493 347.23 347.23 347.23 358.2039 358.1 358.1 355.5235 355.22 355.22 355.22 339.8444 339.99 339.99 339.945 340.82 340.82 340.82 361.6978 361.5 361.5 360.9251 379.8217 380.73 380.73 369.7529 368.46 368.46 368.46 359.64 359.64 359.64 374.4371 376.18 376.18 374.5289 406.65 406.65 406.65 406.4353 406.41 406.41 406.41 385.1082
-9999 -9999 -9999 -9999 -9999 -9999 -9999 -9999 -9999 -9999 -9999 -9999 -9999 -9999 -9999 -9999 -9999 334.49 334.49 329.8258 329.87 329.87 329.7632 331.84 331.84 331.84 330.6689 330.68 330.68 330.68 331.2857 331.28 331.28 345.5493 347.23 347.23 347.23 358.2039 358.1 358.1 355.5235 355.22 355.22 355.22 339.8444 339.99 339.99 339.945 340.82 340.82 340.82 361.6978 361.5 361.5 360.9251 372.11 372.11 372.11 368.3645 368.4 368.4 368.4 364.34 364.34 364.34 372.7226 373.71 373.71 371.9402 406.37 406.37 406.37 397.1554 396.07 396.07 396.07 374.3543
-9999 -9999 -9999 -9999 -9999 -9999 -9999 -9999 -9999 -9999 -9999 -9999 -9999 -9999 -9999 -9999 -9999 334.49 334.49 329.8258 329.87 329.87 329.7632 331.84 331.84 331.84 330.6689 330.68 330.68 330.6475 331.28 331.28 331.28 345.5493 347.23 347.23 347.23 358.2039 358.1 358.1 355.5235 355.22 355.22 355.22 339.99 339.99 339.99 339.945 340.82 340.82 340.82 361.6978 361.5 361.5 360.9251 372.11 372.11 372.11 368.3645 368.4 368.4 368.4 364.34 364.34 364.34 372.7226 373.71 373.71 371.9402 406.37 406.37 406.37 397.1554 396.07 396.07 397.2356 374.56
-9999 -9999 -9999 -9999 -9999 -9999 -9999 -9999 -9999 -9999 -9999 -9999 -9999 -9999 -9999 -9999 -9999 334.49 334.49 329.8258 329.87 329.87 329.7632 331.84 331.84 331.84 330.6689 330.68 330.68 330.6475 331.28 331.28 331.28 345.5493 347.23 347.23 347.23 358.2039 358.1 358.1 355.5235 355.22 355.22 355.22 339.99 339.99 339.99 340.7325 340.82 340.82 340.82 361.6978 361.5 361.5 360.9251 372.11 372.11 372.11 368.3645 368.4 368.4 368.62 364.34 364.34 364.34 372.7226 373.71 373.71 371.9402 406.37 406.37 406.37 397.1554 396.07 396.07 397.2356 374.56
-9999 -9999 -9999 -9999 -9999 -9999 -9999 -9999 -9999 -9999 -9999 -9999 -9999 -9999 -9999 -9999 -9999 326.53 326.53 324.69 324.69 324.69 324.1752 334.19 334.19 334.19 321.6411 321.76 321.76 321.7736 321.51 321.51 321.51 333.2916 333.18 345.7495 347.23 358.2039 358.1 358.1 355.5235 355.22 355.22 355.22 339.99 339.99 339.99 340.7325 340.82 340.82 340.82 361.6978 361.5 361.5 360.9251 372.11 372.11 372.11 368.3645 368.4 368.4 368.62 364.34 364.34 364.34 372.7226 373.71 373.71 371.9402 406.37 406.37 406.37 397.1554 396.07 396.07 397.2356 374.56
-9999 -9999 -9999 -9999 -9999 -9999 -9999 -9999 -9999 -9999 -9999 -9999 -9999 -9999 -9999 -9999 -9999 326.53 326.53 324.69 324.69 324.69 324.1752 334.19 334.19 334.19 321.6411 321.76 321.76 321.7736 321.51 321.51 321.51 333.2916 333.18 333.18 333.18 360.5795 360.32 360.32 358.8796 358.71 358.71 358.71 338.76 338.76 338.76 336.5592 336.3 336.3 335.9071 343.55 343.55 343.55 342.9978 353.74 353.74 353.74 368.5402 368.4 368.4 368.62 364.34 364.34 364.34 373.7996 373.71 373.71 371.9402 406.37 406.37 406.37 397.1554 396.07 396.07 397.2356 374.56
-9999 -9999 -9999 -9999 -9999 -9999 -9999 -9999 -9999 -9999 -9999 -9999 -9999 -9999 -9999 -9999 -9999 326.53 326.53 324.69 324.69 324.69 333.1889 334.19 334.19 334.19 321.6411 321.76 321.76 321.7736 321.51 321.51 321.51 333.2916 333.18 333.18 331.7094 360.32 360.32 360.32 358.8796 358.71 358.71 358.71 338.76 338.76 338.76 336.5592 336.3 336.3 335.9071 343.55 343.55 343.55 342.9978 353.74 353.74 353.74 369.0147 368.87 368.87 368.1217 382.68 382.68 382.68 388.6869 388.63 388.63 389.3908 374.59 374.59 374.59 369.5622 368.97 368.97 369.0052 368.32
-9999 -9999 -9999 -9999 -9999 -9999 -9999 -9999 -9999 -9999 -9999 -9999 -9999 -9999 -9999 -9999 -9999 326.53 326.53 324.69 324.69 324.69 333.1889 334.19 334.19 334.8636 321.76 321.76 321.76 321.7736 321.51 321.51 321.51 333.2916 333.18 333.18 331.7094 360.32 360.32 360.32 358.6946 358.71 358.71 358.71 338.76 338.76 338.76 336.5592 336.3 336.3 335.9071 343.55 343.55 343.55 352.6662 353.74 353.74 353.74 369.0147 368.87 368.87 368.1217 382.68 382.68 382.68 388.6869 388.63 388.63 376.0695 374.59 374.59 374.59 369.5622 368.97 368.97 369.0052 368.32
-9999 -9999 -9999 -9999 -9999 -9999 -9999 -9999 -9999 -9999 -9999 -9999 -9999 -9999 -9999 -9999 -9999 306.84 306.84 311.29 311.29 311.29 324.2621 333.3048 334.19 334.8636 321.76 321.76 321.76 321.7736 321.51 321.51 321.51 333.2916 333.18 333.18 331.7094 360.32 360.32 360.32 358.6946 358.71 358.71 358.71 338.76 338.76 338.76 336.5592 336.3 336.3 335.9071 343.55 343.55 343.55 352.6662 353.74 353.74 353.74 369.0147 368.87 368.87 368.1217 382.68 382.68 382.68 388.6869 388.63 388.63 376.0695 374.59 374.59 374.59 369.5622 368.97 368.97 369.0052 368.32
-9999 -9999 -9999 -9999 -9999 -9999 -9999 -9999 -9999 -9999 -9999 -9999 -9999 -9999 -9999 -9999 -9999 306.84 306.84 311.29 311.29 311.29 324.2621 325.79 325.79 326.3611 315.25 315.25 315.25 309.9628 309.34 309.34 309.34 318.0323 317.95 317.95 317.549 325.35 325.35 325.35 334.4159 334.33 334.33 334.2893 335.08 338.7952 338.76 336.5592 336.3 336.3 335.9071 343.55 343.55 343.55 352.6662 353.74 353.74 352.9201 368.87 368.87 368.87 368.1217 382.68 382.68 382.68 388.6869 388.63 388.63 376.0695 374.59 374.59 374.59 368.9163 368.97 368.97 369.0052 368.32
-9999 -9999 -9999 -9999 -9999 -9999 -9999 -9999 -9999 -9999 -9999 -9999 -9999 -9999 -9999 -9999 -9999 306.84 306.84 311.29 311.29 311.29 324.2621 325.79 325.79 326.3611 315.25 315.25 315.25 309.9628 309.34 309.34 309.34 318.0323 317.95 317.95 317.549 325.35 325.35 325.35 334.4159 334.33 334.33 334.2893 335.08 335.08 335.08 344.8135 345.96 345.96 345.6224 352.19 352.19 352.19 364.1959 365.61 365.61 360.6437 457.26 457.26 457.26 457.2112 458.16 458.16 458.16 418.8678 419.24 419.24 398.6887 374.59 374.59 374.59 368.9163 368.97 368.97 369.0052 368.32
-9999 -9999 -9999 -9999 -9999 -9999 -9999 -9999 -9999 -9999 -9999 -9999 -9999 -9999 -9999 -9999 -9999 306.84 306.5988 311.29 311.29 311.29 324.2621 325.79 325.79 326.3611 315.25 315.25 315.25 309.9628 309.34 309.34 308.8734 317.95 317.95 317.95 317.549 325.35 325.35 325.35 334.4159 334.33 334.33 334.2893 335.08 335.08 335.08 346.064 345.96 345.96 345.6224 352.19 352.19 352.19 364.1959 365.61 365.61 360.6437 457.26 457.26 457.26 458.0652 458.16 458.16 458.16 418.8678 419.24 419.24 397.5811 395.03 395.03 395.03 388.4577 388.52 388.52 400.3648 401.76
-9999 -9999 -9999 -9999 -9999 -9999 -9999 -9999 -9999 -9999 -9999 -9999 -9999 -9999 -9999 -9999 -9999 306.84 306.5988 311.29 311.29 311.29 324.2621 325.79 325.79 326.3611 315.25 315.25 315.25 309.9628 309.34 309.34 308.8734 317.95 317.95 317.95 317.549 325.35 325.35 325.35 334.4159 334.33 334.33 334.2893 335.08 335.08 335.08 346.064 345.96 345.96 345.6224 352.19 352.19 352.19 364.1959 365.61 365.61 360.6437 457.26 457.26 457.26 458.0652 458.16 458.16 458.16 418.8678 419.24 419.24 397.5811 395.03 395.03 395.03 388.4577 388.52 388.52 400.3648 401.76
-9999 -9999 -9999 -9999 -9999 -9999 -9999 -9999 -9999 -9999 -9999 -9999 -9999 -9999 -9999 -9999 -9999 296.59 296.3283 301.42 301.42 301.42 317.7749 317.62 317.62 318.0692 309.33 309.33 309.33 307.7286 307.54 307.54 306.9759 317.95 317.95 317.95 324.5702 325.35 325.35 325.35 334.4159 334.33 334.33 334.2893 335.08 335.08 335.08 346.064 345.96 345.96 351.5335 352.19 352.19 352.19 364.1959 365.61 365.61 360.6437 457.26 457.26 457.26 458.0652 458.16 458.16 460.269 419.24 419.24 419.24 397.5811 395.03 395.03 395.03 388.4577 388.52 388.52 400.3648 401.76
-9999 -9999 -9999 -9999 -9999 -9999 -9999 -9999 -9999 -9999 -9999 -9999 -9999 -9999 -9999 -9999 -9999 296.59 296.3283 301.42 301.42 301.42 317.7749 317.62 317.62 318.0692 309.33 309.33 309.33 307.7286 307.54 307.54 307.3514 311.02 311.02 311.02 314.3927 314.79 314.79 314.79 320.6758 320.62 320.62 319.6349 338.8 338.8 338.8 352.3786 352.25 352.25 363.5849 364.92 364.92 364.92 434.987 447.4466 365.61 360.6437 457.26 457.26 457.26 458.0652 458.16 458.16 460.269 419.24 419.24 419.24 397.5811 395.03 395.03 395.03 388.4577 388.52 388.52 400.3648 401.76
