Model and model input files/precip_2000.asc
ncols         625
nrows         453
xllcorner     138621.56993419
yllcorner     4094031.9406744
cellsize      1000
NODATA_value  -9999
[rows 0 to 33 of 453, columns 77 to 153 of 625]
247.4067 247.4067 255.0302 256.0603 256.0603 256.0512 267.42 267.42 267.42 279.6213 281.27 281.27 281.27 287.51 287.51 287.51 284.4442 284.03 284.03 284.03 265.03 265.03 265.03 250.1329 248.12 248.12 248.12 244.26 244.26 244.26 245.5638 245.74 245.74 245.74 239.37 239.37 239.37 246.6732 247.66 247.66 247.66 251.52 251.52 251.52 255.5372 256.08 256.08 256.08 263.59 263.59 263.59 263.59 266.84 266.84 266.84 265 265 265 265 264.72 264.72 264.72 272.77 272.77 272.77 282.1787 283.45 283.45 283.45 299.29 299.29 299.29 316.4952 318.82 318.82 318.82 355.36
265.32 265.32 257.9751 257.11 257.11 257.155 256.28 256.28 256.28 265.4231 266.5 266.5 266.5786 265.05 265.05 265.05 262.2838 262.31 262.31 262.31 254.5969 254.67 254.67 246.9852 246.08 246.08 246.08 244.6565 244.67 244.67 241.2436 240.5745 245.74 245.74 239.3091 239.37 239.37 246.7864 247.66 247.66 247.66 251.52 251.52 251.52 255.5995 256.08 256.08 255.673 263.59 263.59 263.59 266.4975 266.84 266.84 266.84 264.9824 265 265 265.0152 264.72 264.72 264.72 272.847 272.77 272.77 282.3246 283.45 283.45 283.45 299.4415 299.29 299.29 316.762 318.82 318.82 318.82 355.7094
265.32 265.32 257.9751 257.11 257.11 257.155 256.28 256.28 256.28 265.4231 266.5 266.5 266.5786 265.05 265.05 265.05 262.2838 262.31 262.31 262.724 254.67 254.67 254.67 246.9852 246.08 246.08 246.08 244.6565 244.67 244.67 241.2436 240.84 240.84 240.84 243.0913 243.07 243.07 254.0023 255.29 255.29 255.29 257.1 257.1 257.1 257.5742 257.63 257.63 257.4425 261.09 261.09 261.09 262.8077 263.01 263.01 262.9786 263.59 263.59 263.59 266.8643 267.25 267.25 264.6958 272.847 272.77 272.77 282.3246 283.45 283.45 283.45 299.4415 299.29 299.29 316.762 318.82 318.82 318.82 355.7094
265.32 265.32 257.9751 257.11 257.11 257.155 256.28 256.28 256.28 265.4231 266.5 266.5 266.5786 265.05 265.05 265.05 262.2838 262.31 262.31 262.724 254.67 254.67 254.67 245.9979 246.08 246.08 246.08 244.6565 244.67 244.67 241.2436 240.84 240.84 240.84 243.0913 243.07 243.07 254.0023 255.29 255.29 255.29 257.1 257.1 257.1 257.5742 257.63 257.63 257.4425 261.09 261.09 261.09 262.8077 263.01 263.01 262.9786 263.59 263.59 263.59 266.8643 267.25 267.25 266.7217 277 277 277 284.828 285.75 285.75 285.75 301.166 301.02 301.02 322.4731 325 325 325 353.8331
265.32 265.32 257.9751 257.11 257.11 257.155 256.28 256.28 256.28 265.4231 266.5 266.5 266.5786 265.05 265.05 265.05 262.2838 262.31 262.31 262.724 254.67 254.67 254.67 245.9979 246.08 246.08 246.1564 244.67 244.67 244.67 241.2436 240.84 240.84 240.84 243.0913 243.07 243.07 254.0023 255.29 255.29 255.29 257.1 257.1 257.1 257.5742 257.63 257.63 257.4425 261.09 261.09 261.09 262.8077 263.01 263.01 262.9786 263.59 263.59 263.59 266.8643 267.25 267.25 266.7217 277 277 277 285.8337 285.75 285.75 285.75 301.166 301.02 301.02 322.4731 325 325 325 353.8331
287.69 287.69 273.707 272.06 272.06 272.6566 261.05 261.05 261.3085 265.4231 266.5 266.5 266.5786 265.05 265.05 265.05 262.2838 262.31 262.31 262.724 254.67 254.67 254.67 245.9979 246.08 246.08 246.1564 244.67 244.67 244.67 240.8034 240.84 240.84 240.84 243.0913 243.07 243.07 254.0023 255.29 255.29 255.29 257.1 257.1 257.1 257.5742 257.63 257.63 257.4425 261.09 261.09 261.09 262.8077 263.01 263.01 262.9786 263.59 263.59 263.59 266.8643 267.25 267.25 266.7217 277 277 277 285.8337 285.75 285.75 285.75 301.166 301.02 301.02 322.4731 325 325 325 353.8331
287.69 287.69 273.707 272.06 272.06 272.6566 261.05 261.05 261.05 259.9675 259.84 259.84 259.8942 258.84 258.84 258.84 254.3878 254.43 254.43 254.5915 251.45 251.45 251.45 240.7486 240.85 240.85 240.9806 238.44 238.44 238.44 243.9724 243.92 243.92 243.1895 257.4 242.933 243.07 254.0023 255.29 255.29 255.29 257.1 257.1 257.1 257.5742 257.63 257.63 257.4425 261.09 261.09 261.09 262.8077 263.01 263.01 262.9786 263.59 263.59 263.59 266.8643 267.25 267.25 266.7217 277 277 277 285.8337 285.75 285.75 284.9225 301.02 301.02 301.02 322.4731 325 325 325 353.8331
287.69 287.69 271.9105 272.06 272.06 262.2102 261.05 261.05 261.05 259.9675 259.84 259.84 259.8942 258.84 258.84 258.84 254.3878 254.43 254.43 254.5915 251.45 251.45 251.45 240.7486 240.85 240.85 240.9806 238.44 238.44 238.44 243.9724 243.92 243.92 243.1895 257.4 257.4 257.4 263.6997 263.64 263.64 263.64 270.38 270.38 270.38 278.9952 280.01 280.01 280.1189 278 278 278 276.7744 276.63 276.63 276.6473 276.31 276.31 276.31 276.7036 276.75 276.75 276.4823 281.69 281.69 281.69 295.4503 295.32 295.32 293.5752 327.52 327.52 327.52 423.4688 422.56 422.56 426.299 353.56
287.69 287.69 271.9105 272.06 272.06 262.2102 261.05 261.05 261.05 259.8284 259.84 259.84 259.8942 258.84 258.84 258.84 254.3878 254.43 254.43 254.5915 251.45 251.45 251.45 240.7486 240.85 240.85 240.9806 238.44 238.44 238.44 243.9724 243.92 243.92 243.1895 257.4 257.4 257.4 263.6997 263.64 263.64 263.2748 270.38 270.38 270.38 278.9952 280.01 280.01 280.1189 278 278 278 276.7744 276.63 276.63 276.6473 276.31 276.31 276.31 276.7036 276.75 276.75 276.4823 281.69 281.69 281.69 295.4503 295.32 295.32 293.5752 327.52 327.52 327.52 423.4688 422.56 422.56 420.2576 465.05
287.69 287.69 271.9105 272.06 272.06 262.2102 261.05 261.05 261.05 259.8284 259.84 259.84 258.9454 258.84 258.84 258.84 254.3878 254.43 254.43 254.5915 251.45 251.45 251.45 240.7486 240.85 240.85 240.9806 238.44 238.44 238.44 243.9724 243.92 243.92 243.1895 257.4 257.4 257.4 263.6997 263.64 263.64 263.2748 270.38 270.38 270.38 280.1021 280.01 280.01 280.1189 278 278 278 276.7744 276.63 276.63 276.6473 276.31 276.31 276.31 276.7036 276.75 276.75 276.4823 281.69 281.69 281.69 295.4503 295.32 295.32 293.5752 327.52 327.52 327.52 423.4688 422.56 422.56 420.2576 465.05
314.5 314.5 303.8289 303.93 303.93 294.6438 293.55 293.55 293.55 287.3715 287.43 287.43 274.5564 273.04 273.04 273.04 253.88 253.88 253.88 254.3433 251.5085 251.45 251.45 240.7486 240.85 240.85 240.9806 238.44 238.44 238.44 243.9724 243.92 243.92 243.1895 257.4 257.4 257.4 263.6997 263.64 263.64 263.2748 270.38 270.38 270.38 280.1021 280.01 280.01 278.2118 278 278 278 276.7744 276.63 276.63 276.6473 276.31 276.31 276.31 276.7036 276.75 276.75 276.4823 281.69 281.69 281.69 295.4503 295.32 295.32 293.5752 327.52 327.52 327.52 423.4688 422.56 422.56 420.2576 465.05
314.5 314.5 303.8289 303.93 303.93 294.6438 293.55 293.55 293.55 287.3715 287.43 287.43 274.5564 273.04 273.04 273.04 253.88 253.88 253.88 246.231 245.33 245.33 245.33 236.3954 236.48 236.48 235.9994 245.35 245.35 245.35 270.8213 270.58 270.58 270.2083 277.44 277.44 277.44 277.8842 277.88 277.88 277.4904 285.07 285.07 285.07 299.7289 299.59 299.59 305.1367 277.7343 278 278 276.6169 276.63 276.63 276.6473 276.31 276.31 276.31 276.7036 276.75 276.75 276.4823 281.69 281.69 281.69 295.4503 295.32 295.32 293.5752 327.52 327.52 327.52 423.4688 422.56 422.56 420.2576 465.05
314.5 314.5 303.8289 303.93 303.93 294.6438 293.55 293.55 293.55 287.3715 287.43 287.43 274.5564 273.04 273.04 273.04 253.88 253.88 253.88 246.231 245.33 245.33 245.8096 236.48 236.48 236.48 235.9994 245.35 245.35 245.35 270.8213 270.58 270.58 270.2083 277.44 277.44 277.44 277.8842 277.88 277.88 277.4904 285.07 285.07 285.07 299.7289 299.59 299.59 305.1367 305.79 305.79 305.79 309.3235 309.29 309.29 308.9948 308.96 308.96 308.96 303.3417 302.68 302.68 302.8935 298.74 298.74 298.74 315.2262 315.07 315.07 312.7692 357.53 357.53 357.53 504.805 503.41 503.41 492.2566 709.24
314.5 314.5 303.8289 303.93 303.93 294.6438 293.55 293.55 293.55 287.3715 287.43 287.43 274.5564 273.04 273.04 273.04 253.88 253.88 253.88 246.231 245.33 245.33 245.8096 236.48 236.48 236.48 244.4153 245.35 245.35 245.35 270.8213 270.58 270.58 270.2083 277.44 277.44 277.44 277.8842 277.88 277.88 277.4904 285.07 285.07 285.07 299.7289 299.59 299.59 305.1367 305.79 305.79 305.79 309.3235 309.29 309.29 308.9948 308.96 308.96 308.96 302.6199 302.68 302.68 302.8935 298.74 298.74 298.74 315.2262 315.07 315.07 312.7692 357.53 357.53 357.53 504.805 503.41 503.41 492.2566 709.24
295.66 295.66 305.3821 305.29 305.29 324.8197 293.229 293.55 293.55 287.3715 287.43 287.43 274.5564 273.04 273.04 273.04 253.88 253.88 253.88 246.231 245.33 245.33 245.8096 236.48 236.48 236.48 244.4153 245.35 245.35 243.9828 270.58 270.58 270.58 270.2083 277.44 277.44 277.44 277.8842 277.88 277.88 277.4904 285.07 285.07 285.07 299.7289 299.59 299.59 305.1367 305.79 305.79 305.79 309.3235 309.29 309.29 308.9948 308.96 308.96 308.96 302.6199 302.68 302.68 299.1552 298.74 298.74 298.74 315.2262 315.07 315.07 312.7692 357.53 357.53 357.53 504.805 503.41 503.41 492.2566 709.24
295.66 295.1382 305.29 305.29 305.29 324.8197 327.12 327.12 327.12 322.577 322.62 322.62 286.2625 281.98 281.98 281.98 252.03 252.03 252.03 244.8641 244.02 244.02 243.9642 245.05 245.05 245.05 263.5419 265.72 265.72 264.2624 292.62 292.62 272.9025 276.7171 277.44 277.44 277.44 277.8842 277.88 277.88 277.4904 285.07 285.07 285.07 299.7289 299.59 299.59 305.1367 305.79 305.79 305.79 309.3235 309.29 309.29 308.9948 308.96 308.96 308.96 302.6199 302.68 302.68 299.1552 298.74 298.74 298.74 315.07 315.07 315.07 312.7692 357.53 357.53 357.53 504.805 503.41 503.41 492.2566 709.24
295.66 295.1382 305.29 305.29 305.29 327.3287 327.12 327.12 327.12 322.577 322.62 322.62 286.2625 281.98 281.98 281.98 252.03 252.03 252.03 244.8641 244.02 244.02 243.9642 245.05 245.05 245.05 263.5419 265.72 265.72 264.2624 292.62 292.62 292.62 289.5336 289.17 289.17 289.1256 289.99 289.99 289.99 289.4774 299.45 299.45 299.45 305.4367 305.38 305.38 310.7567 311.39 311.39 311.39 323.6259 323.51 323.51 326.1044 326.41 326.41 326.41 322.5535 322.59 322.59 329.5278 298.74 298.74 298.74 315.07 315.07 315.07 353.0558 357.53 357.53 357.53 504.805 503.41 503.41 492.2566 709.24
295.66 295.1382 305.29 305.29 305.29 327.3287 327.12 327.12 327.3638 322.62 322.62 322.62 286.2625 281.98 281.98 281.98 252.03 252.03 252.03 244.8641 244.02 244.02 243.9642 245.05 245.05 245.05 263.5419 265.72 265.72 264.2624 292.62 292.62 292.62 289.5336 289.17 289.17 289.1256 289.99 289.99 289.99 298.4532 299.45 299.45 299.45 305.4367 305.38 305.38 310.7567 311.39 311.39 311.39 323.6259 323.51 323.51 326.1044 326.41 326.41 326.41 322.5535 322.59 322.59 327.913 328.54 328.54 328.54 335.74 335.74 335.74 372.7775 377.14 377.14 372.3834 464.92 464.92 464.92 458.2246 588.48
295.66 295.1382 305.29 305.29 305.29 327.3287 327.12 327.12 327.3638 322.62 322.62 322.62 281.5914 281.98 281.98 281.98 252.03 252.03 252.03 244.8641 244.02 244.02 243.9642 245.05 245.05 245.05 263.5419 265.72 265.72 264.2624 292.62 292.62 292.62 289.5336 289.17 289.17 289.1256 289.99 289.99 289.99 298.4532 299.45 299.45 299.1287 305.38 305.38 305.38 310.7567 311.39 311.39 311.39 323.6259 323.51 323.51 326.1044 326.41 326.41 326.41 322.5535 322.59 322.59 327.913 328.54 328.54 328.54 335.74 335.74 335.74 372.7775 377.14 377.14 372.3834 464.92 464.92 464.92 458.2246 588.48
282.06 282.0258 282.69 282.69 282.69 304.4057 304.2 304.2 304.3441 301.54 301.54 301.54 275.5942 275.84 275.84 277.3204 248.52 251.6601 252.03 244.8641 244.02 244.02 243.9642 245.05 245.05 245.05 263.5419 265.72 265.72 264.2624 292.62 292.62 292.62 289.5336 289.17 289.17 289.1256 289.99 289.99 289.99 298.4532 299.45 299.45 299.1287 305.38 305.38 305.38 311.4475 311.39 311.39 311.39 323.6259 323.51 323.51 326.1044 326.41 326.41 326.41 322.5535 322.59 322.59 327.913 328.54 328.54 328.54 335.74 335.74 335.74 372.7775 377.14 377.14 372.3834 464.92 464.92 464.92 575.4598 588.48
282.06 282.0258 282.69 282.69 282.69 304.4057 304.2 304.2 304.3441 301.54 301.54 301.54 275.5942 275.84 275.84 277.3204 248.52 248.52 248.52 242.4424 242.5 242.5 241.8514 254.47 254.47 254.47 275.0911 277.52 277.52 276.4677 296.94 296.94 296.94 302.6119 303.28 303.28 303.4014 301.04 301.04 301.04 315.515 317.22 317.22 317.0379 320.58 306.9817 305.38 311.4475 311.39 311.39 311.39 323.6259 323.51 323.51 326.1044 326.41 326.41 326.41 322.5535 322.59 322.59 327.913 328.54 328.54 328.54 335.74 335.74 335.74 372.7775 377.14 377.14 372.3834 464.92 464.92 464.92 575.4598 588.48
282.06 282.0258 282.69 282.69 282.69 304.4057 304.2 304.2 304.3441 301.54 301.54 301.54 275.5942 275.84 275.84 277.3204 248.52 248.52 248.52 242.4424 242.5 242.5 253.2087 254.47 254.47 254.47 275.0911 277.52 277.52 276.4677 296.94 296.94 296.94 302.6119 303.28 303.28 303.4014 301.04 301.04 301.04 315.515 317.22 317.22 317.0379 320.58 320.58 320.58 321.5593 321.55 321.55 321.0894 330.05 330.05 330.05 331.2756 331.42 331.42 331.42 340.1224 340.04 340.04 358.7377 360.94 360.94 360.94 360.08 360.08 360.08 405.6075 410.97 410.97 402.6723 564.1 564.1 564.1 736.6732 766.1317
282.06 282.0258 282.69 282.69 282.69 304.4057 304.2 304.2 304.3441 301.54 301.54 301.54 275.5942 275.84 275.84 277.3204 248.52 248.52 248.52 242.4424 242.5 242.5 253.2087 254.47 254.47 254.47 277.7404 277.52 277.52 276.4677 296.94 296.94 296.94 302.6119 303.28 303.28 303.4014 301.04 301.04 301.04 315.515 317.22 317.22 317.0379 320.58 320.58 320.58 321.5593 321.55 321.55 321.0894 330.05 330.05 330.05 331.4331 331.42 331.42 331.42 340.1224 340.04 340.04 358.7377 360.94 360.94 360.94 360.08 360.08 360.08 405.6075 410.97 410.97 402.6723 564.1 564.1 564.1 736.6732 757
282.06 282.6236 282.69 282.69 282.69 304.4057 304.2 304.2 304.3441 301.54 301.54 301.54 275.5942 275.84 275.84 277.3204 248.52 248.52 248.52 242.4424 242.5 242.5 253.2087 254.47 254.47 254.47 277.7404 277.52 277.52 294.8936 296.94 296.94 296.94 302.6119 303.28 303.28 303.4014 301.04 301.04 301.04 315.515 317.22 317.22 317.0379 320.58 320.58 320.58 321.5593 321.55 321.55 321.0894 330.05 330.05 330.05 331.4331 331.42 331.42 330.9529 340.04 340.04 340.04 358.7377 360.94 360.94 360.94 360.08 360.08 360.08 405.6075 410.97 410.97 402.6723 564.1 564.1 564.1 736.6732 757
269.3 271.1787 271.4 271.4 270.6527 285.19 285.19 285.19 285.4089 281.15 281.15 281.15 259.6766 259.88 259.88 260.6159 246.3 246.3 246.3 249.3489 249.6896 242.5 253.2087 254.47 254.47 254.47 277.7404 277.52 277.52 294.8936 296.94 296.94 296.94 302.6119 303.28 303.28 303.4014 301.04 301.04 301.04 315.515 317.22 317.22 317.0379 320.58 320.58 320.58 321.5593 321.55 321.55 321.0894 330.05 330.05 330.05 331.4331 331.42 331.42 330.9529 340.04 340.04 340.04 361.1399 360.94 360.94 360.94 360.08 360.08 360.08 405.6075 410.97 410.97 402.6723 564.1 564.1 564.1 736.6732 757
269.3 271.1787 271.4 271.4 270.6527 285.19 285.19 285.19 281.5757 281.15 281.15 281.15 259.6766 259.88 259.88 260.6159 246.3 246.3 246.3 249.3489 249.32 249.32 268.8497 271.15 271.15 271.15 284.7993 284.67 284.67 293.33 294.35 294.35 294.35 310.2102 310.06 310.06 321.046 322.34 322.34 322.34 324.8807 325.18 325.18 324.5124 337.5 337.5 337.5 352.0882 351.95 351.95 352.1359 348.52 348.52 348.52 343.3813 343.43 343.43 342.1295 367.43 340.04 340.04 361.1399 360.94 360.94 360.94 360.08 360.08 360.08 405.6075 410.97 410.97 402.6723 564.1 564.1 564.1 736.6732 757
269.3 271.1787 271.4 271.4 270.6527 285.19 285.19 285.19 281.5757 281.15 281.15 282.3026 259.88 259.88 259.88 260.6159 246.3 246.3 246.3 249.3489 249.32 249.32 268.8497 271.15 271.15 271.15 284.7993 284.67 284.67 293.33 294.35 294.35 294.35 310.2102 310.06 310.06 321.046 322.34 322.34 322.34 324.8807 325.18 325.18 324.5124 337.5 337.5 337.5 352.0882 351.95 351.95 352.1359 348.52 348.52 348.52 343.3813 343.43 343.43 342.1295 367.43 367.43 367.43 395.5564 395.29 395.29 396.5206 372.58 372.58 372.58 390.884 393.04 393.04 385.8851 525.08 525.08 525.08 742.608 768.23
269.3 271.1787 271.4 271.4 270.6527 285.19 285.19 285.19 281.5757 281.15 281.15 282.3026 259.88 259.88 259.88 247.731 246.3 246.3 246.3 249.3489 249.32 249.32 268.8497 271.15 271.15 271.15 284.7993 284.67 284.67 293.33 294.35 294.35 294.35 310.2102 310.06 310.06 321.046 322.34 322.34 322.34 325.2072 325.18 325.18 324.5124 337.5 337.5 337.5 352.0882 351.95 351.95 352.1359 348.52 348.52 348.52 343.3813 343.43 343.43 342.1295 367.43 367.43 367.43 395.5564 395.29 395.29 396.5206 372.58 372.58 372.58 393.2357 393.04 393.04 385.8851 525.08 525.08 525.08 742.608 768.23
262.39 263.9914 264.18 264.18 263.0621 284.81 285.15 285.19 281.5757 281.15 281.15 282.3026 259.88 259.88 259.88 247.731 246.3 246.3 246.3 249.3489 249.32 249.32 268.8497 271.15 271.15 271.15 284.7993 284.67 284.67 293.33 294.35 294.35 294.35 310.2102 310.06 310.06 321.046 322.34 322.34 322.34 325.2072 325.18 325.18 336.2018 337.5 337.5 337.5 352.0882 351.95 351.95 352.1359 348.52 348.52 348.52 343.3813 343.43 343.43 342.1295 367.43 367.43 367.43 395.5564 395.29 395.29 396.5206 372.58 372.58 372.58 393.2357 393.04 393.04 511.1663 525.08 525.08 525.08 742.608 768.23
262.39 263.9914 264.18 264.18 263.0621 284.81 284.81 284.81 290.4283 291.09 291.09 292.5211 264.68 264.68 264.68 254.3381 253.12 253.12 252.4123 266.18 266.18 266.18 289.4402 292.18 292.18 292.18 309.605 309.44 309.44 325.1138 326.96 326.96 326.96 309.8984 310.06 310.06 321.046 322.34 322.34 322.34 325.2072 325.18 325.18 336.2018 337.5 337.5 337.5 351.95 351.95 351.95 352.1359 348.52 348.52 348.52 343.3813 343.43 343.43 342.1295 367.43 367.43 367.43 395.5564 395.29 395.29 396.5206 372.58 372.58 372.58 393.2357 393.04 393.04 511.1663 525.08 525.08 525.08 742.608 768.23
262.39 263.9914 264.18 264.18 263.0621 284.81 284.81 284.81 290.4283 291.09 291.09 292.5211 264.68 264.68 264.68 254.3381 253.12 253.12 252.4123 266.18 266.18 266.18 292.4286 292.18 292.18 292.18 309.605 309.44 309.44 325.1138 326.96 326.96 326.96 339.5291 339.41 339.41 348.3026 349.35 349.35 349.35 366.5933 366.43 366.43 381.916 383.74 383.74 383.74 382.41 382.41 382.41 382.8511 374.27 374.27 374.27 379.0351 378.99 378.99 378.1365 394.74 394.74 394.74 397.6577 397.7568 395.29 396.5206 372.58 372.58 372.58 393.2357 393.04 393.04 511.1663 525.08 525.08 525.08 770.5551 768.23
262.39 264.1971 264.18 264.18 263.0621 284.81 284.81 284.81 290.4283 291.09 291.09 292.5211 264.68 264.68 264.68 254.3381 253.12 253.12 252.4123 266.18 266.18 266.18 292.4286 292.18 292.18 291.2447 309.44 309.44 309.44 325.1138 326.96 326.96 326.96 339.5291 339.41 339.41 348.3026 349.35 349.35 349.35 366.5933 366.43 366.43 381.916 383.74 383.74 383.74 382.41 382.41 382.41 375.1277 374.27 374.27 374.27 379.0351 378.99 378.99 378.1365 394.74 394.74 394.74 397.6577 397.63 397.63 399.0768 370.93 370.93 370.93 387.3354 387.18 387.18 520.8101 536.55 536.55 536.55 668.3787 667.13
262.39 264.1971 264.18 264.18 282.6361 284.81 284.81 284.81 290.4283 291.09 291.09 292.5211 264.68 264.68 264.68 254.3381 253.12 253.12 252.4123 266.18 266.18 266.18 292.4286 292.18 292.18 291.2447 309.44 309.44 309.44 327.1275 326.96 326.96 326.96 339.5291 339.41 339.41 348.3026 349.35 349.35 349.35 366.5933 366.43 366.43 381.916 383.74 383.74 383.74 382.41 382.41 382.41 375.1277 374.27 374.27 374.0142 378.99 378.99 378.99 378.1365 394.74 394.74 394.74 397.6577 397.63 397.63 399.0768 370.93 370.93 370.93 387.3354 387.18 387.18 520.8101 536.55 536.55 536.55 668.3787 667.13
258.45 267.4048 267.32 267.32 277.9571 279.21 279.21 279.21 281.7328 282.03 282.03 283.324 258.15 258.15 258.15 265.146 265.97 265.97 252.2894 266.18 266.18 266.18 292.4286 292.18 292.18 291.2447 309.44 309.44 309.44 327.1275 326.96 326.96 326.96 339.5291 339.41 339.41 348.3026 349.35 349.35 349.35 366.5933 366.43 366.43 381.916 383.74 383.74 383.74 382.41 382.41 382.41 375.1277 374.27 374.27 374.0142 378.99 378.99 378.99 393.0803 394.74 394.74 394.74 397.6577 397.63 397.63 399.0768 370.93 370.93 370.93 387.3354 387.18 387.18 520.8101 536.55 536.55 536.55 668.3787 667.13
