Model and model input files/precip_1994.asc
ncols         625
nrows         453
xllcorner     138621.56993419
yllcorner     4094031.9406744
cellsize      1000
NODATA_value  -9999
[rows 34 to 67 of 453, columns 154 to 230 of 625]
552.18 629.5561 638.67 638.67 638.67 784.5821 783.2 783.2 884.7399 896.7 896.7 896.7 715.9232 694.63 694.63 696.7184 656.09 656.09 656.09 628.9025 629.16 629.16 632.2519 572.1 572.1 572.1 564.0033 564.08 564.08 550.8821 807.64 807.64 807.64 862.7621 862.24 862.24 862.24 604.9933 607.43 607.43 514.1832 503.2 503.2 503.2 477.88 477.88 477.88 454.575 451.83 451.83 453.4388 422.14 422.14 422.14 541.6172 555.69 555.69 541.9101 809.99 809.99 809.99 1224.64 1273.48 1273.48 1273.48 1509.395 1507.16 1507.16 1231.454 -9999 -9999 -9999 -9999 -9999 -9999 -9999 -9999
538.2347 629.5561 638.67 638.67 638.67 784.5821 783.2 783.2 884.7399 896.7 896.7 896.7 715.9232 694.63 694.63 696.7184 656.09 656.09 656.09 628.9025 629.16 629.16 632.2519 572.1 572.1 572.1 564.0033 564.08 564.08 550.8821 807.64 807.64 807.64 862.7621 862.24 862.24 876.0475 607.43 607.43 607.43 514.1832 503.2 503.2 503.2 477.88 477.88 477.88 454.575 451.83 451.83 453.4388 422.14 422.14 422.14 541.6172 555.69 555.69 541.9101 809.99 809.99 809.99 1224.64 1273.48 1273.48 1273.48 1509.395 1507.16 1507.16 1231.454 -9999 -9999 -9999 -9999 -9999 -9999 -9999 -9999
419.84 452.3059 456.13 456.13 456.13 516.1686 515.6 515.6 530.4418 532.19 532.19 532.19 510.6459 510.85 510.85 511.2017 504.36 504.36 504.36 523.0067 522.83 522.83 517.428 622.52 622.52 622.52 624.9429 624.92 624.92 619.7971 719.46 719.46 719.46 656.322 656.92 656.92 662.1848 559.76 607.43 607.43 514.1832 503.2 503.2 503.2 477.88 477.88 477.88 454.575 451.83 451.83 453.4388 422.14 422.14 422.14 541.6172 555.69 555.69 541.9101 809.99 809.99 809.99 1224.64 1273.48 1273.48 1260.817 1507.16 1507.16 1507.16 1231.454 -9999 -9999 -9999 -9999 -9999 -9999 -9999 -9999
419.84 452.3059 456.13 456.13 456.13 516.1686 515.6 515.6 530.4418 532.19 532.19 532.19 510.6459 510.85 510.85 511.2017 504.36 504.36 504.36 523.0067 522.83 522.83 517.428 622.52 622.52 622.52 624.9429 624.92 624.92 619.7971 719.46 719.46 719.46 656.322 656.92 656.92 662.1848 559.76 559.76 559.76 427.4669 428.72 428.72 428.72 387.83 387.83 387.83 425.44 429.87 429.87 425.4293 511.82 511.82 511.82 793.2959 826.45 826.45 801.4121 1288.51 1288.51 1288.51 1460.761 1481.05 1481.05 1479.53 1509.11 1509.11 1509.11 1151.493 -9999 -9999 -9999 -9999 -9999 -9999 -9999 -9999
419.84 452.3059 456.13 456.13 456.13 516.1686 515.6 515.6 530.4418 532.19 532.19 532.19 510.6459 510.85 510.85 505.0439 504.36 504.36 504.36 523.0067 522.83 522.83 517.428 622.52 622.52 622.52 624.9429 624.92 624.92 619.7971 719.46 719.46 719.46 656.322 656.92 656.92 662.1848 559.76 559.76 559.76 427.4669 428.72 428.72 428.72 387.83 387.83 387.83 425.44 429.87 429.87 425.4293 511.82 511.82 511.82 793.2959 826.45 826.45 801.4121 1288.51 1288.51 1288.51 1460.761 1481.05 1481.05 1479.53 1509.11 1509.11 1509.11 1105.547 -9999 -9999 -9999 -9999 -9999 -9999 -9999 -9999
419.84 452.3059 456.13 456.13 456.13 516.1686 515.6 515.6 530.4418 532.19 532.19 532.19 510.6459 510.85 510.85 505.0439 504.36 504.36 504.36 522.83 522.83 522.83 517.428 622.52 622.52 622.52 624.9429 624.92 624.92 619.7971 719.46 719.46 719.46 656.322 656.92 656.92 662.1848 559.76 559.76 559.76 427.4669 428.72 428.72 430.9357 387.83 387.83 387.83 425.44 429.87 429.87 425.4293 511.82 511.82 511.82 793.2959 826.45 826.45 801.4121 1288.51 1288.51 1288.51 1460.761 1481.05 1481.05 1479.53 1509.11 1509.11 1509.11 1105.547 -9999 -9999 -9999 -9999 -9999 -9999 -9999 -9999
344.02 385.1638 390.01 390.01 390.01 407.0918 406.93 406.93 436.56 440.05 440.05 440.05 437.829 437.85 437.85 452.1729 499.0385 504.36 504.36 522.83 522.83 522.83 517.428 622.52 622.52 622.52 624.9429 624.92 624.92 619.7971 719.46 719.46 719.46 656.322 656.92 656.92 662.1848 559.76 559.76 559.76 427.4669 428.72 428.72 430.9357 387.83 387.83 387.83 425.44 429.87 429.87 425.4293 511.82 511.82 511.82 793.2959 826.45 826.45 801.4121 1288.51 1288.51 1288.51 1460.761 1481.05 1481.05 1479.53 1509.11 1509.11 1509.11 1105.547 -9999 -9999 -9999 -9999 -9999 -9999 -9999 -9999
344.02 385.1638 390.01 390.01 390.01 407.0918 406.93 406.93 436.56 440.05 440.05 440.05 437.829 437.85 437.85 452.1729 453.86 453.86 453.86 487.46 487.46 487.46 550.7278 558.18 558.18 558.18 697.9539 696.63 696.63 695.4081 719.18 719.18 719.18 501.9323 503.99 503.99 505.7879 470.81 470.81 470.81 417.5253 418.03 418.03 415.6084 462.72 462.72 462.72 492.4011 492.12 492.12 482.5575 668.59 668.59 668.59 1053.484 1098.82 1098.82 1088.541 1288.51 1288.51 1288.51 1460.761 1481.05 1481.05 1479.53 1509.11 1509.11 1509.11 1105.547 -9999 -9999 -9999 -9999 -9999 -9999 -9999 -9999
344.02 385.1638 390.01 390.01 390.01 407.0918 406.93 406.93 436.56 440.05 440.05 440.05 437.829 437.85 437.85 452.1729 453.86 453.86 453.86 487.46 487.46 487.46 550.7278 558.18 558.18 558.18 697.9539 696.63 696.63 695.4081 719.18 719.18 719.18 501.9323 503.99 503.99 505.7879 470.81 470.81 470.81 417.5253 418.03 418.03 415.6084 462.72 462.72 462.72 492.4011 492.12 492.12 482.5575 668.59 668.59 668.59 1053.484 1098.82 1098.82 1075.603 1527.28 1527.28 1527.28 1662.511 1678.44 1678.44 1685.503 1548.09 1548.09 1548.09 1183.83 -9999 -9999 -9999 -9999 -9999 -9999 -9999 -9999
344.02 390.4498 390.01 390.01 390.01 407.0918 406.93 406.93 436.56 440.05 440.05 440.05 437.829 437.85 437.85 452.1729 453.86 453.86 453.86 487.46 487.46 487.46 550.7278 558.18 558.18 550.6777 696.63 696.63 696.63 695.4081 719.18 719.18 719.18 501.9323 503.99 503.99 505.7879 470.81 470.81 470.81 417.5253 418.03 418.03 415.6084 462.72 462.72 462.72 492.4011 492.12 492.12 649.9945 668.59 668.59 668.59 1053.484 1098.82 1098.82 1075.603 1527.28 1527.28 1527.28 1662.511 1678.44 1678.44 1685.503 1548.09 1548.09 1548.09 1183.83 -9999 -9999 -9999 -9999 -9999 -9999 -9999 -9999
344.02 390.4498 390.01 390.01 389.0932 406.93 406.93 406.93 436.56 440.05 440.05 440.05 437.829 437.85 437.85 452.1729 453.86 453.86 453.86 487.46 487.46 487.46 550.7278 558.18 558.18 550.6777 696.63 696.63 696.63 695.4081 719.18 719.18 719.18 501.9323 503.99 503.99 505.7879 470.81 470.81 470.81 417.5253 418.03 418.03 415.6084 462.72 462.72 462.72 492.4011 492.12 492.12 649.9945 668.59 668.59 668.59 1053.484 1098.82 1098.82 1075.603 1527.28 1527.28 1527.28 1662.511 1678.44 1678.44 1685.503 1548.09 1548.09 1548.09 1183.83 -9999 -9999 -9999 -9999 -9999 -9999 -9999 -9999
304.51 345.7809 345.39 345.39 343.6246 377.97 377.97 377.97 389.5643 390.93 390.93 390.93 395.9576 395.91 395.91 403.7917 404.72 404.72 404.72 443.06 443.06 443.06 482.7008 487.37 487.37 481.9702 587.02 587.02 587.02 539.9627 534.42 534.42 534.42 430.213 504.686 503.99 505.7879 470.81 470.81 470.81 417.5253 418.03 418.03 415.6084 462.72 462.72 462.72 492.4011 492.12 492.12 649.9945 668.59 668.59 668.59 1102.934 1098.82 1098.82 1075.603 1527.28 1527.28 1527.28 1662.511 1678.44 1678.44 1685.503 1548.09 1548.09 1548.09 1183.83 -9999 -9999 -9999 -9999 -9999 -9999 -9999 -9999
304.51 345.7809 345.39 345.39 343.6246 377.97 377.97 377.97 391.0539 390.93 390.93 390.93 395.9576 395.91 395.91 403.7917 404.72 404.72 404.72 443.06 443.06 443.06 482.7008 487.37 487.37 481.9702 587.02 587.02 587.02 539.9627 534.42 534.42 534.42 430.213 431.2 431.2 431.5869 424.06 424.06 424.06 405.5143 405.69 405.69 402.8869 457.42 457.42 457.42 512.1686 511.65 511.65 711.2229 734.73 734.73 734.73 1026.14 1023.38 1023.38 1004.349 1374.59 1374.59 1374.59 1551.994 1572.89 1572.89 1577.076 1495.64 1495.64 1495.64 1040.802 -9999 -9999 -9999 -9999 -9999 -9999 -9999 -9999
304.51 345.7809 345.39 345.39 343.6246 377.97 377.97 377.97 391.0539 390.93 390.93 390.93 395.9576 395.91 395.91 403.7917 404.72 404.72 404.72 443.06 443.06 443.06 482.7008 487.37 487.37 481.9702 587.02 587.02 587.02 539.9627 534.42 534.42 540.0132 431.2 431.2 431.2 431.5869 424.06 424.06 424.06 405.5143 405.69 405.69 402.8869 457.42 457.42 457.42 512.1686 511.65 511.65 711.2229 734.73 734.73 734.73 1026.14 1023.38 1023.38 1337.581 1374.59 1374.59 1374.59 1551.994 1572.89 1572.89 1577.076 1495.64 1495.64 1495.64 1040.802 -9999 -9999 -9999 -9999 -9999 -9999 -9999 -9999
304.51 345.7809 345.39 345.39 343.6246 377.97 377.97 377.97 391.0539 390.93 390.93 390.6601 395.91 395.91 395.91 403.7917 404.72 404.72 404.72 443.06 443.06 443.06 482.7008 487.37 487.37 481.9702 587.02 587.02 587.02 539.9627 534.42 534.42 540.0132 431.2 431.2 431.2 431.5869 424.06 424.06 424.06 405.5143 405.69 405.69 402.8869 457.42 457.42 457.42 512.1686 511.65 511.65 711.2229 734.73 734.73 734.73 1026.14 1023.38 1023.38 1337.581 1374.59 1374.59 1374.59 1551.994 1572.89 1572.89 1577.076 1495.64 1495.64 1495.64 1040.802 -9999 -9999 -9999 -9999 -9999 -9999 -9999 -9999
304.83 345.7779 345.39 345.39 343.6246 377.97 377.97 377.97 391.0539 390.93 390.93 390.6601 395.91 395.91 395.91 403.7917 404.72 404.72 404.72 443.06 443.06 443.06 482.7008 487.37 487.37 481.9702 587.02 587.02 587.02 539.9627 534.42 534.42 540.0132 431.2 431.2 431.2 424.8124 424.06 424.06 424.06 405.5143 405.69 405.69 402.8869 457.42 457.42 457.42 512.1686 511.65 511.65 711.2229 734.73 734.73 734.73 1026.14 1023.38 1023.38 1337.581 1374.59 1374.59 1374.59 1551.994 1572.89 1572.89 1577.076 1495.64 1495.64 1495.64 1040.802 -9999 -9999 -9999 -9999 -9999 -9999 -9999 -9999
304.83 336.5807 336.28 336.28 335.885 343.57 343.57 343.57 377.0471 376.73 376.73 375.8489 392.99 392.99 392.99 419.5011 419.25 419.25 419.25 430.81 430.81 430.81 485.8384 492.32 492.32 487.2134 586.56 586.56 586.56 534.5823 528.46 528.46 532.1052 461.19 461.19 461.19 437.2051 434.38 434.38 434.38 435.5713 435.56 435.56 436.3761 420.5 420.5 420.5 501.689 500.92 500.92 731.6348 758.81 758.81 760.1148 1026.14 1023.38 1023.38 1337.581 1374.59 1374.59 1374.59 1574.786 1572.89 1572.89 1577.076 1495.64 1495.64 1495.64 1040.802 -9999 -9999 -9999 -9999 -9999 -9999 -9999 -9999
304.83 336.5807 336.28 336.28 335.885 343.57 343.57 343.57 377.0471 376.73 376.73 375.8489 392.99 392.99 392.99 419.5011 419.25 419.25 419.25 430.81 430.81 430.81 485.8384 492.32 492.32 487.2134 586.56 586.56 586.56 534.5823 528.46 528.46 532.1052 461.19 461.19 461.19 437.2051 434.38 434.38 434.3161 435.56 435.56 435.56 436.3761 420.5 420.5 420.5 501.689 500.92 500.92 731.6348 758.81 758.81 758.81 1076.227 1073.22 1073.22 1275.844 1299.71 1299.71 1299.71 1432.619 1431.36 1431.36 1450.887 1071 1071 1071 694.9077 -9999 -9999 -9999 -9999 -9999 -9999 -9999 -9999
304.83 336.5807 336.28 336.28 335.885 343.57 343.57 343.57 377.0471 376.73 376.73 375.8489 392.99 392.99 392.99 419.5011 419.25 419.25 418.6236 430.81 430.81 430.81 485.8384 492.32 492.32 487.2134 586.56 586.56 586.56 534.5823 528.46 528.46 532.1052 461.19 461.19 461.19 437.2051 434.38 434.38 434.3161 435.56 435.56 435.56 436.3761 420.5 420.5 420.5 501.689 500.92 500.92 731.6348 758.81 758.81 758.81 1076.227 1073.22 1073.22 1275.844 1299.71 1299.71 1299.71 1432.619 1431.36 1431.36 1108.973 1071 1071 1071 694.9077 -9999 -9999 -9999 -9999 -9999 -9999 -9999 -9999
304.83 336.5807 336.28 336.28 335.885 343.57 343.57 343.57 377.0471 376.73 376.73 375.8489 392.99 392.99 392.99 419.5011 419.25 419.25 418.6236 430.81 430.81 430.81 485.8384 492.32 492.32 487.2134 586.56 586.56 586.56 534.5823 528.46 528.46 532.1052 461.19 461.19 461.19 437.2051 434.38 434.38 434.3161 435.56 435.56 435.56 422.0869 420.5 420.5 420.5 501.689 500.92 500.92 731.6348 758.81 758.81 758.81 1076.227 1073.22 1073.22 1275.844 1299.71 1299.71 1299.71 1432.619 1431.36 1431.36 1108.973 1071 1071 1071 694.9077 -9999 -9999 -9999 -9999 -9999 -9999 -9999 -9999
293.36 299.76 299.76 299.76 297.8374 335.24 335.24 335.24 389.2718 388.76 388.76 387.744 407.51 407.51 407.51 407.5403 407.54 406.9055 418.6236 430.81 430.81 430.81 492.9082 492.32 492.32 487.2134 586.56 586.56 586.56 534.5823 528.46 528.46 532.1052 461.19 461.19 461.19 437.2051 434.38 434.38 434.3161 435.56 435.56 435.56 422.0869 420.5 420.5 420.5 501.689 500.92 500.92 731.6348 758.81 758.81 758.81 1076.227 1073.22 1073.22 1275.844 1299.71 1299.71 1299.71 1432.619 1431.36 1431.36 1108.973 1071 1071 1071 694.9077 -9999 -9999 -9999 -9999 -9999 -9999 -9999 -9999
293.36 299.76 299.76 299.76 297.8374 335.24 335.24 335.24 389.2718 388.76 388.76 387.744 407.51 407.51 407.51 407.5403 407.54 407.54 408.5566 388.78 388.78 388.78 428.8899 428.51 428.51 424.8876 495.36 495.36 495.36 518.6829 521.43 521.43 522.0087 510.75 510.75 510.75 448.5288 441.2 441.2 441.9164 427.98 427.98 427.98 414.6232 413.05 413.05 413.05 450.5653 450.21 450.21 566.9586 580.71 580.71 580.71 765.682 763.93 763.93 1030.358 1061.74 1274.634 1299.71 1432.619 1431.36 1431.36 1108.973 1071 1071 1071 698.47 -9999 -9999 -9999 -9999 -9999 -9999 -9999 -9999
293.36 299.76 299.76 299.76 331.5013 335.24 335.24 335.24 389.2718 388.76 388.76 387.744 407.51 407.51 407.51 407.5403 407.54 407.54 408.5566 388.78 388.78 388.78 428.8899 428.51 428.51 488.3157 495.36 495.36 495.36 518.6829 521.43 521.43 522.0087 510.75 510.75 510.75 448.5288 441.2 441.2 441.9164 427.98 427.98 427.98 414.6232 413.05 413.05 411.0364 450.21 450.21 450.21 566.9586 580.71 580.71 580.71 765.682 763.93 763.93 1030.358 1061.74 1061.74 1061.74 1306.821 1304.5 1304.5 1195.83 1183.03 1183.03 1183.03 700.64 -9999 -9999 -9999 -9999 -9999 -9999 -9999 -9999
293.36 299.76 299.76 299.76 331.5013 335.24 335.24 335.24 389.2718 388.76 388.76 387.744 407.51 407.51 407.51 407.5403 407.54 407.54 408.5566 388.78 388.78 388.78 428.8899 428.51 428.51 488.3157 495.36 495.36 495.36 518.6829 521.43 521.43 522.0087 510.75 510.75 510.75 448.5288 441.2 441.2 441.9164 427.98 427.98 427.98 414.6232 413.05 413.05 411.0364 450.21 450.21 450.21 566.9586 580.71 580.71 580.71 765.682 763.93 763.93 1030.358 1061.74 1061.74 1061.74 1306.821 1304.5 1304.5 1195.83 1183.03 1183.03 1183.03 700.64 -9999 -9999 -9999 -9999 -9999 -9999 -9999 -9999
293.36 299.76 299.76 299.76 331.5013 335.24 335.24 332.3399 388.76 388.76 388.76 387.744 407.51 407.51 407.51 407.5403 407.54 407.54 408.5566 388.78 388.78 388.78 428.8899 428.51 428.51 488.3157 495.36 495.36 495.36 521.6793 521.43 521.43 522.0087 510.75 510.75 510.75 448.5288 441.2 441.2 441.9164 427.98 427.98 427.98 414.6232 413.05 413.05 411.0364 450.21 450.21 450.21 581.9579 580.71 580.71 580.71 765.682 763.93 763.93 1030.358 1061.74 1061.74 1061.74 1306.821 1304.5 1304.5 1195.83 1183.03 1183.03 1183.03 700.64 -9999 -9999 -9999 -9999 -9999 -9999 -9999 -9999
285.11 288.74 288.74 288.74 292.2559 292.67 292.67 291.4356 315.45 315.45 315.45 314.363 335.51 335.51 335.51 320.6089 320.75 320.75 320.6985 321.7 321.7 321.7 352.5724 352.28 352.28 393.6654 398.54 398.54 398.54 419.6701 419.47 419.47 419.4012 420.74 420.74 501.2652 448.5288 441.2 441.2 441.9164 427.98 427.98 427.98 414.6232 413.05 413.05 411.0364 450.21 450.21 450.21 581.9579 580.71 580.71 580.71 765.682 763.93 763.93 1030.358 1061.74 1061.74 1061.74 1306.821 1304.5 1304.5 1195.83 1183.03 1183.03 1183.03 700.64 -9999 -9999 -9999 -9999 -9999 -9999 -9999 -9999
285.11 288.74 288.74 288.74 292.2559 292.67 292.67 291.4356 315.45 315.45 315.45 333.3962 335.51 335.51 335.51 320.6089 320.75 320.75 320.6985 321.7 321.7 321.7 352.5724 352.28 352.28 393.6654 398.54 398.54 398.54 419.6701 419.47 419.47 420.6062 420.74 420.74 420.74 413.744 412.92 412.92 413.6906 398.7 398.7 398.7 408.8987 410.1 410.1 409.2948 424.96 424.96 424.96 463.0912 462.73 462.73 462.73 625.8551 624.31 624.31 957.7457 997.02 997.02 997.02 1271.995 1269.39 1269.39 1292.212 1294.9 1294.9 1294.9 813.39 -9999 -9999 -9999 -9999 -9999 -9999 -9999 -9999
285.11 288.74 288.74 288.74 292.2559 292.67 292.67 291.4356 315.45 315.45 315.45 333.3962 335.51 335.51 335.51 320.6089 320.75 320.75 320.6985 321.7 321.7 321.7 352.5724 352.28 352.28 393.6654 398.54 398.54 398.54 419.6701 419.47 419.47 420.6062 420.74 420.74 420.74 413.744 412.92 412.92 413.6906 398.7 398.7 398.7 408.8987 410.1 410.1 409.2948 424.96 424.96 424.96 463.0912 462.73 462.73 453.9744 624.31 624.31 624.31 957.7457 997.02 997.02 997.02 1271.995 1269.39 1269.39 1292.212 1294.9 1294.9 1294.9 813.39 -9999 -9999 -9999 -9999 -9999 -9999 -9999 -9999
285.11 288.74 288.74 288.74 292.2559 292.67 292.67 291.4356 315.45 315.45 315.45 333.3962 335.51 335.51 336.3098 320.75 320.75 320.75 320.6985 321.7 321.7 321.7 352.5724 352.28 352.28 393.6654 398.54 398.54 398.54 419.6701 419.47 419.47 420.6062 420.74 420.74 420.74 412.8452 412.92 412.92 413.6906 398.7 398.7 398.7 408.8987 410.1 410.1 409.2948 424.96 424.96 424.96 463.0912 462.73 462.73 453.9744 624.31 624.31 624.31 957.7457 997.02 997.02 997.02 1271.995 1269.39 1269.39 1292.212 1294.9 1294.9 1294.9 813.39 -9999 -9999 -9999 -9999 -9999 -9999 -9999 -9999
372.37 347.28 347.28 347.28 342.9679 342.46 342.46 343.3313 326.38 326.38 326.38 327.212 327.31 327.31 336.3882 320.75 320.75 320.75 320.6985 321.7 321.7 321.7 352.5724 352.28 352.28 393.6654 398.54 398.54 398.54 419.6701 419.47 419.47 420.6062 420.74 420.74 420.74 412.8452 412.92 412.92 413.6906 398.7 398.7 398.7 408.8987 410.1 410.1 409.2948 424.96 424.96 424.96 463.0912 462.73 462.73 453.9744 624.31 624.31 624.31 1000.584 997.02 997.02 997.02 1271.995 1269.39 1269.39 1292.212 1294.9 1294.9 1294.9 813.39 -9999 -9999 -9999 -9999 -9999 -9999 -9999 -9999
372.37 347.28 347.28 347.28 342.9679 342.46 342.46 343.3313 326.38 326.38 326.38 327.212 327.31 327.31 327.3425 326.71 326.71 326.71 337.5707 338.85 338.85 338.85 353.0949 352.96 352.96 356.2612 356.65 356.65 356.65 366.6346 366.54 366.54 373.0529 373.82 373.82 373.82 394.7987 394.6 394.6 393.1597 421.18 421.18 421.18 453.2791 457.06 457.06 451.9561 551.25 551.25 551.25 475.3208 476.04 476.04 472.8348 535.19 614.919 624.31 1000.584 997.02 997.02 997.02 1271.995 1269.39 1269.39 1292.212 1294.9 1294.9 1294.9 813.39 -9999 -9999 -9999 -9999 -9999 -9999 -9999 -9999
373.7296 347.28 347.28 347.28 342.9679 342.46 342.46 343.3313 326.38 326.38 326.38 327.212 327.31 327.31 327.3425 326.71 326.71 326.71 337.5707 338.85 338.85 338.85 353.0949 352.96 352.96 356.2612 356.65 356.65 356.65 366.6346 366.54 366.54 373.0529 373.82 373.82 373.82 394.7987 394.6 394.6 418.3791 421.18 421.18 421.18 453.2791 457.06 457.06 451.9561 551.25 551.25 551.25 475.3208 476.04 476.04 472.8348 535.19 535.19 535.19 1069.501 1064.44 1064.44 1064.44 1366.653 1363.79 1363.79 1335.94 1332.66 1332.66 1332.66 922.83 -9999 -9999 -9999 -9999 -9999 -9999 -9999 -9999
373.7296 347.28 347.28 347.28 342.9679 342.46 342.46 343.3313 326.38 326.38 326.38 327.212 327.31 327.31 327.3425 326.71 326.71 326.71 337.5707 338.85 338.85 338.85 353.0949 352.96 352.96 356.2612 356.65 356.65 356.65 366.6346 366.54 366.54 373.0529 373.82 373.82 373.82 394.7987 394.6 394.6 418.3791 421.18 421.18 421.18 453.2791 457.06 457.06 451.9561 551.25 551.25 551.25 475.3208 476.04 476.04 472.8348 535.19 535.19 535.19 1069.501 1064.44 1064.44 1048.219 1363.79 1363.79 1363.79 1335.94 1332.66 1332.66 1332.66 922.83 -9999 -9999 -9999 -9999 -9999 -9999 -9999 -9999
373.7296 347.28 347.28 347.28 342.9679 342.46 342.46 343.3313 326.38 326.38 326.38 327.212 327.31 327.31 327.3425 326.71 326.71 326.71 337.5707 338.85 338.85 338.0854 352.96 352.96 352.96 356.2612 356.65 356.65 356.65 366.6346 366.54 366.54 373.0529 373.82 373.82 373.82 394.7987 394.6 394.6 418.3791 421.18 421.18 421.18 453.2791 457.06 457.06 451.9561 551.25 551.25 551.25 475.3208 476.04 476.04 472.8348 535.19 535.19 535.19 1069.501 1064.44 1064.44 1048.219 1363.79 1363.79 1363.79 1335.94 1332.66 1332.66 1332.66 922.83 -9999 -9999 -9999 -9999 -9999 -9999 -9999 -9999
