Model and model input files/precip_30yr_avg.asc
ncols         625
nrows         453
xllcorner     138621.56993419
yllcorner     4094031.9406744
cellsize      1000
NODATA_value  -9999
[rows 34 to 67 of 453, columns 154 to 230 of 625]
700.4103 710.3227 710.9238 715.1158 740.3711 762.7693 790.3171 865.3944 945.3428 972.9461 982.7048 918.4973 807.7486 771.8729 722.8594 716.81 749.447 776.3201 792.068 782.457 753.352 738.7882 736.1552 713.8123 700.8154 680.8109 672.2339 674.8945 714.1473 762.2266 819.8261 917.3615 1010.241 1084.74 1078.555 987.9658 913.678 831.0428 775.9194 724.3134 685.9442 657.7343 650.4005 658.3073 662.1636 633.567 613.0221 594.375 597.0145 593.0374 559.8967 533.3748 526.0567 533.2048 599.6859 653.5872 739.4904 801.4197 848.9092 988.2134 1057.657 1238.32 1357.233 1559.912 1678.909 1714.86 1692.401 1583.673 1499.999 -9999 -9999 -9999 -9999 -9999 -9999 -9999 -9999
666.566 665.9695 660.796 661.0961 689.9164 721.6976 751.9727 781.7186 790.3301 801.9686 811.5916 804.0511 783.1505 729.2763 694.6595 691.184 727.6371 754.6711 759.644 739.1025 716.8905 706.1979 704.2671 700.3941 689.838 680.8542 675.826 677.9325 707.0728 743.6102 819.8544 865.0982 915.9893 996.2162 1031.226 953.7844 876.6698 835.7493 784.6891 730.3316 680.6609 633.1993 598.1936 603.4901 606.3578 586.5549 571.2403 554.5867 550.1133 544.718 530.1636 522.8936 535.7438 560.4117 633.9628 689.8766 763.1629 842.2147 1009.382 1139.483 1197.395 1282.562 1366.317 1575.689 1713.455 1750.68 1744.873 1637.097 1516.852 -9999 -9999 -9999 -9999 -9999 -9999 -9999 -9999
605.3857 629.8247 619.1509 622.837 665.4047 695.4527 719.3816 730.2545 735.6013 749.5401 765.8658 773.1233 750.5331 710.5214 677.0222 673.0851 706.6141 719.8458 719.4106 700.923 690.9165 693.1153 696.0344 708.7449 708.5438 708.5041 702.2957 702.6246 714.4538 742.7384 805.5865 836.0596 882.1958 912.6304 928.5438 888.9752 845.6243 806.6889 768.6103 707.3313 659.2044 609.6894 558.4788 551.6528 546.7451 532.0043 522.5726 514.3793 515.6232 518.462 522.245 535.6708 565.6166 604.7708 698.8696 739.6501 807.3254 898.8866 1128.656 1262.564 1315.348 1321.573 1365.383 1549.858 1731.998 1763.677 1716.952 1638.641 1537.017 -9999 -9999 -9999 -9999 -9999 -9999 -9999 -9999
566.1229 569.4068 583.9557 592.9624 649.259 677.7559 691.5236 689.1044 686.6096 698.8267 713.6815 730.8489 719.2805 685.1027 663.6005 663.8947 679.8583 689.2571 673.2873 666.3187 672.0836 692.3109 715.9432 744.0525 751.4627 755.7036 751.0828 735.7311 740.0786 762.7293 823.6501 853.3215 887.2545 885.5093 879.1987 837.9587 817.3036 794.3776 738.6193 675.9214 624.0194 588.4547 536.4974 520.3875 505.1818 492.119 492.2328 499.7165 508.5774 525.6557 534.8209 562.975 613.1853 643.2308 777.4182 841.1967 899.3297 1018.337 1227.441 1342.332 1394.71 1375.482 1383.942 1534.412 1707.464 1714.372 1667.709 1598.898 1515.091 -9999 -9999 -9999 -9999 -9999 -9999 -9999 -9999
532.36 548.5862 559.1225 574.9346 637.1088 657.571 665.3466 657.2184 648.118 653.5663 665.751 688.049 682.9354 658.8508 638.3155 650.9985 659.1938 660.5632 646.4172 644.0067 662.8697 703.0693 731.8661 789.3387 807.5534 807.8319 796.8742 785.5867 786.6375 809.1673 887.3467 907.7265 914.7934 880.45 840.3795 794.9269 778.9519 773.8159 725.5004 653.8943 606.3246 576.2829 529.7047 511.2903 495.4301 486.8196 502.7018 521.4069 538.0118 561.4191 572.0104 600.527 646.7376 697.2319 847.2139 940.856 1031.568 1162.787 1329.183 1424.118 1473.059 1456.745 1446.209 1549.181 1680.84 1707.648 1652.125 1590.34 1441.112 -9999 -9999 -9999 -9999 -9999 -9999 -9999 -9999
509.8181 526.6886 546.3455 571.6761 607.9761 628.2162 635.8378 627.5016 616.2622 620.5464 632.4454 648.81 643.5921 632.7648 620.116 630.1717 641.3242 644.5544 635.8616 635.6302 655.9539 700.1042 737.7024 820.0901 863.179 871.99 837.3398 822.5975 837.3491 890.9041 950.5425 962.0024 953.6367 892.9976 795.5117 753.1688 742.2733 739.4159 711.0245 646.7435 602.3849 574.9905 529.6548 511.1589 501.4718 502.2499 545.9872 577.8481 601.5535 614.1544 619.5461 637.2423 676.085 721.3225 886.861 991.7949 1095.418 1239.441 1421.567 1500.569 1559.409 1597.805 1583.382 1638.643 1710.858 1689.872 1665.205 1572.385 1424.328 -9999 -9999 -9999 -9999 -9999 -9999 -9999 -9999
502.4681 511.7218 526.2662 552.4516 565.5749 576.4581 581.2487 576.8857 575.9971 590.3596 615.2418 632.5854 624.5728 613.1864 602.1995 608.4561 627.4566 630.4014 629.7006 633.0368 649.6057 678.5894 721.772 812.2917 858.4168 869.167 843.073 856.8086 917.6255 951.9215 1006.343 1024.242 975.0311 896.0571 763.9306 711.5698 703.9254 717.7457 694.0433 637.8352 601.4897 575.5203 527.4571 517.6772 511.1984 524.8295 591.0864 629.8242 657.1582 648.8807 645.7314 660.6752 697.8383 744.3076 889.2451 961.4493 1106.974 1238.277 1467.188 1561.577 1635.003 1724.535 1719.2 1743.089 1724.63 1713.175 1710.119 1593.223 1425.61 -9999 -9999 -9999 -9999 -9999 -9999 -9999 -9999
489.2211 501.6969 515.2062 530.195 538.4712 545.6759 547.1613 547.9619 559.3736 573.4386 600.4944 617.4233 605.4115 574.8389 571.0131 587.5792 606.7128 626.3022 632.9509 635.6565 641.569 661.5704 733.6546 778.6678 809.5233 823.7198 819.1565 860.4296 941.8817 977.8906 1006.108 979.1386 947.4029 848.9014 727.9546 676.9638 676.3435 702.7959 685.3333 628.4062 593.1854 568.879 530.0127 520.1776 517.8253 539.4028 630.4994 672.0544 684.1561 663.4179 653.4119 675.2657 722.3047 793.0682 948.4633 1022.929 1122.938 1194.925 1481.226 1611.774 1687.02 1795.261 1798.111 1794.491 1741.214 1710.047 1694.518 1606.274 1448.344 -9999 -9999 -9999 -9999 -9999 -9999 -9999 -9999
466.4761 487.2757 510.3261 516.7415 520.5938 520.822 521.792 527.4849 548.7509 563.7044 572.6493 576.5334 570.7983 562.8994 560.5308 564.6951 575.0605 600.4628 629.7466 628.7588 635.4916 649.845 703.5168 732.9746 759.583 779.4517 792.8044 859.1364 949.9086 982.8564 969.7795 933.1478 876.837 796.0172 686.3564 643.3647 643.1651 675.184 664.7596 615.0789 578.0699 558.0778 529.7307 522.1191 529.0174 564.3356 658.1719 687.0862 686.1076 636.1285 631.5341 690.873 775.3331 996.919 1078.16 1144.806 1319.071 1408.921 1528.656 1599.979 1669.856 1799.812 1811.803 1784.286 1749.819 1737.038 1698.223 1611.63 1486.186 -9999 -9999 -9999 -9999 -9999 -9999 -9999 -9999
443.8691 472.9512 490.7115 512.6708 510.552 507.543 511.4505 521.3363 537.9131 548.2007 555.7695 556.4527 555.5223 550.8505 548.623 547.6648 554.0411 561.23 584.1237 614.7534 626.0854 642.8247 672.2589 690.3119 705.4512 734.8917 769.1606 858.3534 962.8188 997.5972 962.1616 874.9009 816.8629 722.8629 642.2968 612.8821 610.6085 634.9538 628.5107 594.6581 564.0993 548.2603 534.855 525.8958 553.3859 602.4298 682.0521 695.9788 660.274 611.0688 647.3813 717.0782 844.6093 1073.105 1157.68 1248.922 1495.481 1550.358 1634.747 1672.929 1690.813 1791.358 1823.316 1793.839 1770.082 1737.819 1687.85 1620.333 1516.165 -9999 -9999 -9999 -9999 -9999 -9999 -9999 -9999
431.4771 457.8272 470.1024 493.6102 499.6707 508.0277 512.3654 522.5462 529.626 533.5635 537.2225 539.4127 542.3771 542.0361 537.799 531.6414 533.9512 540.5485 560.5527 582.2029 614.0864 630.9546 649.1913 655.1548 669.6014 707.6843 742.4907 846.9709 958.0336 997.9188 947.5391 832.0279 696.3549 676.5084 609.2601 583.1422 579.1872 590.7521 585.841 577.252 560.1177 547.0278 536.6581 533.5806 586.9473 641.2804 701.7072 682.8812 640.4022 615.1773 668.4548 755.4399 883.8141 1093.971 1166.904 1255.236 1501.342 1585.751 1707.215 1761.637 1798.292 1818.828 1836.404 1811.053 1778.276 1745.207 1697.171 1636.952 1516.29 -9999 -9999 -9999 -9999 -9999 -9999 -9999 -9999
422.4309 444.3175 451.2003 478.9286 492.2643 502.8451 513.1199 520.3392 524.2499 523.9468 518.3384 528.2529 536.4652 536.9875 530.0811 515.4423 513.7681 525.41 549.093 564.8893 600.1371 612.7415 628.6818 636.887 649.9752 685.0414 718.0794 811.434 894.918 913.9675 877.0189 780.6725 656.2617 619.2957 583.7923 574.8901 564.9657 568.5056 567.0291 569.8584 563.4471 540.941 536.4911 538.5355 599.749 656.5597 702.028 673.254 632.5536 633.0038 712.4235 806.2801 915.2893 1084.64 1140.092 1216.957 1420.439 1533.388 1677.365 1754.96 1805.453 1848.005 1865.003 1809.81 1808.208 1767.389 1716.203 1644.125 1500.492 -9999 -9999 -9999 -9999 -9999 -9999 -9999 -9999
422.9 440.4767 449.8593 471.7519 484.5829 498.3585 503.3535 512.8936 515.4813 515.1831 515.2648 523.1138 531.6824 532.2959 525.8863 511.6108 511.8289 534.4191 544.1959 557.7357 575.7342 598.3515 616.8008 625.864 639.4264 669.5535 723.9828 780.3461 827.9346 823.6041 803.371 716.4373 630.8626 598.0179 563.1959 557.2555 554.982 563.0567 563.239 562.7175 552.1783 534.5461 528.7478 544.2775 608.5291 658.2263 686.1111 660.6127 632.3607 661.4214 763.4109 878.4038 939.0377 1054.504 1102.89 1177.648 1309.275 1433.435 1583.127 1689.651 1754.159 1805.105 1809.71 1762.41 1783.146 1778.258 1718.974 1636.074 1499.09 -9999 -9999 -9999 -9999 -9999 -9999 -9999 -9999
428.5676 447.6774 454.3451 475.8602 488.5157 504.7742 508.119 510.0611 516.412 519.1719 513.4754 520.4842 527.4567 525.6933 516.3842 513.367 518.53 540.3259 547.4778 557.0959 572.0558 594.7646 614.194 622.8384 637.5062 663.5165 710.8027 754.1471 794.4016 767.2332 728.3676 671.4694 616.6578 599.9387 564.5732 554.623 554.6127 559.1696 557.4942 553.353 543.0667 530.5411 526.9432 546.9875 600.2932 635.0455 665.6818 653.0723 639.1167 680.9127 790.2302 907.3112 944.449 1027.146 1075.849 1149.353 1282.598 1441.062 1538.412 1589.733 1687.801 1716.984 1779.29 1745.862 1765.974 1755.544 1700.774 1636.159 1510.344 -9999 -9999 -9999 -9999 -9999 -9999 -9999 -9999
431.0508 451.4762 469.3199 478.5426 486.4598 495.8498 495.3361 495.7546 503.9251 508.925 514.5475 514.8085 522.1407 519.3261 513.8317 517.5178 528.3417 543.4678 549.381 557.5598 571.0634 595.3573 613.8588 622.5908 637.1822 667.9166 711.9266 741.007 763.5754 733.7621 692.9351 649.618 615.512 608.6233 575.1376 570.4871 574.5238 564.5349 560.5771 555.5068 548.0886 535.2537 527.8264 541.1652 580.6719 612.1242 647.1976 644.504 656.3992 701.0582 805.4495 908.288 939.9022 1004.034 1069.346 1149.277 1284.886 1409.073 1491.857 1520.023 1639.424 1702.906 1741.83 1724.893 1722.588 1712.225 1682.202 1609.143 1475.423 -9999 -9999 -9999 -9999 -9999 -9999 -9999 -9999
432.381 453.5745 472.5714 480.5983 483.1618 484.6469 484.485 485.2477 492.2233 498.542 509.4433 505.3723 510.0766 512.418 515.0832 520.3921 531.2104 544.0463 547.7814 558.799 574.3016 595.9077 611.2015 621.4128 639.3835 682.5813 723.9331 748.7932 751.8336 719.7166 681.6017 646.0706 628.8098 614.4124 585.7785 586.0767 585.2096 577.512 565.9569 559.3745 552.4294 539.6812 533.1554 542.9403 556.5562 603.888 626.7388 637.5077 673.2271 715.673 800.5768 869.8181 916.2603 992.313 1074.093 1153.321 1290.343 1390.371 1452.91 1490.391 1605.974 1679.339 1721.914 1695.408 1689.382 1655.793 1623.123 1560.825 1403.466 -9999 -9999 -9999 -9999 -9999 -9999 -9999 -9999
433.1516 456.2343 471.5417 480.5945 479.8015 475.5516 475.2388 480.3127 492.3699 499.3449 505.1838 500.3219 501.3991 513.2893 517.4816 526.9978 534.234 541.5354 546.9099 558.9651 575.5084 591.4042 607.9993 621.6889 670.7538 697.7453 739.9269 763.1716 763.955 725.408 691.1144 658.3983 642.4863 611.0639 597.0513 595.4324 589.8713 581.6237 574.5144 563.3369 559.5856 544.1793 539.9927 545.6764 555.976 575.0462 598.3531 624.9478 684.9963 725.92 790.1995 848.3365 884.046 987.1805 1061.024 1134.843 1262.198 1340.73 1386.102 1457.506 1571.429 1642.456 1698.082 1681.585 1612.368 1532.185 1512.475 1461.828 1295.243 -9999 -9999 -9999 -9999 -9999 -9999 -9999 -9999
445.3049 459.6957 473.5099 480.6781 477.4452 475.2687 476.0738 486.3172 504.0289 514.2092 512.2766 508.3192 510.6854 523.4222 542.4519 541.4037 542.4349 542.7039 545.4464 556.5695 570.4393 590.0202 605.111 623.712 678.6042 706.8831 757.1961 783.6445 785.3168 742.0604 705.2953 689.2458 659.6993 624.7704 607.2927 598.984 589.8071 581.6174 577.9766 577.6884 574.1805 557.455 550.9565 553.9099 558.7409 567.5777 578.0556 604.9455 674.5777 715.0079 787.9581 873.5155 936.1883 1037.539 1106.924 1135.694 1250.092 1327.408 1387.144 1436.121 1550.044 1613.754 1674.425 1658.403 1567.098 1422.395 1370.404 1245 1147.879 -9999 -9999 -9999 -9999 -9999 -9999 -9999 -9999
453.3761 464.5728 474.1829 479.7009 476.8479 474.0791 481.5089 496.6508 523.483 523.7576 522.1882 516.9899 528.5447 537.5573 553.6937 568.898 556.892 552.7126 552.4495 555.9763 565.8372 588.5746 608.7985 628.1147 682.6331 709.9595 760.2138 791.9698 791.5374 744.0994 715.1024 706.4019 675.2465 640.2932 618.1536 602.7172 586.4244 582.3827 585.3384 599.9311 595.77 583.3599 568.1108 567.3447 569.8245 568.4551 574.8635 594.1078 659.7083 708.1919 800.6038 911.399 982.1417 1078.322 1146.225 1295.618 1308.14 1384.607 1441.126 1466.519 1567.089 1606.411 1661.56 1674.352 1476.097 1354.097 1260.624 1102.993 1021.787 -9999 -9999 -9999 -9999 -9999 -9999 -9999 -9999
457.2957 464.5093 469.2353 468.9529 467.8847 471.7095 485.2759 507.0952 541.0712 534.6515 537.1648 538.3006 546.8013 549.4521 564.1669 571.7979 588.2813 567.5869 562.9252 560.2866 563.7936 592.65 613.1386 630.7425 681.7377 700.8855 746.6702 775.2783 774.5672 753.8806 727.397 711.9764 682.8884 664.6788 638.495 612.0048 586.3006 582.5303 595.3753 620.5004 644.5296 620.8845 582.1721 575.8455 574.7161 570.0763 578.1508 586.9755 651.3663 698.3532 802.6957 910.0339 1006.941 1066.785 1138.896 1289.425 1359.869 1436.097 1473.765 1510.707 1568.753 1593.155 1634.323 1661.432 1478.903 1351.507 1229.478 1043.463 973.3691 -9999 -9999 -9999 -9999 -9999 -9999 -9999 -9999
449.524 452.2788 452.5207 453.6219 455.699 468.3664 486.6599 508.2755 529.4461 543.8233 547.3229 551.271 560.0782 560.8135 571.008 575.4035 587.1442 593.3801 571.5558 563.4696 563.5043 592.6912 614.5695 628.2497 669.9667 686.6964 717.6701 734.9346 735.4808 731.6078 719.2223 713.7501 703.5385 689.1466 669.4305 641.1349 591.8102 584.7975 599.3286 647.0815 669.2411 651.1927 591.3851 578.1237 573.9125 570.2772 570.301 574.0384 640.1892 690.4623 782.0767 871.8274 953.6682 1007.207 1083.338 1223.47 1276.785 1336.034 1446.34 1465.192 1493.943 1529.9 1586.781 1630.255 1500.154 1377.318 1254.152 1062.554 992.9 -9999 -9999 -9999 -9999 -9999 -9999 -9999 -9999
434.8218 432.6487 434.8426 438.6069 444.2354 466.2955 488.2074 534.4688 537.595 550.9149 555.4953 563.9597 568.738 573.7483 575.6664 576.3767 579.4044 580.5632 567.2011 556.4772 556.1044 572.0584 591.4351 607.6356 641.7219 662.0303 685.0986 696.2385 716.2502 713.7997 711.6905 707.6251 715.3628 713.0648 688.6266 671.8913 604.9559 593.2522 600.9106 645.834 668.4822 631.0538 584.3235 575.2459 573.3942 571.1678 567.3182 564.6487 624.0748 689.9892 755.0709 832.7635 884.956 934.513 996.7642 1125.974 1167.423 1213.933 1252.957 1356.6 1416.376 1463.913 1537.475 1605.144 1518.315 1412.85 1301.938 1120.698 1050.019 -9999 -9999 -9999 -9999 -9999 -9999 -9999 -9999
407.0814 406.7589 415.919 424.8924 446.5702 465.3944 495.6304 532.1023 542.676 558.7169 566.9434 574.7659 569.7078 573.1357 572.843 568.0823 568.9153 564.4122 553.5711 542.8049 534.3917 540.8475 549.4865 563.6193 618.062 638.9904 653.1022 664.937 696.2316 705.6245 706.4607 695.3669 706.1649 720.4741 705.6612 686.5841 616.4243 597.6729 596.6419 606.7066 612.0165 596.525 586.8742 569.3356 568.4836 568.9181 568.9308 563.0606 611.6032 675.478 733.4948 800.7326 825.3683 852.5316 899.0294 1015.41 1060.795 1121.491 1171.603 1224.87 1383.784 1444.427 1518.954 1588.358 1528.083 1439.194 1355.594 1170.22 1082.278 -9999 -9999 -9999 -9999 -9999 -9999 -9999 -9999
395.2567 398.8232 401.9687 410.6292 443.1187 462.4874 492.9663 532.4168 545.2985 559.3193 563.4912 572.2198 570.6625 570.2063 569.4673 567.0272 547.9186 544.6386 530.8711 525.4121 520.3272 520.1995 517.832 532.1789 576.3812 611.5967 625.3176 639.4805 676.1519 692.7012 685.7062 675.5217 672.126 700.2712 699.6901 689.5001 628.1255 601.1804 588.4429 586.9464 593.4037 583.2823 572.3578 563.3188 563.5732 567.8926 569.4118 567.5644 599.371 648.1915 703.5898 758.5536 765.6545 779.8216 816.0828 929.4491 989.6862 1069.143 1139.436 1205.563 1368.481 1434.08 1539.717 1559.183 1533.183 1477.07 1409.241 1207.833 1095.29 -9999 -9999 -9999 -9999 -9999 -9999 -9999 -9999
389.1618 393.4661 398.5975 403.8356 432.2519 451.9455 483.3687 533.4644 534.5707 550.5317 557.1951 562.0762 565.9733 564.0278 560.4548 551.8392 539.5767 518.6637 520.7925 496.5662 490.3401 494.3401 504.593 524.4117 552.5921 583.3425 604.4899 619.3076 649.5762 665.821 657.6581 645.5313 636.9157 640.2006 676.8457 678.067 628.0339 603.0553 578.5287 573.525 574.7768 565.2646 558.7292 557.7188 564.0006 569.3419 570.5615 572.9568 588.8992 621.7102 693.8422 718.319 719.6076 730.3512 763.049 875.7289 958.6706 1072.237 1155.815 1293.991 1378.064 1426.995 1488.91 1520.647 1519.535 1503.218 1453.337 1240.188 1114.397 -9999 -9999 -9999 -9999 -9999 -9999 -9999 -9999
393.5966 397.5394 399.6763 401.4286 419.5016 432.7722 455.1548 488.0792 496.4218 514.0202 524.569 539.3279 552.6355 546.7205 536.1675 542.6362 522.4073 506.7455 488.5766 476.4856 473.3074 474.9665 483.9183 504.1068 535.7302 560.276 583.7847 599.16 619.4838 620.0739 616.9567 613.5089 610.0176 611.1343 618.9849 627.308 612.1948 600.5984 576.6472 574.6238 563.5831 554.1074 549.8929 558.0504 564.6229 569.6604 570.8148 571.0873 577.3036 602.7155 657.4965 678.8372 684.6395 702.343 745.0086 887.0982 999.3409 1094.794 1195.786 1341.928 1393.165 1429.192 1478.105 1504.04 1521.5 1511.011 1474.623 1277.071 1102.188 -9999 -9999 -9999 -9999 -9999 -9999 -9999 -9999
400.0024 405.9699 407.6348 408.9578 417.5448 424.1027 435.9807 453.1985 460.1792 475.0662 486.1163 511.2607 522.745 525.2036 512.8939 504.0134 488.0777 479.8408 473.5745 469.6025 469.5628 470.6982 475.6093 511.9024 519.693 543.9246 561.6118 567.8989 597.9545 603.0897 604.4167 598.991 593.9789 591.4706 593.9761 592.5897 601.668 592.8854 574.6331 570.0623 554.7504 547.569 546.7808 556.6933 563.9675 564.0674 560.7475 557.5811 563.8957 584.83 624.9402 642.2932 658.645 683.1873 728.5211 878.6368 997.6229 1105.352 1213.447 1351.31 1395.583 1427.422 1479.55 1522.806 1533.026 1523.111 1494.501 1317.375 1152.783 -9999 -9999 -9999 -9999 -9999 -9999 -9999 -9999
410.8376 415.7804 420.2773 422.1295 423.3231 424.8336 429.7931 441.3695 453.0592 460.2516 466.5581 479.6188 494.4306 492.3295 482.908 478.4308 471.4745 470.526 470.767 474.1943 475.7251 475.6038 476.1935 496.385 514.9996 527.4357 545.7939 551.9528 563.7186 570.8875 574.7389 577.9429 574.0064 571.9945 570.3594 575.4749 572.3751 579.9465 570.5284 560.0019 546.7968 542.3265 542.9322 552.3555 557.886 557.729 552.2484 551.4003 559.1664 574.8857 605.1898 616.4929 638.4271 664.1415 708.6223 836.314 972.7754 1094.118 1197.28 1309.672 1356.048 1403.345 1483.281 1522.886 1540.938 1526.372 1510.603 1357.586 1207.562 -9999 -9999 -9999 -9999 -9999 -9999 -9999 -9999
418.8587 422.0466 427.4185 432.4633 437.69 437.8208 438.074 441.7508 447.0103 450.9565 455.8453 469.6587 475.637 474.045 472.2878 468.4539 468.2534 471.0307 475.5765 480.3741 482.5314 482.8188 479.4015 489.1795 503.2128 516.7181 528.235 529.9944 537.5122 541.4297 544.2343 545.7925 549.2222 554.6452 565.0848 571.8762 566.927 561.9051 554.5923 548.1729 542.4758 540.62 542.743 549.1105 555.688 555.4872 554.5426 567.7344 577.1098 587.0213 600.7604 608.2746 621.6146 642.988 681.8712 796.2566 919.9656 1045.089 1137.926 1231.473 1292.114 1366.233 1487.039 1547.026 1542.211 1541.798 1510.489 1388.023 1243.198 -9999 -9999 -9999 -9999 -9999 -9999 -9999 -9999
435.6736 433.2916 434.3069 440.3838 454.2935 457.9409 458.1845 456.8564 458.265 461.0051 465.5616 478.6466 483.0597 485.4944 477.7666 474.8987 470.7304 473.8867 477.5114 485.3173 491.8618 488.4586 487.3714 487.6996 496.6248 510.1881 516.3555 509.2291 524.1692 529.5193 530.0331 526.245 528.8095 536.6321 544.1208 558.0388 559.0811 557.4998 554.5649 552.8755 552.3616 554.8914 555.9028 560.3239 561.8533 571.0042 584.5316 611.9922 622.7714 627.9173 622.1658 618.088 618.256 627.7646 656.8479 747.2067 850.6993 1006.75 1066.879 1186.798 1256.052 1357.344 1493.22 1554.299 1555.612 1552.855 1530.94 1408.043 1256.09 -9999 -9999 -9999 -9999 -9999 -9999 -9999 -9999
466.8505 455.8871 450.5224 452.4873 474.369 479.0849 472.6471 470.3305 470.7907 472.6587 476.1919 485.9933 489.8354 489.009 486.5323 480.7312 476.1264 475.5101 482.5124 488.2425 494.2011 492.0911 490.8169 492.5719 495.7741 509.7598 509.2165 502.4686 513.813 521.0844 522.7134 515.6367 521.5347 526.5378 534.0568 550.9286 555.4227 557.1125 557.8566 557.609 571.6622 576.0895 571.3214 569.983 570.1132 599.0986 618.757 663.6918 681.0591 683.8666 663.5783 642.6721 618.9371 618.2336 657.6932 713.0125 797.3042 954.078 1034.966 1198.6 1284.031 1378.24 1505.562 1557.318 1577.965 1561.889 1503.891 1413.871 1242.638 -9999 -9999 -9999 -9999 -9999 -9999 -9999 -9999
511.3142 493.67 473.3279 478.7042 488.47 491.5492 480.4778 478.0504 480.0525 479.7589 481.2707 486.9871 487.4264 486.6537 485.4611 483.457 478.9256 477.4307 484.2089 489.4199 495.8403 496.4758 494.495 497.816 503.0023 510.1638 503.6281 498.4209 503.8528 513.6655 514.1576 511.5776 513.04 525.6548 530.6598 543.65 550.7847 558.2278 559.3069 571.2206 586.0762 584.84 576.2008 575.394 586.0997 619.8353 648.4188 708.236 732.8209 735.4517 702.4502 652.6909 619.4531 604.5349 645.4927 696.1685 787.5568 963.4932 1074.263 1262.444 1349.703 1426.697 1529.803 1586.719 1595.993 1583.09 1505.753 1396.207 1210.331 -9999 -9999 -9999 -9999 -9999 -9999 -9999 -9999
549.4447 537.1581 509.7388 500.2159 502.5355 500.8423 490.8804 482.0165 482.833 483.6625 482.8782 484.4161 485.5575 485.7919 484.8411 486.7346 490.5339 485.0437 490.9013 493.8497 498.3458 501.8668 498.7975 499.6966 506.5231 503.9722 495.9775 498.7966 503.5061 510.8842 513.5084 509.7314 506.6275 519.3259 523.8087 540.3625 546.7063 553.439 563.5377 571.824 585.0081 587.2804 583.9438 589.1896 598.9699 629.8941 661.1741 726.548 752.7477 766.3805 721.6425 655.9973 611.0603 591.1831 628.0177 682.5322 816.2104 1055.986 1149.486 1354.186 1436.234 1492.7 1574.635 1619.735 1631 1603.288 1495.506 1371.727 1201.674 -9999 -9999 -9999 -9999 -9999 -9999 -9999 -9999
571.653 551.5629 521.1415 518.2451 517.2983 509.663 493.8502 487.6021 483.8172 484.608 484.0735 484.8087 485.2582 484.5817 485.5464 495.7543 507.7103 511.0835 503.0095 501.9981 502.9969 501.4226 500.6884 501.6717 506.1466 500.7145 491.6819 496.7453 504.2938 512.2144 513.5721 510.5544 502.2822 509.9893 516.5564 531.9904 541.3337 548.4197 558.8132 568.4287 581.3318 585.1579 587.4717 593.6196 606.7711 631.5036 660.7621 726.441 747.7592 752.1599 711.3065 641.2073 594.6054 576.4929 613.8384 669.5904 805.7458 1099.24 1199.647 1416.191 1486.477 1528.637 1604.446 1644.58 1640.544 1599.436 1485.873 1385.898 1265.718 -9999 -9999 -9999 -9999 -9999 -9999 -9999 -9999
