Model and model input files/precip_1987.asc
ncols         625
nrows         453
xllcorner     138621.56993419
yllcorner     4094031.9406744
cellsize      1000
NODATA_value  -9999
[rows 68 to 101 of 453, columns 0 to 76 of 625]
-9999 -9999 -9999 -9999 -9999 -9999 -9999 -9999 -9999 -9999 -9999 -9999 -9999 -9999 -9999 -9999 -9999 391.31 391.31 391.31 396.9837 396.93 396.93 397.3765 388.69 388.69 388.69 383.1172 383.17 383.17 382.4753 395.99 395.99 395.99 432.446 436.74 436.74 436.74 444.59 444.59 444.59 431.3227 429.76 429.76 430.2016 421.61 421.61 421.61 417.7989 417.35 417.35 417.35 400.4398 400.6 400.6 401.9455 375.77 375.77 375.77 344.3423 344.64 344.64 340.5158 340.03 340.03 340.03 340.2723 340.27 340.27 338.2434 377.67 377.67 377.67 379.9513 380.22 380.22 380.4861
-9999 -9999 -9999 -9999 -9999 -9999 -9999 -9999 -9999 -9999 -9999 -9999 -9999 -9999 -9999 -9999 -9999 391.31 391.31 391.31 396.9837 396.93 396.93 397.3765 388.69 388.69 388.69 383.1172 383.17 383.17 382.4753 395.99 395.99 395.99 437.1297 436.74 436.74 436.74 444.59 444.59 444.59 431.3227 429.76 429.76 429.7638 429.69 429.69 429.69 413.8104 411.94 411.94 412.8135 395.82 395.82 395.82 396.3147 386.69 386.69 386.69 379.2495 379.32 379.32 375.5894 375.15 375.15 375.15 375.362 375.36 340.27 373.729 377.67 377.67 377.67 379.9513 380.22 380.22 380.4861
-9999 -9999 -9999 -9999 -9999 -9999 -9999 -9999 -9999 -9999 -9999 -9999 -9999 -9999 -9999 -9999 -9999 391.31 391.31 391.0055 396.93 396.93 396.93 397.3765 388.69 388.69 388.69 383.1172 383.17 383.17 382.4753 395.99 395.99 395.99 437.1297 436.74 436.74 436.3146 444.59 444.59 444.59 431.3227 429.76 429.76 429.7638 429.69 429.69 429.69 413.8104 411.94 411.94 412.8135 395.82 395.82 395.82 396.3147 386.69 386.69 386.69 379.2495 379.32 379.32 375.5894 375.15 375.15 375.15 375.362 375.36 375.36 400.7674 403.76 403.76 403.76 428.058 430.92 430.92 431.3004
-9999 -9999 -9999 -9999 -9999 -9999 -9999 -9999 -9999 -9999 -9999 -9999 -9999 -9999 -9999 -9999 -9999 391.31 391.31 391.0055 396.93 396.93 396.93 397.3765 388.69 388.69 388.69 383.1172 383.17 383.17 382.4753 395.99 395.99 395.99 437.1297 436.74 436.74 436.3146 444.59 444.59 444.59 431.3227 429.76 429.76 429.7638 429.69 429.69 429.69 413.8104 411.94 411.94 412.8135 395.82 395.82 395.82 387.6521 386.69 386.69 386.69 379.2495 379.32 379.32 375.5894 375.15 375.15 375.15 375.362 375.36 375.36 400.7674 403.76 403.76 403.76 431.1797 430.92 430.92 431.3004
-9999 -9999 -9999 -9999 -9999 -9999 -9999 -9999 -9999 -9999 -9999 -9999 -9999 -9999 -9999 -9999 -9999 332.06 332.06 330.7573 356.1 356.1 356.1 394.551 399.08 389.7849 388.69 383.1172 383.17 383.17 382.4753 395.99 395.99 395.99 437.1297 436.74 436.74 436.3146 444.59 444.59 444.59 429.6182 429.76 429.76 429.7638 429.69 429.69 429.69 413.8104 411.94 411.94 412.8135 395.82 395.82 395.82 387.6521 386.69 386.69 386.69 379.2495 379.32 379.32 375.5894 375.15 375.15 375.15 375.362 375.36 375.36 400.7674 403.76 403.76 403.76 431.1797 430.92 430.92 431.3004
-9999 -9999 -9999 -9999 -9999 -9999 -9999 -9999 -9999 -9999 -9999 -9999 -9999 -9999 -9999 -9999 -9999 332.06 332.06 330.7573 356.1 356.1 356.1 394.551 399.08 399.08 394.5792 482.14 482.14 482.14 481.3933 495.92 495.92 495.92 463.1092 463.42 463.42 463.0255 470.7 470.7 470.7 474.9301 474.89 474.89 476.9123 437.57 437.57 430.5204 413.8104 411.94 411.94 412.8135 395.82 395.82 395.82 387.6521 386.69 386.69 387.0894 379.32 379.32 379.32 375.5894 375.15 375.15 375.15 375.362 375.36 375.36 400.7674 403.76 403.76 403.76 431.1797 430.92 430.92 424.6397
-9999 -9999 -9999 -9999 -9999 -9999 -9999 -9999 -9999 -9999 -9999 -9999 -9999 -9999 -9999 -9999 -9999 332.06 332.06 330.7573 356.1 356.1 356.1 394.551 399.08 399.08 394.5792 482.14 482.14 482.14 481.3933 495.92 495.92 495.92 463.1092 463.42 463.42 463.0255 470.7 470.7 470.7 474.9301 474.89 474.89 441.5026 437.57 437.57 437.57 416.6715 414.21 414.21 415.7999 384.87 384.87 384.87 362.9964 360.42 360.42 360.659 356.01 356.01 356.01 351.8809 351.92 351.92 351.92 366.8817 366.74 366.74 396.7994 400.1547 403.76 403.76 431.1797 430.92 430.92 424.6397
-9999 -9999 -9999 -9999 -9999 -9999 -9999 -9999 -9999 -9999 -9999 -9999 -9999 -9999 -9999 -9999 -9999 332.06 332.06 330.7573 356.1 356.1 356.1 394.551 399.08 399.08 394.5792 482.14 482.14 482.14 494.468 495.92 495.92 495.92 463.1092 463.42 463.42 463.0255 470.7 470.7 470.7 474.9301 474.89 474.89 441.5026 437.57 437.57 437.57 413.9866 414.21 414.21 415.7999 384.87 384.87 384.87 362.9964 360.42 360.42 360.659 356.01 356.01 356.01 351.8809 351.92 351.92 351.92 366.8817 366.74 366.74 396.7994 400.34 400.34 400.34 419.976 419.79 419.79 403.9104
-9999 -9999 -9999 -9999 -9999 -9999 -9999 -9999 -9999 -9999 -9999 -9999 -9999 -9999 -9999 -9999 -9999 332.06 332.06 330.7573 356.1 356.1 356.1 394.551 399.08 399.08 394.5792 482.14 482.14 482.14 494.468 495.92 495.92 497.6811 463.42 463.42 463.42 463.0255 470.7 470.7 470.7 474.9301 474.89 474.89 441.5026 437.57 437.57 437.57 413.9866 414.21 414.21 415.7999 384.87 384.87 384.87 362.9964 360.42 360.42 360.659 356.01 356.01 356.01 351.8809 351.92 351.92 351.1169 366.74 366.74 366.74 396.7994 400.34 400.34 400.34 419.976 419.79 419.79 403.9104
-9999 -9999 -9999 -9999 -9999 -9999 -9999 -9999 -9999 -9999 -9999 -9999 -9999 -9999 -9999 -9999 -9999 311.53 311.53 333.9672 336.61 336.61 336.61 366.7141 370.26 370.26 367.3279 424.37 424.37 424.37 441.1979 443.18 443.18 445.6873 396.91 464.056 463.42 463.0255 470.7 470.7 470.7 474.9301 474.89 474.89 441.5026 437.57 437.57 437.57 413.9866 414.21 414.21 387.9617 384.87 384.87 384.87 362.9964 360.42 360.42 360.659 356.01 356.01 356.01 351.8809 351.92 351.92 351.1169 366.74 366.74 366.74 396.7994 400.34 400.34 400.34 419.976 419.79 419.79 403.9104
-9999 -9999 -9999 -9999 -9999 -9999 -9999 -9999 -9999 -9999 -9999 -9999 -9999 -9999 -9999 -9999 -9999 311.53 311.53 333.9672 336.61 336.61 336.61 366.7141 370.26 370.26 367.3279 424.37 424.37 424.37 441.1979 443.18 443.18 445.6873 396.91 396.91 396.91 393.9309 393.58 393.58 393.58 387.2803 387.34 387.34 370.2079 368.19 368.19 368.19 369.5327 369.52 369.52 381.2485 382.63 382.63 382.63 352.6243 349.09 348.476 360.659 356.01 356.01 356.01 351.8809 351.92 351.92 351.1169 366.74 366.74 366.74 400.6613 400.34 400.34 400.34 419.976 419.79 419.79 403.9104
-9999 -9999 -9999 -9999 -9999 -9999 -9999 -9999 -9999 -9999 -9999 -9999 -9999 -9999 -9999 -9999 -9999 311.53 311.53 333.9672 336.61 336.61 336.61 370.5818 370.26 370.26 367.3279 424.37 424.37 424.37 441.1979 443.18 443.18 445.6873 396.91 396.91 396.91 393.9309 393.58 393.58 393.58 387.2803 387.34 387.34 370.2079 368.19 368.19 368.19 369.5327 369.52 369.52 381.2485 382.63 382.63 382.63 348.7693 349.09 349.09 349.64 338.94 338.94 338.94 336.4161 336.44 336.44 336.0883 342.93 342.93 342.93 382.4039 382.03 382.03 380.3507 413.02 413.02 413.02 384.9914
-9999 -9999 -9999 -9999 -9999 -9999 -9999 -9999 -9999 -9999 -9999 -9999 -9999 -9999 -9999 -9999 -9999 311.53 311.53 333.9672 336.61 336.61 336.61 370.5818 370.26 370.26 418.6682 424.37 424.37 424.37 441.1979 443.18 443.18 445.6873 396.91 396.91 396.91 393.9309 393.58 393.58 393.9181 387.34 387.34 387.34 370.2079 368.19 368.19 368.19 369.5327 369.52 369.52 381.2485 382.63 382.63 382.63 348.7693 349.09 349.09 340.0096 338.94 338.94 338.94 336.4161 336.44 336.44 336.0883 342.93 342.93 342.93 382.4039 382.03 382.03 380.3507 413.02 413.02 413.02 384.9914
-9999 -9999 -9999 -9999 -9999 -9999 -9999 -9999 -9999 -9999 -9999 -9999 -9999 -9999 -9999 -9999 -9999 314.63 314.63 327.7094 329.25 329.25 329.25 366.9799 370.26 370.26 418.6682 424.37 424.37 424.37 441.1979 443.18 443.18 445.6873 396.91 396.91 396.91 393.9309 393.58 393.58 393.9181 387.34 387.34 387.34 368.0069 368.19 368.19 368.19 369.5327 369.52 369.52 381.2485 382.63 382.63 382.63 348.7693 349.09 349.09 340.0096 338.94 338.94 338.94 336.4161 336.44 336.44 336.0883 342.93 342.93 342.93 382.4039 382.03 382.03 380.3507 413.02 413.02 413.02 381.3904
-9999 -9999 -9999 -9999 -9999 -9999 -9999 -9999 -9999 -9999 -9999 -9999 -9999 -9999 -9999 -9999 -9999 314.63 314.63 327.7094 329.25 329.25 329.25 338.3966 338.31 338.31 340.5913 340.86 340.86 340.86 336.5693 336.61 336.61 336.5217 338.24 338.24 338.24 336.0661 335.81 335.81 335.9108 333.95 333.95 333.95 324.1803 368.19 368.19 368.19 369.5327 369.52 369.52 381.2485 382.63 382.63 382.63 348.7693 349.09 349.09 340.0096 338.94 338.94 338.94 336.44 336.44 336.44 336.0883 342.93 342.93 342.93 382.4039 382.03 382.03 380.3507 413.02 413.02 413.02 381.3904
-9999 -9999 -9999 -9999 -9999 -9999 -9999 -9999 -9999 -9999 -9999 -9999 -9999 -9999 -9999 -9999 -9999 314.63 314.63 327.7094 329.25 329.25 329.25 338.3966 338.31 338.31 340.5913 340.86 340.86 340.86 336.5693 336.61 336.61 338.0682 338.24 338.24 338.24 336.0661 335.81 335.81 335.9108 333.95 333.95 333.95 326.4389 326.51 326.51 326.1995 332.24 332.24 332.24 344.8274 346.31 346.31 346.31 338.2739 338.35 338.35 334.1811 333.69 333.69 333.69 331.66 331.66 331.66 330.8076 347.39 347.39 343.4 382.4039 382.03 382.03 380.3507 413.02 413.02 413.02 381.3904
-9999 -9999 -9999 -9999 -9999 -9999 -9999 -9999 -9999 -9999 -9999 -9999 -9999 -9999 -9999 -9999 -9999 314.63 314.63 329.3898 329.25 329.25 329.25 338.3966 338.31 338.31 340.5913 340.86 340.86 340.86 336.5693 336.61 336.61 338.0682 338.24 338.24 338.24 336.0661 335.81 335.81 335.9108 333.95 333.95 333.95 326.4389 326.51 326.51 326.1995 332.24 332.24 332.24 344.8274 346.31 346.31 346.31 338.2739 338.35 338.35 334.1811 333.69 333.69 333.69 331.66 331.66 331.66 345.7325 347.39 347.39 347.39 385.612 385.25 385.25 385.1059 387.91 387.91 387.91 364.256
-9999 -9999 -9999 -9999 -9999 -9999 -9999 -9999 -9999 -9999 -9999 -9999 -9999 -9999 -9999 -9999 -9999 314.63 314.63 329.3898 329.25 329.25 329.25 338.3966 338.31 338.31 340.5913 340.86 340.86 340.86 336.5693 336.61 336.61 338.0682 338.24 338.24 338.24 335.7868 335.81 335.81 335.9108 333.95 333.95 333.95 326.4389 326.51 326.51 326.1995 332.24 332.24 332.24 346.4445 346.31 346.31 346.31 338.2739 338.35 338.35 334.1811 333.69 333.69 333.69 331.66 331.66 331.66 345.7325 347.39 347.39 347.39 385.612 385.25 385.25 385.1059 387.91 387.91 387.91 364.256
-9999 -9999 -9999 -9999 -9999 -9999 -9999 -9999 -9999 -9999 -9999 -9999 -9999 -9999 -9999 -9999 -9999 321.21 321.21 317.8078 317.84 317.84 317.5745 322.74 322.74 336.6693 340.5913 340.86 340.86 340.86 336.5693 336.61 336.61 338.0682 338.24 338.24 338.24 335.7868 335.81 335.81 335.9108 333.95 333.95 333.95 326.4389 326.51 326.51 326.1995 332.24 332.24 332.24 346.4445 346.31 346.31 346.7413 338.35 338.35 338.35 334.1811 333.69 333.69 333.69 331.66 331.66 331.66 345.7325 347.39 347.39 345.3385 385.25 385.25 385.25 385.1059 387.91 387.91 387.91 364.256
-9999 -9999 -9999 -9999 -9999 -9999 -9999 -9999 -9999 -9999 -9999 -9999 -9999 -9999 -9999 -9999 -9999 321.21 321.21 317.8078 317.84 317.84 317.5745 322.74 322.74 322.74 320.7007 320.72 320.72 320.72 319.9023 319.91 319.91 331.4059 332.76 332.76 332.76 340.9072 340.83 340.83 338.1819 337.87 337.87 337.87 331.4795 331.54 331.54 331.8337 326.12 326.12 326.12 335.9935 335.9 335.9 335.6778 338.5239 338.35 338.35 334.1811 333.69 333.69 333.69 331.66 331.66 331.66 345.7325 347.39 347.39 345.3385 385.25 385.25 385.25 387.6297 387.91 387.91 387.91 364.256
-9999 -9999 -9999 -9999 -9999 -9999 -9999 -9999 -9999 -9999 -9999 -9999 -9999 -9999 -9999 -9999 -9999 321.21 321.21 317.8078 317.84 317.84 317.5745 322.74 322.74 322.74 320.7007 320.72 320.72 320.72 319.9023 319.91 319.91 331.4059 332.76 332.76 332.76 340.9072 340.83 340.83 338.1819 337.87 337.87 337.87 331.4795 331.54 331.54 331.8337 326.12 326.12 326.12 335.9935 335.9 335.9 335.6778 340 340 340 340.5452 340.54 340.54 340.54 338.72 338.72 338.72 347.21 348.21 348.21 346.23 384.75 384.75 384.75 376.761 375.82 375.82 375.82 356.2244
-9999 -9999 -9999 -9999 -9999 -9999 -9999 -9999 -9999 -9999 -9999 -9999 -9999 -9999 -9999 -9999 -9999 321.21 321.21 317.8078 317.84 317.84 317.5745 322.74 322.74 322.74 320.7007 320.72 320.72 320.7639 319.91 319.91 319.91 331.4059 332.76 332.76 332.76 340.9072 340.83 340.83 338.1819 337.87 337.87 337.87 331.54 331.54 331.54 331.8337 326.12 326.12 326.12 335.9935 335.9 335.9 335.6778 340 340 340 340.5452 340.54 340.54 340.54 338.72 338.72 338.72 347.21 348.21 348.21 346.23 384.75 384.75 384.75 376.761 375.82 375.82 376.8718 356.41
-9999 -9999 -9999 -9999 -9999 -9999 -9999 -9999 -9999 -9999 -9999 -9999 -9999 -9999 -9999 -9999 -9999 321.21 321.21 317.8078 317.84 317.84 317.5745 322.74 322.74 322.74 320.7007 320.72 320.72 320.7639 319.91 319.91 319.91 331.4059 332.76 332.76 332.76 340.9072 340.83 340.83 338.1819 337.87 337.87 337.87 331.54 331.54 331.54 326.6911 326.12 326.12 326.12 335.9935 335.9 335.9 335.6778 340 340 340 340.5452 340.54 340.54 340.6386 338.72 338.72 338.72 347.21 348.21 348.21 346.23 384.75 384.75 384.75 376.761 375.82 375.82 376.8718 356.41
-9999 -9999 -9999 -9999 -9999 -9999 -9999 -9999 -9999 -9999 -9999 -9999 -9999 -9999 -9999 -9999 -9999 322.36 322.36 322.7 322.7 322.7 322.2112 331.72 331.72 331.72 322.2705 322.36 322.36 322.3015 323.44 323.44 323.44 333.899 333.8 332.8696 332.76 340.9072 340.83 340.83 338.1819 337.87 337.87 337.87 331.54 331.54 331.54 326.6911 326.12 326.12 326.12 335.9935 335.9 335.9 335.6778 340 340 340 340.5452 340.54 340.54 340.6386 338.72 338.72 338.72 347.21 348.21 348.21 346.23 384.75 384.75 384.75 376.761 375.82 375.82 376.8718 356.41
-9999 -9999 -9999 -9999 -9999 -9999 -9999 -9999 -9999 -9999 -9999 -9999 -9999 -9999 -9999 -9999 -9999 322.36 322.36 322.7 322.7 322.7 322.2112 331.72 331.72 331.72 322.2705 322.36 322.36 322.3015 323.44 323.44 323.44 333.899 333.8 333.8 333.8 352.2043 352.03 352.03 351.6095 351.56 351.56 351.56 339.29 339.29 339.29 331.963 331.1 331.1 331.0816 331.44 331.44 331.44 331.3392 333.3 333.3 333.3 340.6093 340.54 340.54 340.6386 338.72 338.72 338.72 348.3008 348.21 348.21 346.23 384.75 384.75 384.75 376.761 375.82 375.82 376.8718 356.41
-9999 -9999 -9999 -9999 -9999 -9999 -9999 -9999 -9999 -9999 -9999 -9999 -9999 -9999 -9999 -9999 -9999 322.36 322.36 322.7 322.7 322.7 330.7695 331.72 331.72 331.72 322.2705 322.36 322.36 322.3015 323.44 323.44 323.44 333.899 333.8 333.8 332.8122 352.03 352.03 352.03 351.6095 351.56 351.56 351.56 339.29 339.29 339.29 331.963 331.1 331.1 331.0816 331.44 331.44 331.44 331.3392 333.3 333.3 333.3 342.8202 342.73 342.73 342.0196 355.84 355.84 355.84 364.4112 364.33 364.33 364.8339 355.03 355.03 355.03 352.5429 352.25 352.25 352.2874 351.56
-9999 -9999 -9999 -9999 -9999 -9999 -9999 -9999 -9999 -9999 -9999 -9999 -9999 -9999 -9999 -9999 -9999 322.36 322.36 322.7 322.7 322.7 330.7695 331.72 331.72 332.2272 322.36 322.36 322.36 322.3015 323.44 323.44 323.44 333.899 333.8 333.8 332.8122 352.03 352.03 352.03 351.5555 351.56 351.56 351.56 339.29 339.29 339.29 331.963 331.1 331.1 331.0816 331.44 331.44 331.44 333.104 333.3 333.3 333.3 342.8202 342.73 342.73 342.0196 355.84 355.84 355.84 364.4112 364.33 364.33 356.01 355.03 355.03 355.03 352.5429 352.25 352.25 352.2874 351.56
-9999 -9999 -9999 -9999 -9999 -9999 -9999 -9999 -9999 -9999 -9999 -9999 -9999 -9999 -9999 -9999 -9999 306.47 306.47 314.52 314.52 314.52 327.7784 331.4692 331.72 332.2272 322.36 322.36 322.36 322.3015 323.44 323.44 323.44 333.899 333.8 333.8 332.8122 352.03 352.03 352.03 351.5555 351.56 351.56 351.56 339.29 339.29 339.29 331.963 331.1 331.1 331.0816 331.44 331.44 331.44 333.104 333.3 333.3 333.3 342.8202 342.73 342.73 342.0196 355.84 355.84 355.84 364.4112 364.33 364.33 356.01 355.03 355.03 355.03 352.5429 352.25 352.25 352.2874 351.56
-9999 -9999 -9999 -9999 -9999 -9999 -9999 -9999 -9999 -9999 -9999 -9999 -9999 -9999 -9999 -9999 -9999 306.47 306.47 314.52 314.52 314.52 327.7784 329.34 329.34 329.7767 321.28 321.28 321.28 318.5156 318.19 318.19 318.19 327.9424 327.85 327.85 327.2724 338.51 338.51 338.51 343.8607 343.81 343.81 344.1703 337.16 339.3104 339.29 331.963 331.1 331.1 331.0816 331.44 331.44 331.44 333.104 333.3 333.3 332.789 342.73 342.73 342.73 342.0196 355.84 355.84 355.84 364.4112 364.33 364.33 356.01 355.03 355.03 355.03 352.2234 352.25 352.25 352.2874 351.56
-9999 -9999 -9999 -9999 -9999 -9999 -9999 -9999 -9999 -9999 -9999 -9999 -9999 -9999 -9999 -9999 -9999 306.47 306.47 314.52 314.52 314.52 327.7784 329.34 329.34 329.7767 321.28 321.28 321.28 318.5156 318.19 318.19 318.19 327.9424 327.85 327.85 327.2724 338.51 338.51 338.51 343.8607 343.81 343.81 344.1703 337.16 337.16 337.16 338.2783 338.41 338.41 338.3694 339.16 339.16 339.16 348.1599 349.22 349.22 345.6414 415.26 415.26 415.26 414.8542 422.75 422.75 422.75 396.2994 396.55 396.55 377.6698 355.03 355.03 355.03 352.2234 352.25 352.25 352.2874 351.56
-9999 -9999 -9999 -9999 -9999 -9999 -9999 -9999 -9999 -9999 -9999 -9999 -9999 -9999 -9999 -9999 -9999 306.47 306.0338 314.52 314.52 314.52 327.7784 329.34 329.34 329.7767 321.28 321.28 321.28 318.5156 318.19 318.19 317.6666 327.85 327.85 327.85 327.2724 338.51 338.51 338.51 343.8607 343.81 343.81 344.1703 337.16 337.16 337.16 338.422 338.41 338.41 338.3694 339.16 339.16 339.16 348.1599 349.22 349.22 345.6414 415.26 415.26 415.26 421.9608 422.75 422.75 422.75 396.2994 396.55 396.55 376.6267 374.28 374.28 374.28 369.9893 370.03 370.03 383.9951 385.64
-9999 -9999 -9999 -9999 -9999 -9999 -9999 -9999 -9999 -9999 -9999 -9999 -9999 -9999 -9999 -9999 -9999 306.47 306.0338 314.52 314.52 314.52 327.7784 329.34 329.34 329.7767 321.28 321.28 321.28 318.5156 318.19 318.19 317.6666 327.85 327.85 327.85 327.2724 338.51 338.51 338.51 343.8607 343.81 343.81 344.1703 337.16 337.16 337.16 338.422 338.41 338.41 338.3694 339.16 339.16 339.16 348.1599 349.22 349.22 345.6414 415.26 415.26 415.26 421.9608 422.75 422.75 422.75 396.2994 396.55 396.55 376.6267 374.28 374.28 374.28 369.9893 370.03 370.03 383.9951 385.64
-9999 -9999 -9999 -9999 -9999 -9999 -9999 -9999 -9999 -9999 -9999 -9999 -9999 -9999 -9999 -9999 -9999 303.31 302.8987 310.9 310.9 310.9 324.7916 324.66 324.66 325.1119 316.32 316.32 316.32 316.6421 316.68 316.68 316.0747 327.85 327.85 327.85 337.3867 338.51 338.51 338.51 343.8607 343.81 343.81 344.1703 337.16 337.16 337.16 338.422 338.41 338.41 339.081 339.16 339.16 339.16 348.1599 349.22 349.22 345.6414 415.26 415.26 415.26 421.9608 422.75 422.75 424.1697 396.55 396.55 396.55 376.6267 374.28 374.28 374.28 369.9893 370.03 370.03 383.9951 385.64
-9999 -9999 -9999 -9999 -9999 -9999 -9999 -9999 -9999 -9999 -9999 -9999 -9999 -9999 -9999 -9999 -9999 303.31 302.8987 310.9 310.9 310.9 324.7916 324.66 324.66 325.1119 316.32 316.32 316.32 316.6421 316.68 316.68 316.2676 324.29 324.29 324.29 331.8943 332.79 332.79 332.79 336.596 336.56 336.56 336.0398 346.16 346.16 346.16 352.6414 352.58 352.58 353.6714 353.8 353.8 353.8 399.3275 407.6958 349.22 345.6414 415.26 415.26 415.26 421.9608 422.75 422.75 424.1697 396.55 396.55 396.55 376.6267 374.28 374.28 374.28 369.9893 370.03 370.03 383.9951 385.64
