Model and model input files/precip_1981.asc
ncols         625
nrows         453
xllcorner     138621.56993419
yllcorner     4094031.9406744
cellsize      1000
NODATA_value  -9999
[rows 34 to 67 of 453, columns 154 to 230 of 625]
772.39 857.0305 867 867 867 1037.545 1035.93 1035.93 1148.859 1162.16 1162.16 1162.16 949.7491 924.73 924.73 927.1928 879.28 879.28 879.28 843.8747 844.21 844.21 848.1267 771.93 771.93 771.93 757.4933 757.63 757.63 741.5824 1053.78 1053.78 1053.78 1116.847 1116.25 1116.25 1116.25 801.1656 804.15 804.15 699.7114 687.41 687.41 687.41 658.03 658.03 658.03 624.9289 621.03 621.03 622.5511 592.96 592.96 592.96 743.0065 760.68 760.68 743.4213 1079.18 1079.18 1079.18 1595.119 1655.89 1655.89 1655.89 1921.385 1918.87 1918.87 1582.795 -9999 -9999 -9999 -9999 -9999 -9999 -9999 -9999
757.2444 857.0305 867 867 867 1037.545 1035.93 1035.93 1148.859 1162.16 1162.16 1162.16 949.7491 924.73 924.73 927.1928 879.28 879.28 879.28 843.8747 844.21 844.21 848.1267 771.93 771.93 771.93 757.4933 757.63 757.63 741.5824 1053.78 1053.78 1053.78 1116.847 1116.25 1116.25 1133.162 804.15 804.15 804.15 699.7114 687.41 687.41 687.41 658.03 658.03 658.03 624.9289 621.03 621.03 622.5511 592.96 592.96 592.96 743.0065 760.68 760.68 743.4213 1079.18 1079.18 1079.18 1595.119 1655.89 1655.89 1655.89 1921.385 1918.87 1918.87 1582.795 -9999 -9999 -9999 -9999 -9999 -9999 -9999 -9999
628.66 665.9032 670.29 670.29 670.29 738.6273 737.98 737.98 752.7324 754.47 754.47 754.47 721.5482 721.86 721.86 722.4534 710.91 710.91 710.91 728.7792 728.61 728.61 722.5583 840.29 840.29 840.29 839.8458 839.85 839.85 833.7631 952.18 952.18 952.18 870.244 871.02 871.02 876.8246 763.9 804.15 804.15 699.7114 687.41 687.41 687.41 658.03 658.03 658.03 624.9289 621.03 621.03 622.5511 592.96 592.96 592.96 743.0065 760.68 760.68 743.4213 1079.18 1079.18 1079.18 1595.119 1655.89 1655.89 1641.64 1918.87 1918.87 1918.87 1582.795 -9999 -9999 -9999 -9999 -9999 -9999 -9999 -9999
628.66 665.9032 670.29 670.29 670.29 738.6273 737.98 737.98 752.7324 754.47 754.47 754.47 721.5482 721.86 721.86 722.4534 710.91 710.91 710.91 728.7792 728.61 728.61 722.5583 840.29 840.29 840.29 839.8458 839.85 839.85 833.7631 952.18 952.18 952.18 870.244 871.02 871.02 876.8246 763.9 763.9 763.9 625.4082 626.72 626.72 626.72 580.61 580.61 580.61 606.3573 609.39 609.39 604.1951 705.26 705.26 705.26 1066.787 1109.37 1109.37 1079.114 1667.73 1667.73 1667.73 1873.547 1897.79 1897.79 1897.208 1908.53 1908.53 1908.53 1485.131 -9999 -9999 -9999 -9999 -9999 -9999 -9999 -9999
628.66 665.9032 670.29 670.29 670.29 738.6273 737.98 737.98 752.7324 754.47 754.47 754.47 721.5482 721.86 721.86 712.0638 710.91 710.91 710.91 728.7792 728.61 728.61 722.5583 840.29 840.29 840.29 839.8458 839.85 839.85 833.7631 952.18 952.18 952.18 870.244 871.02 871.02 876.8246 763.9 763.9 763.9 625.4082 626.72 626.72 626.72 580.61 580.61 580.61 606.3573 609.39 609.39 604.1951 705.26 705.26 705.26 1066.787 1109.37 1109.37 1079.114 1667.73 1667.73 1667.73 1873.547 1897.79 1897.79 1897.208 1908.53 1908.53 1908.53 1430.734 -9999 -9999 -9999 -9999 -9999 -9999 -9999 -9999
628.66 665.9032 670.29 670.29 670.29 738.6273 737.98 737.98 752.7324 754.47 754.47 754.47 721.5482 721.86 721.86 712.0638 710.91 710.91 710.91 728.61 728.61 728.61 722.5583 840.29 840.29 840.29 839.8458 839.85 839.85 833.7631 952.18 952.18 952.18 870.244 871.02 871.02 876.8246 763.9 763.9 763.9 625.4082 626.72 626.72 629.2186 580.61 580.61 580.61 606.3573 609.39 609.39 604.1951 705.26 705.26 705.26 1066.787 1109.37 1109.37 1079.114 1667.73 1667.73 1667.73 1873.547 1897.79 1897.79 1897.208 1908.53 1908.53 1908.53 1430.734 -9999 -9999 -9999 -9999 -9999 -9999 -9999 -9999
535.9 580.9354 586.24 586.24 586.24 607.3903 607.19 607.19 637.5089 641.08 641.08 641.08 636.9913 637.03 637.03 650.4762 704.7087 710.91 710.91 728.61 728.61 728.61 722.5583 840.29 840.29 840.29 839.8458 839.85 839.85 833.7631 952.18 952.18 952.18 870.244 871.02 871.02 876.8246 763.9 763.9 763.9 625.4082 626.72 626.72 629.2186 580.61 580.61 580.61 606.3573 609.39 609.39 604.1951 705.26 705.26 705.26 1066.787 1109.37 1109.37 1079.114 1667.73 1667.73 1667.73 1873.547 1897.79 1897.79 1897.208 1908.53 1908.53 1908.53 1430.734 -9999 -9999 -9999 -9999 -9999 -9999 -9999 -9999
535.9 580.9354 586.24 586.24 586.24 607.3903 607.19 607.19 637.5089 641.08 641.08 641.08 636.9913 637.03 637.03 650.4762 652.06 652.06 652.06 693.28 693.28 693.28 765.5299 774.04 774.04 774.04 941.0014 939.42 939.42 938.3856 958.51 958.51 958.51 700.5264 702.97 702.97 704.84 668.46 668.46 668.46 611.7226 612.26 612.26 609.141 669.82 669.82 669.82 703.9735 703.65 703.65 692.1 916.8 916.8 916.8 1386.63 1441.97 1441.97 1429.737 1667.73 1667.73 1667.73 1873.547 1897.79 1897.79 1897.208 1908.53 1908.53 1908.53 1430.734 -9999 -9999 -9999 -9999 -9999 -9999 -9999 -9999
535.9 580.9354 586.24 586.24 586.24 607.3903 607.19 607.19 637.5089 641.08 641.08 641.08 636.9913 637.03 637.03 650.4762 652.06 652.06 652.06 693.28 693.28 693.28 765.5299 774.04 774.04 774.04 941.0014 939.42 939.42 938.3856 958.51 958.51 958.51 700.5264 702.97 702.97 704.84 668.46 668.46 668.46 611.7226 612.26 612.26 609.141 669.82 669.82 669.82 703.9735 703.65 703.65 692.1 916.8 916.8 916.8 1386.63 1441.97 1441.97 1414.018 1957.81 1957.81 1957.81 2128.048 2148.1 2148.1 2157.68 1971.31 1971.31 1971.31 1539.974 -9999 -9999 -9999 -9999 -9999 -9999 -9999 -9999
535.9 586.7214 586.24 586.24 586.24 607.3903 607.19 607.19 637.5089 641.08 641.08 641.08 636.9913 637.03 637.03 650.4762 652.06 652.06 652.06 693.28 693.28 693.28 765.5299 774.04 774.04 765.0784 939.42 939.42 939.42 938.3856 958.51 958.51 958.51 700.5264 702.97 702.97 704.84 668.46 668.46 668.46 611.7226 612.26 612.26 609.141 669.82 669.82 669.82 703.9735 703.65 703.65 894.3393 916.8 916.8 916.8 1386.63 1441.97 1441.97 1414.018 1957.81 1957.81 1957.81 2128.048 2148.1 2148.1 2157.68 1971.31 1971.31 1971.31 1539.974 -9999 -9999 -9999 -9999 -9999 -9999 -9999 -9999
535.9 586.7214 586.24 586.24 585.1047 607.19 607.19 607.19 637.5089 641.08 641.08 641.08 636.9913 637.03 637.03 650.4762 652.06 652.06 652.06 693.28 693.28 693.28 765.5299 774.04 774.04 765.0784 939.42 939.42 939.42 938.3856 958.51 958.51 958.51 700.5264 702.97 702.97 704.84 668.46 668.46 668.46 611.7226 612.26 612.26 609.141 669.82 669.82 669.82 703.9735 703.65 703.65 894.3393 916.8 916.8 916.8 1386.63 1441.97 1441.97 1414.018 1957.81 1957.81 1957.81 2128.048 2148.1 2148.1 2157.68 1971.31 1971.31 1971.31 1539.974 -9999 -9999 -9999 -9999 -9999 -9999 -9999 -9999
509.66 550.0425 549.66 549.66 548.0918 578.6 578.6 578.6 587.8504 588.94 588.94 588.94 597.5818 597.5 597.5 603.1272 603.79 603.79 603.79 647.19 647.19 647.19 697.1906 703.08 703.08 696.6534 821.68 821.68 821.68 760.1208 752.87 752.87 752.87 626.4223 703.6905 702.97 704.84 668.46 668.46 668.46 611.7226 612.26 612.26 609.141 669.82 669.82 669.82 703.9735 703.65 703.65 894.3393 916.8 916.8 916.8 1446.992 1441.97 1441.97 1414.018 1957.81 1957.81 1957.81 2128.048 2148.1 2148.1 2157.68 1971.31 1971.31 1971.31 1539.974 -9999 -9999 -9999 -9999 -9999 -9999 -9999 -9999
509.66 550.0425 549.66 549.66 548.0918 578.6 578.6 578.6 589.0389 588.94 588.94 588.94 597.5818 597.5 597.5 603.1272 603.79 603.79 603.79 647.19 647.19 647.19 697.1906 703.08 703.08 696.6534 821.68 821.68 821.68 760.1208 752.87 752.87 752.87 626.4223 627.62 627.62 628.3607 613.95 613.95 613.95 598.8066 598.95 598.95 595.3227 665.89 665.89 665.89 735.9233 735.26 735.26 987.8037 1017.55 1017.55 1017.55 1375.935 1372.54 1372.54 1348.376 1818.48 1818.48 1818.48 2031.991 2057.14 2057.14 2064.383 1923.47 1923.47 1923.47 1368.927 -9999 -9999 -9999 -9999 -9999 -9999 -9999 -9999
509.66 550.0425 549.66 549.66 548.0918 578.6 578.6 578.6 589.0389 588.94 588.94 588.94 597.5818 597.5 597.5 603.1272 603.79 603.79 603.79 647.19 647.19 647.19 697.1906 703.08 703.08 696.6534 821.68 821.68 821.68 760.1208 752.87 752.87 759.657 627.62 627.62 627.62 628.3607 613.95 613.95 613.95 598.8066 598.95 598.95 595.3227 665.89 665.89 665.89 735.9233 735.26 735.26 987.8037 1017.55 1017.55 1017.55 1375.935 1372.54 1372.54 1771.489 1818.48 1818.48 1818.48 2031.991 2057.14 2057.14 2064.383 1923.47 1923.47 1923.47 1368.927 -9999 -9999 -9999 -9999 -9999 -9999 -9999 -9999
509.66 550.0425 549.66 549.66 548.0918 578.6 578.6 578.6 589.0389 588.94 588.94 588.4761 597.5 597.5 597.5 603.1272 603.79 603.79 603.79 647.19 647.19 647.19 697.1906 703.08 703.08 696.6534 821.68 821.68 821.68 760.1208 752.87 752.87 759.657 627.62 627.62 627.62 628.3607 613.95 613.95 613.95 598.8066 598.95 598.95 595.3227 665.89 665.89 665.89 735.9233 735.26 735.26 987.8037 1017.55 1017.55 1017.55 1375.935 1372.54 1372.54 1771.489 1818.48 1818.48 1818.48 2031.991 2057.14 2057.14 2064.383 1923.47 1923.47 1923.47 1368.927 -9999 -9999 -9999 -9999 -9999 -9999 -9999 -9999
515.35 549.988 549.66 549.66 548.0918 578.6 578.6 578.6 589.0389 588.94 588.94 588.4761 597.5 597.5 597.5 603.1272 603.79 603.79 603.79 647.19 647.19 647.19 697.1906 703.08 703.08 696.6534 821.68 821.68 821.68 760.1208 752.87 752.87 759.657 627.62 627.62 627.62 615.3905 613.95 613.95 613.95 598.8066 598.95 598.95 595.3227 665.89 665.89 665.89 735.9233 735.26 735.26 987.8037 1017.55 1017.55 1017.55 1375.935 1372.54 1372.54 1771.489 1818.48 1818.48 1818.48 2031.991 2057.14 2057.14 2064.383 1923.47 1923.47 1923.47 1368.927 -9999 -9999 -9999 -9999 -9999 -9999 -9999 -9999
515.35 550.5333 550.2 550.2 549.8835 556.04 556.04 556.04 585.923 585.64 585.64 585.1437 594.8 594.8 594.8 621.5736 621.32 621.32 621.32 636.05 636.05 636.05 706.3854 714.67 714.67 708.3571 831.17 831.17 831.17 769.3425 762.06 762.06 766.6768 676.86 676.86 676.86 642.2022 638.12 638.12 638.12 634.8591 634.89 634.89 635.7787 618.49 618.49 618.49 728.0679 727.03 727.03 1025.969 1061.18 1061.18 1063.544 1375.935 1372.54 1372.54 1771.489 1818.48 1818.48 1818.48 2059.422 2057.14 2057.14 2064.383 1923.47 1923.47 1923.47 1368.927 -9999 -9999 -9999 -9999 -9999 -9999 -9999 -9999
515.35 550.5333 550.2 550.2 549.8835 556.04 556.04 556.04 585.923 585.64 585.64 585.1437 594.8 594.8 594.8 621.5736 621.32 621.32 621.32 636.05 636.05 636.05 706.3854 714.67 714.67 708.3571 831.17 831.17 831.17 769.3425 762.06 762.06 766.6768 676.86 676.86 676.86 642.2022 638.12 638.12 638.295 634.89 634.89 634.89 635.7787 618.49 618.49 618.49 728.0679 727.03 727.03 1025.969 1061.18 1061.18 1061.18 1489.881 1485.82 1485.82 1738.972 1768.79 1768.79 1768.79 1875.117 1874.11 1874.11 1900.222 1392.22 1392.22 1392.22 953.0098 -9999 -9999 -9999 -9999 -9999 -9999 -9999 -9999
515.35 550.5333 550.2 550.2 549.8835 556.04 556.04 556.04 585.923 585.64 585.64 585.1437 594.8 594.8 594.8 621.5736 621.32 621.32 620.5219 636.05 636.05 636.05 706.3854 714.67 714.67 708.3571 831.17 831.17 831.17 769.3425 762.06 762.06 766.6768 676.86 676.86 676.86 642.2022 638.12 638.12 638.295 634.89 634.89 634.89 635.7787 618.49 618.49 618.49 728.0679 727.03 727.03 1025.969 1061.18 1061.18 1061.18 1489.881 1485.82 1485.82 1738.972 1768.79 1768.79 1768.79 1875.117 1874.11 1874.11 1442.999 1392.22 1392.22 1392.22 953.0098 -9999 -9999 -9999 -9999 -9999 -9999 -9999 -9999
515.35 550.5333 550.2 550.2 549.8835 556.04 556.04 556.04 585.923 585.64 585.64 585.1437 594.8 594.8 594.8 621.5736 621.32 621.32 620.5219 636.05 636.05 636.05 706.3854 714.67 714.67 708.3571 831.17 831.17 831.17 769.3425 762.06 762.06 766.6768 676.86 676.86 676.86 642.2022 638.12 638.12 638.295 634.89 634.89 634.89 620.2181 618.49 618.49 618.49 728.0679 727.03 727.03 1025.969 1061.18 1061.18 1061.18 1489.881 1485.82 1485.82 1738.972 1768.79 1768.79 1768.79 1875.117 1874.11 1874.11 1442.999 1392.22 1392.22 1392.22 953.0098 -9999 -9999 -9999 -9999 -9999 -9999 -9999 -9999
501.77 508.94 508.94 508.94 506.2496 558.59 558.59 558.59 617.3768 616.82 616.82 616.2332 627.65 627.65 627.65 625.5501 625.57 625.8003 620.5219 636.05 636.05 636.05 715.4218 714.67 714.67 708.3571 831.17 831.17 831.17 769.3425 762.06 762.06 766.6768 676.86 676.86 676.86 642.2022 638.12 638.12 638.295 634.89 634.89 634.89 620.2181 618.49 618.49 618.49 728.0679 727.03 727.03 1025.969 1061.18 1061.18 1061.18 1489.881 1485.82 1485.82 1738.972 1768.79 1768.79 1768.79 1875.117 1874.11 1874.11 1442.999 1392.22 1392.22 1392.22 953.0098 -9999 -9999 -9999 -9999 -9999 -9999 -9999 -9999
501.77 508.94 508.94 508.94 506.2496 558.59 558.59 558.59 617.3768 616.82 616.82 616.2332 627.65 627.65 627.65 625.5501 625.57 625.57 626.987 599.42 599.42 599.42 642.1346 641.73 641.73 637.4399 720.9 720.9 720.9 747.1304 750.22 750.22 750.7645 740.17 740.17 740.17 659.7969 650.33 650.33 651.5292 628.2 628.2 628.2 608.9119 606.64 606.64 606.64 656.5225 656.05 656.05 812.7526 831.21 831.21 831.21 1108.022 1105.4 1105.4 1436.125 1475.08 1737.84 1768.79 1875.117 1874.11 1874.11 1442.999 1392.22 1392.22 1392.22 957.17 -9999 -9999 -9999 -9999 -9999 -9999 -9999 -9999
501.77 508.94 508.94 508.94 553.3582 558.59 558.59 558.59 617.3768 616.82 616.82 616.2332 627.65 627.65 627.65 625.5501 625.57 625.57 626.987 599.42 599.42 599.42 642.1346 641.73 641.73 712.5575 720.9 720.9 720.9 747.1304 750.22 750.22 750.7645 740.17 740.17 740.17 659.7969 650.33 650.33 651.5292 628.2 628.2 628.2 608.9119 606.64 606.64 603.9626 656.05 656.05 656.05 812.7526 831.21 831.21 831.21 1108.022 1105.4 1105.4 1436.125 1475.08 1475.08 1475.08 1663.939 1662.15 1662.15 1469.349 1446.64 1446.64 1446.64 955.67 -9999 -9999 -9999 -9999 -9999 -9999 -9999 -9999
501.77 508.94 508.94 508.94 553.3582 558.59 558.59 558.59 617.3768 616.82 616.82 616.2332 627.65 627.65 627.65 625.5501 625.57 625.57 626.987 599.42 599.42 599.42 642.1346 641.73 641.73 712.5575 720.9 720.9 720.9 747.1304 750.22 750.22 750.7645 740.17 740.17 740.17 659.7969 650.33 650.33 651.5292 628.2 628.2 628.2 608.9119 606.64 606.64 603.9626 656.05 656.05 656.05 812.7526 831.21 831.21 831.21 1108.022 1105.4 1105.4 1436.125 1475.08 1475.08 1475.08 1663.939 1662.15 1662.15 1469.349 1446.64 1446.64 1446.64 955.67 -9999 -9999 -9999 -9999 -9999 -9999 -9999 -9999
501.77 508.94 508.94 508.94 553.3582 558.59 558.59 555.4347 616.82 616.82 616.82 616.2332 627.65 627.65 627.65 625.5501 625.57 625.57 626.987 599.42 599.42 599.42 642.1346 641.73 641.73 712.5575 720.9 720.9 720.9 750.5004 750.22 750.22 750.7645 740.17 740.17 740.17 659.7969 650.33 650.33 651.5292 628.2 628.2 628.2 608.9119 606.64 606.64 603.9626 656.05 656.05 656.05 832.885 831.21 831.21 831.21 1108.022 1105.4 1105.4 1436.125 1475.08 1475.08 1475.08 1663.939 1662.15 1662.15 1469.349 1446.64 1446.64 1446.64 955.67 -9999 -9999 -9999 -9999 -9999 -9999 -9999 -9999
487.64 500.86 500.86 500.86 512.9643 514.39 514.39 512.9221 541.48 541.48 541.48 540.3784 561.81 561.81 561.81 546.9089 547.05 547.05 547.1459 545.28 545.28 545.28 570.4888 570.25 570.25 612.2795 617.23 617.23 617.23 634.1806 634.02 634.02 634.2183 630.36 630.36 728.5988 659.7969 650.33 650.33 651.5292 628.2 628.2 628.2 608.9119 606.64 606.64 603.9626 656.05 656.05 656.05 832.885 831.21 831.21 831.21 1108.022 1105.4 1105.4 1436.125 1475.08 1475.08 1475.08 1663.939 1662.15 1662.15 1469.349 1446.64 1446.64 1446.64 955.67 -9999 -9999 -9999 -9999 -9999 -9999 -9999 -9999
487.64 500.86 500.86 500.86 512.9643 514.39 514.39 512.9221 541.48 541.48 541.48 559.6677 561.81 561.81 561.81 546.9089 547.05 547.05 547.1459 545.28 545.28 545.28 570.4888 570.25 570.25 612.2795 617.23 617.23 617.23 634.1806 634.02 634.02 630.7457 630.36 630.36 630.36 616.6454 615.03 615.03 616.3311 591.02 591.02 591.02 602.2386 603.56 603.56 602.7418 618.66 618.66 618.66 670.8645 670.37 670.37 670.37 887.1533 885.1 885.1 1310.781 1360.92 1360.92 1360.92 1688.069 1684.97 1684.97 1658.087 1654.92 1654.92 1654.92 1098.37 -9999 -9999 -9999 -9999 -9999 -9999 -9999 -9999
487.64 500.86 500.86 500.86 512.9643 514.39 514.39 512.9221 541.48 541.48 541.48 559.6677 561.81 561.81 561.81 546.9089 547.05 547.05 547.1459 545.28 545.28 545.28 570.4888 570.25 570.25 612.2795 617.23 617.23 617.23 634.1806 634.02 634.02 630.7457 630.36 630.36 630.36 616.6454 615.03 615.03 616.3311 591.02 591.02 591.02 602.2386 603.56 603.56 602.7418 618.66 618.66 618.66 670.8645 670.37 670.37 658.7343 885.1 885.1 885.1 1310.781 1360.92 1360.92 1360.92 1688.069 1684.97 1684.97 1658.087 1654.92 1654.92 1654.92 1098.37 -9999 -9999 -9999 -9999 -9999 -9999 -9999 -9999
487.64 500.86 500.86 500.86 512.9643 514.39 514.39 512.9221 541.48 541.48 541.48 559.6677 561.81 561.81 562.6098 547.05 547.05 547.05 547.1459 545.28 545.28 545.28 570.4888 570.25 570.25 612.2795 617.23 617.23 617.23 634.1806 634.02 634.02 630.7457 630.36 630.36 630.36 614.8834 615.03 615.03 616.3311 591.02 591.02 591.02 602.2386 603.56 603.56 602.7418 618.66 618.66 618.66 670.8645 670.37 670.37 658.7343 885.1 885.1 885.1 1310.781 1360.92 1360.92 1360.92 1688.069 1684.97 1684.97 1658.087 1654.92 1654.92 1654.92 1098.37 -9999 -9999 -9999 -9999 -9999 -9999 -9999 -9999
602.02 567.51 567.51 567.51 562.8043 562.25 562.25 562.8672 550.86 550.86 550.86 551.5578 551.64 551.64 562.707 547.05 547.05 547.05 547.1459 545.28 545.28 545.28 570.4888 570.25 570.25 612.2795 617.23 617.23 617.23 634.1806 634.02 634.02 630.7457 630.36 630.36 630.36 614.8834 615.03 615.03 616.3311 591.02 591.02 591.02 602.2386 603.56 603.56 602.7418 618.66 618.66 618.66 670.8645 670.37 670.37 658.7343 885.1 885.1 885.1 1365.47 1360.92 1360.92 1360.92 1688.069 1684.97 1684.97 1658.087 1654.92 1654.92 1654.92 1098.37 -9999 -9999 -9999 -9999 -9999 -9999 -9999 -9999
602.02 567.51 567.51 567.51 562.8043 562.25 562.25 562.8672 550.86 550.86 550.86 551.5578 551.64 551.64 551.6628 551.22 551.22 551.22 559.7994 560.81 560.81 560.81 569.472 569.39 569.39 563.566 562.88 562.88 562.88 565.9895 565.96 565.96 573.9848 574.93 574.93 574.93 603.3492 603.08 603.08 601.7199 628.18 628.18 628.18 658.8925 662.51 662.51 656.3679 775.86 775.86 775.86 683.1216 684 684 680.1663 754.75 871.3643 885.1 1365.47 1360.92 1360.92 1360.92 1688.069 1684.97 1684.97 1658.087 1654.92 1654.92 1654.92 1098.37 -9999 -9999 -9999 -9999 -9999 -9999 -9999 -9999
603.89 567.51 567.51 567.51 562.8043 562.25 562.25 562.8672 550.86 550.86 550.86 551.5578 551.64 551.64 551.6628 551.22 551.22 551.22 559.7994 560.81 560.81 560.81 569.472 569.39 569.39 563.566 562.88 562.88 562.88 565.9895 565.96 565.96 573.9848 574.93 574.93 574.93 603.3492 603.08 603.08 625.5351 628.18 628.18 628.18 658.8925 662.51 662.51 656.3679 775.86 775.86 775.86 683.1216 684 684 680.1663 754.75 754.75 754.75 1441.858 1435.35 1435.35 1435.35 1838.953 1835.13 1835.13 1770.923 1763.36 1763.36 1763.36 1236.48 -9999 -9999 -9999 -9999 -9999 -9999 -9999 -9999
603.89 567.51 567.51 567.51 562.8043 562.25 562.25 562.8672 550.86 550.86 550.86 551.5578 551.64 551.64 551.6628 551.22 551.22 551.22 559.7994 560.81 560.81 560.81 569.472 569.39 569.39 563.566 562.88 562.88 562.88 565.9895 565.96 565.96 573.9848 574.93 574.93 574.93 603.3492 603.08 603.08 625.5351 628.18 628.18 628.18 658.8925 662.51 662.51 656.3679 775.86 775.86 775.86 683.1216 684 684 680.1663 754.75 754.75 754.75 1441.858 1435.35 1435.35 1413.687 1835.13 1835.13 1835.13 1770.923 1763.36 1763.36 1763.36 1236.48 -9999 -9999 -9999 -9999 -9999 -9999 -9999 -9999
603.89 567.51 567.51 567.51 562.8043 562.25 562.25 562.8672 550.86 550.86 550.86 551.5578 551.64 551.64 551.6628 551.22 551.22 551.22 559.7994 560.81 560.81 560.3451 569.39 569.39 569.39 563.566 562.88 562.88 562.88 565.9895 565.96 565.96 573.9848 574.93 574.93 574.93 603.3492 603.08 603.08 625.5351 628.18 628.18 628.18 658.8925 662.51 662.51 656.3679 775.86 775.86 775.86 683.1216 684 684 680.1663 754.75 754.75 754.75 1441.858 1435.35 1435.35 1413.687 1835.13 1835.13 1835.13 1770.923 1763.36 1763.36 1763.36 1236.48 -9999 -9999 -9999 -9999 -9999 -9999 -9999 -9999
