Model and model input files/precip_1986.asc
ncols         625
nrows         453
xllcorner     138621.56993419
yllcorner     4094031.9406744
cellsize      1000
NODATA_value  -9999
[rows 0 to 33 of 453, columns 0 to 76 of 625]
-9999 -9999 -9999 -9999 -9999 -9999 -9999 -9999 -9999 -9999 -9999 -9999 -9999 -9999 -9999 -9999 -9999 483.59 483.59 483.7151 498.12 498.12 498.12 521.8795 525.09 525.09 525.09 518.18 518.18 518.18 465.9302 458.87 458.87 458.87 433.81 433.81 433.81 413.4951 410.75 410.75 410.75 382.39 382.39 382.39 372.48 372.48 372.48 372.48 369.09 369.09 369.09 359.88 359.88 359.88 359.88 357.97 357.97 357.97 360.9388 361.34 361.34 361.34 364.29 364.29 364.29 353.5511 352.1 352.1 352.1 344.97 344.97 344.97 355.1803 356.56 356.56 335.3889 343.3783
-9999 -9999 -9999 -9999 -9999 -9999 -9999 -9999 -9999 -9999 -9999 -9999 -9999 -9999 -9999 -9999 -9999 483.59 483.59 496.5889 498.12 498.12 498.12 525.3479 525.09 525.09 525.4645 518.18 518.18 518.18 465.1198 458.87 458.87 460.2279 433.81 433.81 433.81 413.18 410.75 410.75 412.2867 382.39 382.39 382.39 372.3853 372.48 372.48 372.6637 369.09 369.09 369.09 359.7919 359.88 359.88 359.9835 357.97 357.97 357.97 361.3722 361.34 361.34 361.34 364.29 364.29 364.29 353.3845 352.1 352.1 352.4864 344.97 344.97 344.97 355.3387 356.56 356.56 356.185 363.48
-9999 -9999 -9999 -9999 -9999 -9999 -9999 -9999 -9999 -9999 -9999 -9999 -9999 -9999 -9999 -9999 -9999 463.55 483.7816 496.5889 498.12 498.12 498.12 525.3479 525.09 525.09 518.9081 518.18 518.18 518.18 465.1198 458.87 458.87 460.2279 433.81 433.81 433.81 413.18 410.75 410.75 412.2867 382.39 382.39 382.39 372.3853 372.48 372.48 372.6637 369.09 369.09 369.09 359.7919 359.88 359.88 359.9835 357.97 357.97 357.97 361.3722 361.34 361.34 361.1801 364.29 364.29 364.29 353.3845 352.1 352.1 352.4864 344.97 344.97 344.97 355.3387 356.56 356.56 356.185 363.48
-9999 -9999 -9999 -9999 -9999 -9999 -9999 -9999 -9999 -9999 -9999 -9999 -9999 -9999 -9999 -9999 -9999 463.55 463.55 526.8268 534.28 534.28 534.28 517.4506 517.61 517.61 523.4519 524.14 524.14 524.14 522.5752 522.59 522.59 553.5172 557.16 557.16 557.16 450.0108 438.8336 410.75 412.2867 382.39 382.39 382.39 372.3853 372.48 372.48 372.6637 369.09 369.09 369.09 359.7919 359.88 359.88 359.9835 357.97 357.97 357.97 361.3722 361.34 361.34 361.1801 364.29 364.29 364.29 351.9834 352.1 352.1 352.4864 344.97 344.97 344.97 355.3387 356.56 356.56 356.185 363.48
-9999 -9999 -9999 -9999 -9999 -9999 -9999 -9999 -9999 -9999 -9999 -9999 -9999 -9999 -9999 -9999 -9999 463.55 463.55 526.8268 534.28 534.28 534.28 517.4506 517.61 517.61 523.4519 524.14 524.14 524.14 522.5752 522.59 522.59 553.5172 557.16 557.16 557.16 436.2447 437.39 437.39 440.1855 385.8 385.8 385.8 378.1071 378.18 378.18 378.271 376.5 376.5 376.5 363.0123 363.14 363.14 363.1259 363.4 363.4 363.4 357.696 357.75 357.75 360.8018 364.29 364.29 364.29 351.9834 352.1 352.1 345.7213 344.97 344.97 344.97 355.3387 356.56 356.56 356.185 363.48
-9999 -9999 -9999 -9999 -9999 -9999 -9999 -9999 -9999 -9999 -9999 -9999 -9999 -9999 -9999 -9999 -9999 463.55 463.55 526.8268 534.28 534.28 534.28 517.4506 517.61 517.61 523.4519 524.14 524.14 524.14 522.5752 522.59 522.59 553.5172 557.16 557.16 557.16 436.2447 437.39 437.39 391.2363 385.8 385.8 385.8 378.1071 378.18 378.18 378.271 376.5 376.5 376.5 363.0123 363.14 363.14 363.1259 363.4 363.4 363.4 357.696 357.75 357.75 357.6503 359.59 359.59 359.59 365.7382 365.68 365.68 372.2018 372.97 372.97 372.97 384.6607 384.55 384.55 384.4199 386.95
-9999 -9999 -9999 -9999 -9999 -9999 -9999 -9999 -9999 -9999 -9999 -9999 -9999 -9999 -9999 -9999 -9999 463.55 463.55 526.8268 534.28 534.28 534.28 517.4506 517.61 517.61 523.4519 524.14 524.14 524.14 522.5752 522.59 522.59 553.5172 557.16 557.16 557.16 436.2447 437.39 437.39 391.2363 385.8 385.8 385.8 378.18 378.18 378.18 378.271 376.5 376.5 376.5 363.0123 363.14 363.14 363.1259 363.4 363.4 363.4 357.696 357.75 357.75 357.6503 359.59 359.59 359.59 365.7382 365.68 365.68 372.2018 372.97 372.97 372.97 384.6607 384.55 384.55 386.6971 386.95
-9999 -9999 -9999 -9999 -9999 -9999 -9999 -9999 -9999 -9999 -9999 -9999 -9999 -9999 -9999 -9999 -9999 383.05 383.05 426.1886 425.78 425.78 425.78 473.3405 472.89 472.89 497.4922 524.3671 524.14 524.14 522.5752 522.59 522.59 553.5172 557.16 557.16 557.16 436.2447 437.39 437.39 391.2363 385.8 385.8 385.8 378.18 378.18 378.18 376.677 376.5 376.5 377.2239 363.14 363.14 363.14 363.1259 363.4 363.4 363.4 357.696 357.75 357.75 357.6503 359.59 359.59 359.59 365.7382 365.68 365.68 372.2018 372.97 372.97 372.97 384.6607 384.55 384.55 386.6971 386.95
-9999 -9999 -9999 -9999 -9999 -9999 -9999 -9999 -9999 -9999 -9999 -9999 -9999 -9999 -9999 -9999 -9999 383.05 383.05 426.1886 425.78 425.78 423.2272 472.89 472.89 472.89 497.4922 500.39 500.39 500.39 512.2927 512.18 512.18 495.9515 494.04 494.04 494.04 442.4514 442.94 442.94 410.5277 406.71 406.71 406.71 381.59 381.59 381.59 369.8972 368.0876 376.5 377.2239 363.14 363.14 363.14 363.3726 363.4 363.4 363.4 357.696 357.75 357.75 357.6503 359.59 359.59 359.59 365.7382 365.68 365.68 372.2018 372.97 372.97 372.97 384.6607 384.55 384.55 386.6971 386.95
-9999 -9999 -9999 -9999 -9999 -9999 -9999 -9999 -9999 -9999 -9999 -9999 -9999 -9999 -9999 -9999 -9999 383.05 383.05 426.1886 425.78 425.78 423.2272 472.89 472.89 472.89 500.653 500.39 500.39 500.39 512.2927 512.18 512.18 495.9515 494.04 494.04 494.04 442.4514 442.94 442.94 410.5277 406.71 406.71 406.71 381.59 381.59 381.59 369.8972 368.52 368.52 369.0667 358.43 358.43 358.43 359.6378 359.78 359.78 359.14 371.59 371.59 371.59 371.3629 375.78 375.78 375.78 376.84 376.83 376.83 390.983 392.65 392.65 392.65 384.4725 384.55 384.55 386.6971 386.95
-9999 -9999 -9999 -9999 -9999 -9999 -9999 -9999 -9999 -9999 -9999 -9999 -9999 -9999 -9999 -9999 -9999 383.05 383.05 426.1886 425.78 425.78 423.2272 472.89 472.89 472.89 500.653 500.39 500.39 499.7512 512.18 512.18 512.18 495.9515 494.04 494.04 494.04 442.4514 442.94 442.94 410.5277 406.71 406.71 406.71 381.59 381.59 381.59 369.8972 368.52 368.52 369.0667 358.43 358.43 358.43 359.6378 359.78 359.78 359.14 371.59 371.59 371.59 375.3385 375.78 375.78 375.78 376.84 376.83 376.83 390.983 392.65 392.65 392.65 421.584 421.31 421.31 419.6729 419.48
-9999 -9999 -9999 -9999 -9999 -9999 -9999 -9999 -9999 -9999 -9999 -9999 -9999 -9999 -9999 -9999 -9999 383.05 383.05 426.1886 425.78 425.78 423.2272 472.89 472.89 472.89 500.653 500.39 500.39 499.7512 512.18 512.18 512.18 493.8665 494.04 494.04 496.809 442.94 442.94 442.94 410.5277 406.71 406.71 406.71 381.59 381.59 381.59 369.8972 368.52 368.52 369.0667 358.43 358.43 358.43 359.6378 359.78 359.78 359.14 371.59 371.59 371.59 375.3385 375.78 375.78 375.7231 376.83 376.83 376.83 390.983 392.65 392.65 392.65 421.584 421.31 421.31 419.6729 419.48
-9999 -9999 -9999 -9999 -9999 -9999 -9999 -9999 -9999 -9999 -9999 -9999 -9999 -9999 -9999 -9999 -9999 323.06 323.06 326.2805 326.25 326.25 325.3277 343.27 343.27 343.27 369.8013 369.55 369.55 361.8212 512.18 512.18 512.18 493.8665 494.04 494.04 496.809 442.94 442.94 442.94 406.3636 406.71 406.71 406.71 381.59 381.59 381.59 369.8972 368.52 368.52 369.0667 358.43 358.43 358.43 359.6378 359.78 359.78 359.14 371.59 371.59 371.59 375.3385 375.78 375.78 375.7231 376.83 376.83 376.83 392.8013 392.65 392.65 392.65 421.584 421.31 421.31 419.6729 419.48
-9999 -9999 -9999 -9999 -9999 -9999 -9999 -9999 -9999 -9999 -9999 -9999 -9999 -9999 -9999 -9999 -9999 323.06 323.06 326.2805 326.25 326.25 325.3277 343.27 343.27 343.27 369.8013 369.55 369.55 366.1985 431.4 431.4 431.4 497.4456 496.82 496.82 495.8192 515.29 515.29 515.29 504.8814 504.98 504.98 510.3196 406.44 406.44 406.44 369.0804 364.68 364.68 364.732 363.72 363.72 363.72 369.1951 369.84 369.84 370.0443 366.07 371.6428 371.59 375.3385 375.78 375.78 375.7231 376.83 376.83 376.83 392.8013 392.65 392.65 391.097 421.31 421.31 421.31 419.6729 419.48
-9999 -9999 -9999 -9999 -9999 -9999 -9999 -9999 -9999 -9999 -9999 -9999 -9999 -9999 -9999 -9999 -9999 323.06 323.06 326.25 326.25 326.25 325.3277 343.27 343.27 343.27 369.8013 369.55 369.55 366.1985 431.4 431.4 431.4 497.4456 496.82 496.82 495.8192 515.29 515.29 515.29 504.8814 504.98 504.98 510.3196 406.44 406.44 406.44 364.2807 364.68 364.68 364.732 363.72 363.72 363.72 369.1951 369.84 369.84 370.0443 366.07 366.07 366.07 380.6882 382.41 382.41 381.0743 407.06 407.06 407.06 447.7555 447.37 447.37 448.3156 429.92 429.92 429.92 404.055 404.3
-9999 -9999 -9999 -9999 -9999 -9999 -9999 -9999 -9999 -9999 -9999 -9999 -9999 -9999 -9999 -9999 -9999 323.06 323.06 326.25 326.25 326.25 341.4765 343.27 343.27 343.27 369.8013 369.55 369.55 366.1985 431.4 431.4 431.4 497.4456 496.82 496.82 495.8192 515.29 515.29 515.29 504.8814 504.98 504.98 510.3196 406.44 406.44 406.44 364.2807 364.68 364.68 363.8212 363.72 363.72 363.72 369.1951 369.84 369.84 370.0443 366.07 366.07 366.07 380.6882 382.41 382.41 381.0743 407.06 407.06 407.06 447.7555 447.37 447.37 448.3156 429.92 429.92 429.92 404.055 404.3
-9999 -9999 -9999 -9999 -9999 -9999 -9999 -9999 -9999 -9999 -9999 -9999 -9999 -9999 -9999 -9999 -9999 328.74 323.0057 326.25 326.25 326.25 341.4765 343.27 343.27 341.8459 369.55 369.55 369.55 366.1985 431.4 431.4 431.4 497.4456 496.82 496.82 495.8192 515.29 515.29 515.29 504.8814 504.98 504.98 510.3196 406.44 406.44 406.44 364.2807 364.68 364.68 363.8212 363.72 363.72 363.72 369.8985 369.84 369.84 370.0443 366.07 366.07 366.07 380.6882 382.41 382.41 381.0743 407.06 407.06 407.06 447.7555 447.37 447.37 448.3156 429.92 429.92 429.92 404.055 404.3
-9999 -9999 -9999 -9999 -9999 -9999 -9999 -9999 -9999 -9999 -9999 -9999 -9999 -9999 -9999 -9999 -9999 328.74 328.74 316.5 316.5 316.5 305.8898 304.64 304.64 304.9494 298.93 298.93 298.93 308.1357 309.22 309.22 309.22 359.8193 359.34 359.34 354.9107 441.08 441.08 515.9996 504.8814 504.98 504.98 510.3196 406.44 406.44 406.44 364.2807 364.68 364.68 363.8212 363.72 363.72 363.72 369.8985 369.84 369.84 366.4673 366.07 366.07 366.07 380.6882 382.41 382.41 381.0743 407.06 407.06 407.06 447.7555 447.37 447.37 448.3156 429.92 429.92 429.92 404.055 404.3
-9999 -9999 -9999 -9999 -9999 -9999 -9999 -9999 -9999 -9999 -9999 -9999 -9999 -9999 -9999 -9999 -9999 328.74 328.74 316.5 316.5 316.5 305.8898 304.64 304.64 304.9494 298.93 298.93 298.93 308.1357 309.22 309.22 306.5041 359.34 359.34 359.34 354.9107 441.08 441.08 441.08 487.2069 486.77 486.77 489.3775 438.65 438.65 438.65 364.4774 365.18 365.18 353.9793 352.66 352.66 352.66 362.6345 362.54 362.54 398.9155 403.2 403.2 403.2 422.7082 382.41 382.41 381.0743 407.06 407.06 407.06 447.7555 447.37 447.37 448.3156 429.92 429.92 429.92 404.055 404.3
-9999 -9999 -9999 -9999 -9999 -9999 -9999 -9999 -9999 -9999 -9999 -9999 -9999 -9999 -9999 -9999 -9999 328.74 328.74 316.5 316.5 316.5 305.8898 304.64 304.64 304.9494 298.93 298.93 298.93 308.1357 309.22 309.22 306.5041 359.34 359.34 359.34 432.4666 441.08 441.08 438.6042 486.77 486.77 486.77 489.3775 438.65 438.65 438.65 364.4774 365.18 365.18 353.9793 352.66 352.66 352.66 362.6345 362.54 362.54 398.9155 403.2 403.2 403.2 420.6453 420.48 420.48 418.3866 418.14 418.14 418.14 426.7112 426.63 426.63 427.3263 413.78 413.78 413.78 390.0452 390.27
-9999 -9999 -9999 -9999 -9999 -9999 -9999 -9999 -9999 -9999 -9999 -9999 -9999 -9999 -9999 -9999 -9999 328.74 328.74 316.5 316.5 316.5 305.8898 304.64 304.64 304.9494 298.93 298.93 298.93 308.1357 309.22 309.22 306.5041 359.34 359.34 359.34 432.4666 441.08 441.08 438.6042 486.77 486.77 486.77 443.7206 438.65 438.65 438.65 364.4774 365.18 365.18 353.9793 352.66 352.66 352.66 362.6345 362.54 362.54 398.9155 403.2 403.2 403.2 420.6453 420.48 420.48 418.3866 418.14 418.14 418.14 426.63 426.63 426.63 427.3263 413.78 413.78 413.78 390.0452 390.27
-9999 -9999 -9999 -9999 -9999 -9999 -9999 -9999 -9999 -9999 -9999 -9999 -9999 -9999 -9999 -9999 -9999 401.4 401.6498 396.79 396.79 396.79 346.351 340.41 340.41 341.9928 311.2 300.2229 298.93 308.1357 309.22 309.22 306.5041 359.34 359.34 359.34 432.4666 441.08 441.08 438.6042 486.77 486.77 486.77 443.7206 438.65 438.65 442.6312 365.18 365.18 365.18 353.9793 352.66 352.66 352.66 362.6345 362.54 362.54 398.9155 403.2 403.2 403.2 420.6453 420.48 420.48 418.3866 418.14 418.14 418.14 426.63 426.63 426.63 415.1341 413.78 413.78 413.78 390.0452 390.27
-9999 -9999 -9999 -9999 -9999 -9999 -9999 -9999 -9999 -9999 -9999 -9999 -9999 -9999 -9999 -9999 -9999 401.4 401.6498 396.79 396.79 396.79 339.8709 340.41 340.41 341.9928 311.2 311.2 311.2 290.2926 287.83 287.83 287.1125 301.07 301.07 301.07 347.7068 353.2 353.2 352.0328 374.74 374.74 374.74 373.4786 373.33 373.33 373.8448 363.83 363.83 365.1929 352.5403 352.66 352.66 352.66 362.6345 362.54 362.54 398.9155 403.2 403.2 403.2 420.6453 420.48 420.48 418.3866 418.14 418.14 418.14 426.63 426.63 426.63 415.1341 413.78 413.78 413.78 390.27 390.27
-9999 -9999 -9999 -9999 -9999 -9999 -9999 -9999 -9999 -9999 -9999 -9999 -9999 -9999 -9999 -9999 -9999 401.4 401.6498 396.79 396.79 396.79 339.8709 340.41 340.41 314.278 311.2 311.2 311.2 290.2926 287.83 287.83 287.1125 301.07 301.07 301.07 347.7068 353.2 353.2 352.0328 374.74 374.74 374.74 373.4786 373.33 373.33 373.8448 363.83 363.83 363.83 362.0532 362.07 362.07 362.07 403.0986 402.71 402.71 397.8522 397.28 397.28 397.28 389.89 389.96 389.96 392.3844 392.67 392.67 392.67 391.95 391.95 391.95 383.9163 410.5334 413.78 413.78 390.27 390.27
-9999 -9999 -9999 -9999 -9999 -9999 -9999 -9999 -9999 -9999 -9999 -9999 -9999 -9999 -9999 -9999 -9999 401.4 401.6498 396.79 396.79 396.79 339.8709 340.41 340.41 314.278 311.2 311.2 311.2 287.6065 287.83 287.83 287.1125 301.07 301.07 301.07 347.7068 353.2 353.2 352.0328 374.74 374.74 374.74 373.4786 373.33 373.33 373.8448 363.83 363.83 363.83 362.0532 362.07 362.07 359.8678 402.71 402.71 402.71 397.8522 397.28 397.28 397.28 389.89 389.96 389.96 392.3844 392.67 392.67 392.67 391.95 391.95 391.95 383.9163 382.97 382.97 382.97 375.35 375.35
-9999 -9999 -9999 -9999 -9999 -9999 -9999 -9999 -9999 -9999 -9999 -9999 -9999 -9999 -9999 -9999 -9999 401.4 401.6498 396.79 396.79 396.79 339.8709 340.41 340.41 314.278 311.2 311.2 311.2 287.6065 287.83 287.83 299.6748 301.07 301.07 301.07 347.7068 353.2 353.2 352.0328 374.74 374.74 374.74 373.4786 373.33 373.33 373.8448 363.83 363.83 363.83 362.0532 362.07 362.07 359.8678 402.71 402.71 402.71 397.2281 397.28 397.28 397.6767 389.96 389.96 389.96 392.3844 392.67 392.67 392.67 391.95 391.95 391.95 383.9163 382.97 382.97 382.97 375.35 375.35
-9999 -9999 -9999 -9999 -9999 -9999 -9999 -9999 -9999 -9999 -9999 -9999 -9999 -9999 -9999 -9999 -9999 438.34 437.0211 462.68 462.68 462.68 423.0446 423.42 423.42 411.933 410.58 410.58 410.58 334.0653 334.79 334.79 305.4105 301.95 301.95 301.95 316.7805 353.5496 353.2 352.0328 374.74 374.74 374.74 373.4786 373.33 373.33 373.8448 363.83 363.83 363.83 362.0532 362.07 362.07 359.8678 402.71 402.71 402.71 397.2281 397.28 397.28 397.6767 389.96 389.96 389.96 392.3844 392.67 392.67 392.67 391.95 391.95 391.95 383.9163 382.97 382.97 382.97 375.35 375.35
-9999 -9999 -9999 -9999 -9999 -9999 -9999 -9999 -9999 -9999 -9999 -9999 -9999 -9999 -9999 -9999 -9999 438.34 437.0211 462.68 462.68 462.68 423.0446 423.42 423.42 411.933 410.58 410.58 410.58 334.0653 334.79 334.79 305.4105 301.95 301.95 301.95 316.7805 316.64 316.64 328.5743 329.98 329.98 329.98 331.814 332.03 332.03 331.1868 347.59 347.59 347.59 392.9799 392.55 392.55 390.7125 426.46 426.46 426.46 403.1896 403.41 397.2214 397.6767 389.96 389.96 389.96 392.6959 392.67 392.67 392.67 391.95 391.95 391.95 383.9163 382.97 382.97 382.97 375.35 375.35
-9999 -9999 -9999 -9999 -9999 -9999 -9999 -9999 -9999 -9999 -9999 -9999 -9999 -9999 -9999 -9999 -9999 438.34 460.1152 462.68 462.68 462.68 423.0446 423.42 423.42 411.933 410.58 410.58 410.58 334.0653 334.79 334.79 305.4105 301.95 301.95 301.95 316.7805 316.64 316.64 328.5743 329.98 329.98 329.98 332.0496 332.03 332.03 331.1868 347.59 347.59 347.59 392.9799 392.55 392.55 390.7125 426.46 426.46 426.46 403.1896 403.41 403.41 404.3068 386.86 386.86 386.86 376.7442 376.84 376.84 377.312 368.13 368.13 368.13 367.2443 367.14 367.14 367.14 365.95 365.95
-9999 -9999 -9999 -9999 -9999 -9999 -9999 -9999 -9999 -9999 -9999 -9999 -9999 -9999 -9999 -9999 -9999 438.34 460.1152 462.68 462.68 464.8074 423.42 423.42 423.42 411.933 410.58 410.58 410.58 334.0653 334.79 334.79 305.4105 301.95 301.95 301.95 316.7805 316.64 316.64 328.5743 329.98 329.98 329.98 332.0496 332.03 332.03 345.9503 347.59 347.59 347.59 392.9799 392.55 392.55 390.7125 426.46 426.46 426.46 403.1896 403.41 403.41 404.3068 386.86 386.86 386.86 376.7442 376.84 376.84 377.312 368.13 368.13 368.13 367.1306 367.14 367.14 367.14 365.95 365.95
-9999 -9999 -9999 -9999 -9999 -9999 -9999 -9999 -9999 -9999 -9999 -9999 -9999 -9999 -9999 -9999 -9999 465.54 462.9814 462.68 462.68 464.8074 423.42 423.42 423.42 410.4572 410.58 410.58 410.58 334.0653 334.79 334.79 305.4105 301.95 301.95 301.95 316.7805 316.64 316.64 328.5743 329.98 329.98 329.98 332.0496 332.03 332.03 345.9503 347.59 347.59 347.59 392.55 392.55 392.55 390.7125 426.46 426.46 426.46 403.1896 403.41 403.41 404.3068 386.86 386.86 386.86 376.7442 376.84 376.84 377.312 368.13 368.13 368.13 367.1306 367.14 367.14 367.2045 365.95 365.95
-9999 -9999 -9999 -9999 -9999 -9999 -9999 -9999 -9999 -9999 -9999 -9999 -9999 -9999 -9999 -9999 -9999 465.54 463.5629 463.33 463.33 465.4292 424.59 424.59 424.59 450.9598 450.71 450.71 452.9702 409 409 409 346.7609 339.43 339.43 339.43 324.9024 325.04 325.04 325.049 325.05 325.05 325.05 333.9139 333.83 333.83 348.5595 347.59 347.59 347.59 392.55 392.55 392.55 422.8867 426.46 426.46 426.46 403.1896 403.41 403.41 404.3068 386.86 386.86 386.86 376.7442 376.84 376.84 377.312 368.13 368.13 368.13 367.1306 367.14 367.14 367.2045 365.95 365.95
-9999 -9999 -9999 -9999 -9999 -9999 -9999 -9999 -9999 -9999 -9999 -9999 -9999 -9999 -9999 -9999 -9999 465.54 463.5629 463.33 463.33 465.4292 424.59 424.59 424.59 450.9598 450.71 450.71 452.9702 409 409 409 338.7647 339.43 339.43 339.43 324.9024 325.04 325.04 325.049 325.05 325.05 325.05 333.9139 333.83 333.83 348.4214 350.14 350.14 350.14 373 373 373 395.1241 397.73 397.73 396.5303 419.87 419.87 419.87 420.2591 412.69 412.69 412.69 381.2018 381.5 381.5 382.3264 366.25 366.1481 368.13 367.1306 367.14 367.14 367.2045 365.95 365.95
-9999 -9999 -9999 -9999 -9999 -9999 -9999 -9999 -9999 -9999 -9999 -9999 -9999 -9999 -9999 -9999 -9999 465.54 463.5629 463.33 463.33 465.4292 424.59 424.59 424.59 450.9598 450.71 450.71 452.9702 409 409 409 338.7647 339.43 339.43 340.2097 325.04 325.04 325.04 325.049 325.05 325.05 325.05 333.9139 333.83 333.83 348.4214 350.14 350.14 350.14 373 373 373 395.1241 397.73 397.73 396.5303 419.87 419.87 419.87 413.4466 412.69 412.69 412.69 381.2018 381.5 381.5 382.3264 366.25 366.25 366.25 359.3143 359.38 359.38 359.354 359.86 359.86
