Model and model input files/precip_1992.asc
ncols         625
nrows         453
xllcorner     138621.56993419
yllcorner     4094031.9406744
cellsize      1000
NODATA_value  -9999
[rows 102 to 135 of 453, columns 154 to 230 of 625]
735.14 735.14 735.14 876.7054 893.38 893.38 893.38 934.1 934.1 934.1 919.2045 917.45 917.45 923.0096 814.85 814.85 814.85 803.8461 802.55 802.55 802.55 966.2405 964.69 964.69 964.5177 967.87 967.87 967.87 910.8398 911.38 911.38 725.0296 703.08 703.08 703.08 561.0851 544.36 544.36 548.2983 471.68 471.68 471.68 445.2259 442.11 442.11 439.8655 483.53 483.53 483.53 469.3372 745.45 745.45 745.45 858.3696 857.3 857.3 709.3648 691.94 691.94 691.94 606.0363 606.85 606.85 714.196 726.84 726.84 726.84 770.3546 775.48 -9999 -9999 -9999 -9999 -9999 -9999 -9999 -9999
735.14 735.14 735.14 894.8932 893.38 893.38 893.38 934.1 934.1 934.1 919.2045 917.45 917.45 923.0096 814.85 814.85 814.85 803.8461 802.55 802.55 802.55 966.2405 964.69 964.69 964.5177 967.87 967.87 967.87 910.8398 911.38 911.38 725.0296 703.08 703.08 703.08 561.0851 544.36 544.36 548.2983 471.68 471.68 471.68 445.2259 442.11 442.11 439.8655 483.53 483.53 483.53 717.8502 745.45 745.45 745.45 858.3696 857.3 857.3 709.3648 691.94 691.94 691.94 606.0363 606.85 606.85 714.196 726.84 726.84 726.84 770.3546 775.48 -9999 -9999 -9999 -9999 -9999 -9999 -9999 -9999
735.14 735.14 735.14 894.8932 893.38 893.38 893.38 934.1 934.1 934.1 919.2045 917.45 917.45 923.0096 814.85 814.85 814.85 803.8461 802.55 802.55 802.55 966.2405 964.69 964.69 964.5177 967.87 967.87 967.87 910.8398 911.38 911.38 725.0296 703.08 703.08 703.08 542.8422 544.36 544.36 548.2983 471.68 471.68 471.68 445.2259 442.11 442.11 439.8655 483.53 483.53 483.53 717.8502 745.45 745.45 745.45 858.3696 857.3 857.3 709.3648 691.94 691.94 691.94 606.0363 606.85 606.85 714.196 726.84 726.84 726.84 770.3546 775.48 -9999 -9999 -9999 -9999 -9999 -9999 -9999 -9999
716.4 716.4 716.4 740.8011 740.57 740.57 741.0528 731.66 731.66 731.66 838.2009 850.75 850.75 845.619 945.44 945.44 945.44 920.8646 917.97 917.97 913.0627 1008.53 1008.53 1008.53 1002.854 1113.27 1113.27 1113.27 1015.292 1016.22 1021.901 725.0296 703.08 703.08 703.08 542.8422 544.36 544.36 548.2983 471.68 471.68 471.68 445.2259 442.11 442.11 439.8655 483.53 483.53 483.53 717.8502 745.45 745.45 745.45 858.3696 857.3 857.3 709.3648 691.94 691.94 691.94 606.0363 606.85 606.85 714.196 726.84 726.84 726.84 770.3546 775.48 -9999 -9999 -9999 -9999 -9999 -9999 -9999 -9999
716.4 716.4 716.4 740.8011 740.57 740.57 741.0528 731.66 731.66 731.66 838.2009 850.75 850.75 845.619 945.44 945.44 945.44 920.8646 917.97 917.97 913.0627 1008.53 1008.53 1008.53 1002.854 1113.27 1113.27 1113.27 1015.292 1016.22 1016.22 869.1079 851.78 851.78 851.78 639.8931 641.9 641.9 645.6818 572.11 572.11 572.11 517.7437 511.34 511.34 512.6264 487.6 487.6 487.6 531.8124 537.02 537.02 537.02 572.2638 571.93 571.93 546.1648 543.13 543.13 543.13 589.2872 588.85 588.85 558.7458 555.2 555.2 555.2 581.6909 581.44 -9999 -9999 -9999 -9999 -9999 -9999 -9999 -9999
716.4 716.4 716.4 740.8011 740.57 740.57 741.0528 731.66 731.66 731.66 838.2009 850.75 850.75 845.619 945.44 945.44 945.44 920.8646 917.97 917.97 913.0627 1008.53 1008.53 1008.53 1002.854 1113.27 1113.27 1113.27 1015.292 1016.22 1016.22 869.1079 851.78 851.78 851.78 639.8931 641.9 641.9 579.4641 572.11 572.11 572.11 517.7437 511.34 511.34 512.6264 487.6 487.6 487.6 531.8124 537.02 537.02 535.1284 571.93 571.93 571.93 546.1648 543.13 543.13 543.13 589.2872 588.85 588.85 558.7458 555.2 555.2 555.2 581.6909 581.44 -9999 -9999 -9999 -9999 -9999 -9999 -9999 -9999
716.4 716.4 716.4 740.8011 740.57 740.57 741.0528 731.66 731.66 731.66 851.8888 850.75 850.75 845.619 945.44 945.44 945.44 920.8646 917.97 917.97 913.0627 1008.53 1008.53 1008.53 1102.233 1113.27 1113.27 1113.27 1015.292 1016.22 1016.22 869.1079 851.78 851.78 851.78 639.8931 641.9 641.9 579.4641 572.11 572.11 572.11 517.7437 511.34 511.34 512.6264 487.6 487.6 487.6 531.8124 537.02 537.02 535.1284 571.93 571.93 571.93 546.1648 543.13 543.13 543.13 589.2872 588.85 588.85 558.7458 555.2 555.2 555.2 581.6909 581.44 -9999 -9999 -9999 -9999 -9999 -9999 -9999 -9999
716.4 716.4 716.4 740.8011 740.57 740.57 741.0528 731.66 731.66 731.66 851.8888 850.75 850.75 845.619 945.44 945.44 945.44 920.8646 917.97 917.97 913.0627 1008.53 1008.53 1008.53 1102.233 1113.27 1113.27 1113.27 1015.292 1016.22 1016.22 869.1079 851.78 851.78 851.78 639.8931 641.9 641.9 579.4641 572.11 572.11 572.11 517.7437 511.34 511.34 512.6264 487.6 487.6 487.6 531.8124 537.02 537.02 535.1284 571.93 571.93 571.93 546.1648 543.13 543.13 543.13 589.2872 588.85 588.85 558.7458 555.2 555.2 555.2 581.6909 581.44 -9999 -9999 -9999 -9999 -9999 -9999 -9999 -9999
692.3 692.3 692.3 840.8369 839.43 839.43 840.245 824.39 824.39 824.39 762.524 763.11 763.11 754.8334 915.85 915.85 915.85 1027.365 1040.5 1040.5 1037.868 1089.07 1089.07 1089.07 1050.422 1045.87 1045.87 1045.87 905.1572 906.49 906.49 830.7868 821.87 821.87 821.87 758.4468 641.9 641.9 579.4641 572.11 572.11 572.11 517.7437 511.34 511.34 512.6264 487.6 487.6 487.6 531.8124 537.02 537.02 535.1284 571.93 571.93 571.93 546.1648 543.13 543.13 543.13 589.2872 588.85 588.85 558.7458 555.2 555.2 555.2 581.6909 581.44 -9999 -9999 -9999 -9999 -9999 -9999 -9999 -9999
692.3 692.3 692.3 840.8369 839.43 839.43 840.245 824.39 824.39 824.39 762.524 763.11 763.11 754.8334 915.85 915.85 915.85 1027.365 1040.5 1040.5 1037.868 1089.07 1089.07 1089.07 1050.422 1045.87 1045.87 1053.423 906.49 906.49 906.49 830.7868 821.87 821.87 821.87 752.4222 753.08 753.08 664.9773 654.6 654.6 654.6 550.5747 551.56 551.56 554.1848 503.12 503.12 503.12 511.601 512.6 512.6 512.898 507.1 507.1 507.1 557.9719 557.49 557.49 557.49 599.306 598.91 598.91 547.0128 540.9 540.9 540.9 566.2501 566.01 -9999 -9999 -9999 -9999 -9999 -9999 -9999 -9999
692.3 692.3 692.3 840.8369 839.43 839.43 840.245 824.39 824.39 824.39 762.524 763.11 763.11 899.755 915.85 915.85 915.85 1027.365 1040.5 1040.5 1037.868 1089.07 1089.07 1089.07 1050.422 1045.87 1045.87 1053.423 906.49 906.49 906.49 830.7868 821.87 821.87 821.87 752.4222 753.08 753.08 664.9773 654.6 654.6 654.6 550.5747 551.56 551.56 554.1848 503.12 503.12 503.12 511.601 512.6 512.6 512.898 507.1 507.1 507.1 557.9719 557.49 557.49 557.49 599.306 598.91 598.91 547.0128 540.9 540.9 540.9 566.2501 566.01 -9999 -9999 -9999 -9999 -9999 -9999 -9999 -9999
692.3 692.3 692.3 840.8369 839.43 839.43 840.245 824.39 824.39 824.39 762.524 763.11 763.11 899.755 915.85 915.85 915.85 1027.365 1040.5 1040.5 1037.868 1089.07 1089.07 1089.07 1050.422 1045.87 1045.87 1053.423 906.49 906.49 906.49 830.7868 821.87 821.87 821.87 752.4222 753.08 753.08 664.9773 654.6 654.6 654.6 550.5747 551.56 551.56 554.1848 503.12 503.12 503.12 511.601 512.6 512.6 512.898 507.1 507.1 507.1 557.9719 557.49 557.49 557.49 599.306 598.91 598.91 547.0128 540.9 540.9 540.9 566.2501 566.01 -9999 -9999 -9999 -9999 -9999 -9999 -9999 -9999
657.28 657.28 646.7238 852.09 852.09 852.09 840.883 1058.91 1058.91 1058.91 894.0989 895.66 895.66 823.4906 916.8145 915.85 915.85 1027.365 1040.5 1040.5 1037.868 1089.07 1089.07 1089.07 1050.422 1045.87 1045.87 1053.423 906.49 906.49 906.49 830.7868 821.87 821.87 821.87 752.4222 753.08 753.08 664.9773 654.6 654.6 654.6 550.5747 551.56 551.56 554.1848 503.12 503.12 503.12 511.601 512.6 512.6 512.898 507.1 507.1 507.1 557.9719 557.49 557.49 555.2455 598.91 598.91 598.91 547.0128 540.9 540.9 540.9 566.2501 566.01 -9999 -9999 -9999 -9999 -9999 -9999 -9999 -9999
657.28 657.28 646.7238 852.09 852.09 852.09 840.883 1058.91 1058.91 1058.91 894.0989 895.66 895.66 823.4906 814.99 814.99 814.99 914.5329 913.59 913.59 902.6821 1114.89 1114.89 1114.89 1104.62 1103.41 1103.41 1101.557 1137.61 1137.61 1137.61 1066.779 1067.45 1067.45 1067.45 835.1497 837.35 837.35 703.3889 687.61 687.61 687.61 675.2327 675.35 675.35 657.9943 655.95 655.95 655.95 698.3731 703.37 703.37 712.4675 535.48 535.48 535.48 557.9719 557.49 557.49 555.2455 598.91 598.91 598.91 547.0128 540.9 540.9 540.9 566.2501 566.01 -9999 -9999 -9999 -9999 -9999 -9999 -9999 -9999
657.28 657.28 646.7238 852.09 852.09 852.09 840.883 1058.91 1058.91 1058.91 894.0989 895.66 895.66 823.4906 814.99 814.99 814.99 914.5329 913.59 913.59 902.6821 1114.89 1114.89 1114.89 1104.62 1103.41 1103.41 1101.557 1137.61 1137.61 1137.61 1066.779 1067.45 1067.45 1067.45 835.1497 837.35 837.35 703.3889 687.61 687.61 687.61 675.2327 675.35 675.35 657.9943 655.95 655.95 655.95 698.3731 703.37 703.37 712.4675 535.48 535.48 535.48 511.3615 511.59 511.59 512.1042 502.1 502.1 502.1 581.5875 590.95 590.95 590.95 621.9335 621.64 -9999 -9999 -9999 -9999 -9999 -9999 -9999 -9999
657.28 657.28 646.7238 852.09 852.09 852.09 840.883 1058.91 1058.91 1058.91 894.0989 895.66 895.66 823.4906 814.99 814.99 814.99 914.5329 913.59 913.59 902.6821 1114.89 1114.89 1114.89 1104.62 1103.41 1103.41 1101.557 1137.61 1137.61 1137.61 1066.779 1067.45 1067.45 1067.45 835.1497 837.35 837.35 703.3889 687.61 687.61 687.61 675.2327 675.35 675.35 657.9943 655.95 655.95 655.95 698.3731 703.37 703.37 712.4675 535.48 535.48 535.48 511.3615 511.59 511.59 512.1042 502.1 502.1 502.1 581.5875 590.95 590.95 590.95 621.9335 621.64 -9999 -9999 -9999 -9999 -9999 -9999 -9999 -9999
657.28 657.28 646.7238 852.09 852.09 852.09 1037.116 1058.91 1058.91 1058.91 894.0989 895.66 895.66 823.4906 814.99 814.99 814.99 914.5329 913.59 913.59 1093.678 1114.89 1114.89 1114.89 1104.62 1103.41 1103.41 1101.557 1137.61 1137.61 1137.61 1066.779 1067.45 1067.45 1079.918 837.35 837.35 837.35 703.3889 687.61 687.61 687.61 675.2327 675.35 675.35 657.9943 655.95 655.95 655.95 703.8234 703.37 703.37 712.4675 535.48 535.48 535.48 511.3615 511.59 511.59 512.1042 502.1 502.1 502.1 581.5875 590.95 590.95 590.95 621.9335 621.64 -9999 -9999 -9999 -9999 -9999 -9999 -9999 -9999
840.34 840.34 832.4319 986.28 986.28 986.28 1087.238 1099.13 1099.13 1099.13 1037.981 1038.56 1038.56 1040.832 1041.1 1041.1 1041.1 1033.064 1033.14 1033.14 1103.466 1111.75 1111.75 1111.75 1061.633 1055.73 1055.73 1061.272 953.46 953.46 953.46 831.1323 1067.45 1067.45 1079.918 837.35 837.35 837.35 703.3889 687.61 687.61 687.61 675.2327 675.35 675.35 657.9943 655.95 655.95 655.95 703.8234 703.37 703.37 712.4675 535.48 535.48 535.48 511.3615 511.59 511.59 512.1042 502.1 502.1 502.1 591.7996 590.95 590.95 590.95 621.9335 621.64 -9999 -9999 -9999 -9999 -9999 -9999 -9999 -9999
840.34 840.34 832.4319 986.28 986.28 986.28 1087.238 1099.13 1099.13 1099.13 1037.981 1038.56 1038.56 1040.832 1041.1 1041.1 1041.1 1033.064 1033.14 1033.14 1103.466 1111.75 1111.75 1111.75 1061.633 1055.73 1055.73 1061.272 953.46 953.46 953.46 843.2259 844.27 844.27 853.3231 677.2 677.2 677.2 565.685 552.55 552.55 552.55 564.4729 564.36 564.36 669.2011 681.55 681.55 681.55 673.6249 673.7 673.7 684.5847 472.83 472.83 472.83 345.8775 347.08 347.08 346.401 359.61 359.61 359.61 516.5162 515.03 515.03 515.03 490.5279 490.76 -9999 -9999 -9999 -9999 -9999 -9999 -9999 -9999
840.34 840.34 832.4319 986.28 986.28 986.28 1087.238 1099.13 1099.13 1102.412 1038.56 1038.56 1038.56 1040.832 1041.1 1041.1 1041.1 1033.064 1033.14 1033.14 1103.466 1111.75 1111.75 1111.75 1055.194 1055.73 1055.73 1061.272 953.46 953.46 953.46 843.2259 844.27 844.27 853.3231 677.2 677.2 677.2 565.685 552.55 552.55 552.55 564.4729 564.36 564.36 669.2011 681.55 681.55 681.55 673.6249 673.7 673.7 684.5847 472.83 472.83 472.83 345.8775 347.08 347.08 346.401 359.61 359.61 359.61 516.5162 515.03 515.03 515.03 490.5279 490.76 -9999 -9999 -9999 -9999 -9999 -9999 -9999 -9999
840.34 840.34 832.4319 986.28 986.28 986.28 1087.238 1099.13 1099.13 1102.412 1038.56 1038.56 1038.56 1040.832 1041.1 1041.1 1041.1 1033.064 1033.14 1033.14 1103.466 1111.75 1111.75 1111.75 1055.194 1055.73 1055.73 1061.272 953.46 953.46 953.46 843.2259 844.27 844.27 853.3231 677.2 677.2 677.2 551.358 552.55 552.55 552.55 564.4729 564.36 564.36 669.2011 681.55 681.55 681.55 673.6249 673.7 673.7 493.9967 472.83 472.83 472.83 345.8775 347.08 347.08 346.401 359.61 359.61 359.61 516.5162 515.03 515.03 515.03 490.5279 490.76 -9999 -9999 -9999 -9999 -9999 -9999 -9999 -9999
840.34 840.34 832.4319 986.28 986.28 986.28 1087.238 1099.13 1099.13 1102.412 1038.56 1038.56 1038.56 1040.832 1041.1 1041.1 1041.1 1033.064 1033.14 1033.14 1103.466 1111.75 1111.75 1111.75 1055.194 1055.73 1055.73 1061.272 953.46 953.46 953.46 843.2259 844.27 844.27 853.3231 677.2 677.2 677.2 551.358 552.55 552.55 552.55 564.4729 564.36 564.36 669.2011 681.55 681.55 681.55 673.6249 673.7 673.7 493.9967 472.83 472.83 472.83 345.8775 347.08 347.08 346.401 359.61 359.61 359.61 516.5162 515.03 515.03 516.3452 490.76 490.76 -9999 -9999 -9999 -9999 -9999 -9999 -9999 -9999
1066.16 1066.16 1066.946 1051.65 1051.65 1051.65 1038.723 1037.2 1037.2 1037.006 1040.78 1040.78 1040.78 1030.715 1030.81 1030.81 1030.81 1071.516 1071.13 1071.13 1103.855 1107.71 1107.71 1107.71 1035.637 1036.32 1036.32 1048.482 811.88 811.88 811.88 630.5121 632.23 632.23 638.299 520.23 520.23 520.23 428.8545 429.72 429.72 429.72 395.6574 395.98 395.98 406.295 407.51 407.51 407.51 397.7576 397.85 382.9024 493.9967 472.83 472.83 472.83 345.8775 347.08 347.08 346.401 359.61 359.61 359.61 516.5162 515.03 515.03 516.3452 490.76 490.76 -9999 -9999 -9999 -9999 -9999 -9999 -9999 -9999
1066.16 1066.16 1066.946 1051.65 1051.65 1051.65 1038.723 1037.2 1037.2 1037.006 1040.78 1040.78 1040.78 1030.715 1030.81 1030.81 1030.81 1071.516 1071.13 1071.13 1103.855 1107.71 1107.71 1107.71 1035.637 1036.32 1036.32 835.5303 811.88 811.88 811.88 630.5121 632.23 632.23 638.299 520.23 520.23 520.23 428.8545 429.72 429.72 431.5483 395.98 395.98 395.98 406.295 407.51 407.51 407.51 397.7576 397.85 397.85 331.5225 323.71 323.71 323.71 288.5671 288.9 288.9 287.8645 308.01 308.01 308.01 379.0327 378.36 378.36 379.829 351.25 351.25 -9999 -9999 -9999 -9999 -9999 -9999 -9999 -9999
1066.16 1066.16 1053.377 1051.65 1051.65 1051.65 1038.92 1037.2 1037.2 1037.2 1040.78 1040.78 1040.78 1030.81 1030.81 1030.81 1030.81 1071.13 1071.13 1071.13 1103.355 1107.71 1107.71 1107.71 1036.32 1036.32 1036.32 838.5972 811.88 811.88 811.88 632.23 632.23 632.23 632.23 520.23 520.23 520.23 429.72 429.72 429.72 429.72 395.98 395.98 395.98 406.1375 407.51 407.51 407.51 397.85 397.85 397.85 332.5356 323.71 323.71 323.71 288.9 288.9 288.9 288.9 308.01 308.01 308.01 378.36 378.36 378.36 378.36 351.25 351.25 -9999 -9999 -9999 -9999 -9999 -9999 -9999 -9999
-9999 -9999 -9999 -9999 -9999 -9999 -9999 -9999 -9999 -9999 -9999 -9999 -9999 -9999 -9999 -9999 -9999 -9999 -9999 -9999 -9999 -9999 -9999 -9999 -9999 -9999 -9999 -9999 -9999 -9999 -9999 -9999 -9999 -9999 -9999 -9999 -9999 -9999 -9999 -9999 -9999 -9999 -9999 -9999 -9999 -9999 -9999 -9999 -9999 -9999 -9999 -9999 -9999 -9999 -9999 -9999 -9999 -9999 -9999 -9999 -9999 -9999 -9999 -9999 -9999 -9999 -9999 -9999 -9999 -9999 -9999 -9999 -9999 -9999 -9999 -9999 -9999
-9999 -9999 -9999 -9999 -9999 -9999 -9999 -9999 -9999 -9999 -9999 -9999 -9999 -9999 -9999 -9999 -9999 -9999 -9999 -9999 -9999 -9999 -9999 -9999 -9999 -9999 -9999 -9999 -9999 -9999 -9999 -9999 -9999 -9999 -9999 -9999 -9999 -9999 -9999 -9999 -9999 -9999 -9999 -9999 -9999 -9999 -9999 -9999 -9999 -9999 -9999 -9999 -9999 -9999 -9999 -9999 -9999 -9999 -9999 -9999 -9999 -9999 -9999 -9999 -9999 -9999 -9999 -9999 -9999 -9999 -9999 -9999 -9999 -9999 -9999 -9999 -9999
-9999 -9999 -9999 -9999 -9999 -9999 -9999 -9999 -9999 -9999 -9999 -9999 -9999 -9999 -9999 -9999 -9999 -9999 -9999 -9999 -9999 -9999 -9999 -9999 -9999 -9999 -9999 -9999 -9999 -9999 -9999 -9999 -9999 -9999 -9999 -9999 -9999 -9999 -9999 -9999 -9999 -9999 -9999 -9999 -9999 -9999 -9999 -9999 -9999 -9999 -9999 -9999 -9999 -9999 -9999 -9999 -9999 -9999 -9999 -9999 -9999 -9999 -9999 -9999 -9999 -9999 -9999 -9999 -9999 -9999 -9999 -9999 -9999 -9999 -9999 -9999 -9999
-9999 -9999 -9999 -9999 -9999 -9999 -9999 -9999 -9999 -9999 -9999 -9999 -9999 -9999 -9999 -9999 -9999 -9999 -9999 -9999 -9999 -9999 -9999 -9999 -9999 -9999 -9999 -9999 -9999 -9999 -9999 -9999 -9999 -9999 -9999 -9999 -9999 -9999 -9999 -9999 -9999 -9999 -9999 -9999 -9999 -9999 -9999 -9999 -9999 -9999 -9999 -9999 -9999 -9999 -9999 -9999 -9999 -9999 -9999 -9999 -9999 -9999 -9999 -9999 -9999 -9999 -9999 -9999 -9999 -9999 -9999 -9999 -9999 -9999 -9999 -9999 -9999
-9999 -9999 -9999 -9999 -9999 -9999 -9999 -9999 -9999 -9999 -9999 -9999 -9999 -9999 -9999 -9999 -9999 -9999 -9999 -9999 -9999 -9999 -9999 -9999 -9999 -9999 -9999 -9999 -9999 -9999 -9999 -9999 -9999 -9999 -9999 -9999 -9999 -9999 -9999 -9999 -9999 -9999 -9999 -9999 -9999 -9999 -9999 -9999 -9999 -9999 -9999 -9999 -9999 -9999 -9999 -9999 -9999 -9999 -9999 -9999 -9999 -9999 -9999 -9999 -9999 -9999 -9999 -9999 -9999 -9999 -9999 -9999 -9999 -9999 -9999 -9999 -9999
-9999 -9999 -9999 -9999 -9999 -9999 -9999 -9999 -9999 -9999 -9999 -9999 -9999 -9999 -9999 -9999 -9999 -9999 -9999 -9999 -9999 -9999 -9999 -9999 -9999 -9999 -9999 -9999 -9999 -9999 -9999 -9999 -9999 -9999 -9999 -9999 -9999 -9999 -9999 -9999 -9999 -9999 -9999 -9999 -9999 -9999 -9999 -9999 -9999 -9999 -9999 -9999 -9999 -9999 -9999 -9999 -9999 -9999 -9999 -9999 -9999 -9999 -9999 -9999 -9999 -9999 -9999 -9999 -9999 -9999 -9999 -9999 -9999 -9999 -9999 -9999 -9999
-9999 -9999 -9999 -9999 -9999 -9999 -9999 -9999 -9999 -9999 -9999 -9999 -9999 -9999 -9999 -9999 -9999 -9999 -9999 -9999 -9999 -9999 -9999 -9999 -9999 -9999 -9999 -9999 -9999 -9999 -9999 -9999 -9999 -9999 -9999 -9999 -9999 -9999 -9999 -9999 -9999 -9999 -9999 -9999 -9999 -9999 -9999 -9999 -9999 -9999 -9999 -9999 -9999 -9999 -9999 -9999 -9999 -9999 -9999 -9999 -9999 -9999 -9999 -9999 -9999 -9999 -9999 -9999 -9999 -9999 -9999 -9999 -9999 -9999 -9999 -9999 -9999
-9999 -9999 -9999 -9999 -9999 -9999 -9999 -9999 -9999 -9999 -9999 -9999 -9999 -9999 -9999 -9999 -9999 -9999 -9999 -9999 -9999 -9999 -9999 -9999 -9999 -9999 -9999 -9999 -9999 -9999 -9999 -9999 -9999 -9999 -9999 -9999 -9999 -9999 -9999 -9999 -9999 -9999 -9999 -9999 -9999 -9999 -9999 -9999 -9999 -9999 -9999 -9999 -9999 -9999 -9999 -9999 -9999 -9999 -9999 -9999 -9999 -9999 -9999 -9999 -9999 -9999 -9999 -9999 -9999 -9999 -9999 -9999 -9999 -9999 -9999 -9999 -9999
-9999 -9999 -9999 -9999 -9999 -9999 -9999 -9999 -9999 -9999 -9999 -9999 -9999 -9999 -9999 -9999 -9999 -9999 -9999 -9999 -9999 -9999 -9999 -9999 -9999 -9999 -9999 -9999 -9999 -9999 -9999 -9999 -9999 -9999 -9999 -9999 -9999 -9999 -9999 -9999 -9999 -9999 -9999 -9999 -9999 -9999 -9999 -9999 -9999 -9999 -9999 -9999 -9999 -9999 -9999 -9999 -9999 -9999 -9999 -9999 -9999 -9999 -9999 -9999 -9999 -9999 -9999 -9999 -9999 -9999 -9999 -9999 -9999 -9999 -9999 -9999 -9999
