Model and model input files/precip_1985.asc
ncols         625
nrows         453
xllcorner     138621.56993419
yllcorner     4094031.9406744
cellsize      1000
NODATA_value  -9999
[rows 102 to 135 of 453, columns 77 to 153 of 625]
479.02 479.02 503.5726 448.7227 449.24 459.564 460.78 460.78 460.78 471.274 472.51 472.51 472.3268 475.89 475.89 475.89 521.1689 520.74 520.74 516.8472 592.58 592.58 592.58 639.7178 645.27 645.27 645.27 588.2802 588.82 588.82 611.8387 614.55 614.55 614.55 690.6912 689.97 689.97 689.1322 705.43 705.43 705.43 691.6091 691.74 691.74 690.407 716.34 716.34 716.34 699.137 699.3 699.3 699.3 833.7636 832.49 832.49 905.0352 913.58 913.58 913.58 909.13 909.13 909.13 987.3918 996.61 996.61 996.61 1304.486 1301.57 1301.57 1305.753 1224.38 1224.38 1224.38 922.3593 925.22 925.22 918.5164
479.02 479.02 503.5726 503.34 503.34 471.1335 467.34 467.34 467.34 452.5966 450.86 450.86 450.2596 461.94 461.94 461.94 522.3422 521.77 521.77 519.7813 558.47 558.47 558.47 555.7324 555.41 555.41 555.41 544.4058 544.51 542.1089 611.8387 614.55 614.55 614.55 690.6912 689.97 689.97 689.1322 705.43 705.43 705.43 691.6091 691.74 691.74 690.407 716.34 716.34 716.34 699.137 699.3 699.3 699.3 833.7636 832.49 832.49 905.0352 913.58 913.58 913.58 909.13 909.13 909.13 987.3918 996.61 996.61 980.085 1301.57 1301.57 1301.57 1305.753 1224.38 1224.38 1224.38 922.3593 925.22 925.22 918.5164
479.02 479.02 503.5726 503.34 503.34 471.1335 467.34 467.34 467.34 450.7024 450.86 450.86 450.2596 461.94 461.94 461.94 522.3422 521.77 521.77 519.7813 558.47 558.47 558.47 555.3807 555.41 555.41 555.41 544.4058 544.51 544.51 585.287 590.09 590.09 590.09 670.0473 669.29 669.29 640.5367 637.15 637.15 637.15 643.7424 643.68 643.68 641.8647 677.18 677.18 677.18 684.0854 684.02 684.02 681.4222 731.96 731.96 731.96 903.5132 923.72 923.72 923.72 907.4328 909.13 909.13 987.3918 996.61 996.61 980.085 1301.57 1301.57 1301.57 1305.753 1224.38 1224.38 1224.38 922.3593 925.22 925.22 918.5164
479.02 479.02 503.5726 503.34 503.34 471.1335 467.34 467.34 467.34 450.7024 450.86 450.86 450.2596 461.94 461.94 461.94 522.3422 521.77 521.77 519.7813 558.47 558.47 558.47 555.3807 555.41 555.41 555.41 544.4058 544.51 544.51 585.287 590.09 590.09 590.09 670.0473 669.29 669.29 640.5367 637.15 637.15 637.15 643.7424 643.68 643.68 641.8647 677.18 677.18 677.18 684.0854 684.02 684.02 681.4222 731.96 731.96 731.96 903.5132 923.72 923.72 923.72 907.52 907.52 907.52 938.1967 941.81 941.81 938.9852 993.94 993.94 993.94 995.0226 973.96 973.96 973.96 912.8209 913.4 913.4 907.5179
479.02 479.02 503.5726 503.34 503.34 471.1335 467.34 467.34 467.34 450.7024 450.86 450.86 460.7724 461.94 461.94 461.94 522.3422 521.77 521.77 519.7813 558.47 558.47 558.47 555.3807 555.41 555.41 556.0006 544.51 544.51 544.51 585.287 590.09 590.09 590.09 670.0473 669.29 669.29 640.5367 637.15 637.15 637.15 643.68 643.68 643.68 641.8647 677.18 677.18 677.18 684.0854 684.02 684.02 681.4222 731.96 731.96 731.96 925.5536 923.72 923.72 923.72 907.52 907.52 907.52 938.1967 941.81 941.81 938.9852 993.94 993.94 993.94 976.0654 973.96 973.96 973.96 912.8209 913.4 913.4 907.5179
478.89 478.89 487.1381 487.06 487.06 474.5889 473.12 473.12 473.12 532.7549 532.19 532.19 512.1325 509.77 509.77 461.4826 522.3422 521.77 521.77 519.7813 558.47 558.47 558.47 555.3807 555.41 555.41 556.0006 544.51 544.51 544.51 585.287 590.09 590.09 590.09 670.0473 669.29 669.29 640.5367 637.15 637.15 637.15 643.68 643.68 643.68 641.8647 677.18 677.18 677.18 684.0854 684.02 684.02 681.4222 731.96 731.96 731.96 925.5536 923.72 923.72 923.72 907.52 907.52 907.52 938.1967 941.81 941.81 938.9852 993.94 993.94 993.94 976.0654 973.96 973.96 973.96 912.8209 913.4 913.4 907.5179
478.89 478.4473 487.06 487.06 487.06 474.5889 473.12 473.12 473.12 532.7549 532.19 532.19 512.1325 509.77 509.77 509.77 490.8104 490.99 490.99 488.0823 544.65 544.65 544.65 509.6182 509.95 509.95 509.5371 517.57 517.57 517.57 567.8211 573.74 573.74 573.74 548.0265 548.27 548.27 528.6866 526.38 526.38 526.38 544.64 544.64 644.6271 641.8647 677.18 677.18 677.18 684.0854 684.02 684.02 681.4222 731.96 731.96 731.96 925.5536 923.72 923.72 923.72 907.52 907.52 907.52 938.1967 941.81 941.81 938.9852 993.94 993.94 993.94 976.0654 973.96 973.96 973.96 912.8209 913.4 913.4 907.5179
478.89 478.4473 487.06 487.06 487.06 474.5889 473.12 473.12 473.12 532.7549 532.19 532.19 512.1325 509.77 509.77 509.77 490.99 490.99 490.99 488.0823 544.65 544.65 544.65 509.6182 509.95 509.95 509.5371 517.57 517.57 517.57 574.2771 573.74 573.74 573.74 548.0265 548.27 548.27 528.6866 526.38 526.38 526.38 544.64 544.64 544.64 559.1866 560.9 560.9 560.9 597.6178 597.27 597.27 595.1074 637.18 637.18 637.18 725.4259 724.59 724.59 720.7004 796.37 796.37 796.37 838.2742 843.21 843.21 847.248 768.69 768.69 768.69 771.7407 772.1 772.1 770.1915 807.32 807.32 914.4144 907.5179
478.89 478.4473 487.06 487.06 487.06 474.5889 473.12 473.12 473.12 532.7549 532.19 532.19 512.1325 509.77 509.77 509.77 490.99 490.99 490.99 488.0823 544.65 544.65 544.65 509.6182 509.95 509.95 509.5371 517.57 517.57 517.57 574.2771 573.74 573.74 573.74 548.0265 548.27 548.27 528.6866 526.38 526.38 526.38 544.64 544.64 544.64 559.1866 560.9 560.9 560.9 597.6178 597.27 597.27 595.1074 637.18 637.18 637.18 725.4259 724.59 724.59 720.7004 796.37 796.37 796.37 838.2742 843.21 843.21 847.248 768.69 768.69 768.69 771.7407 772.1 772.1 770.1915 807.32 807.32 807.32 797.2644
478.89 478.4473 487.06 487.06 487.06 472.9867 473.12 473.12 473.12 532.7549 532.19 532.19 512.1325 509.77 509.77 509.77 490.99 490.99 490.99 538.9956 544.65 544.65 544.65 509.6182 509.95 509.95 509.5371 517.57 517.57 517.57 574.2771 573.74 573.74 575.1201 548.27 548.27 548.27 528.6866 526.38 526.38 526.38 544.64 544.64 544.64 559.1866 560.9 560.9 558.9292 597.27 597.27 597.27 595.1074 637.18 637.18 637.18 725.4259 724.59 724.59 720.7004 796.37 796.37 796.37 838.2742 843.21 843.21 847.248 768.69 768.69 768.69 771.7407 772.1 772.1 770.1915 807.32 807.32 807.32 797.2644
488.32 487.8193 497.56 497.56 497.56 466.1626 466.46 466.46 466.46 490.4775 490.25 490.25 533.3709 538.45 538.45 538.45 545.56 545.56 545.56 562.2716 564.24 564.24 564.24 613.0725 612.61 612.61 615.8293 521.3245 517.57 517.57 574.2771 573.74 573.74 575.1201 548.27 548.27 548.27 528.6866 526.38 526.38 526.38 544.64 544.64 544.64 559.1866 560.9 560.9 558.9292 597.27 597.27 597.27 595.1074 637.18 637.18 637.18 725.4259 724.59 724.59 720.7004 796.37 796.37 796.37 843.658 843.21 843.21 847.248 768.69 768.69 768.69 771.7407 772.1 772.1 770.1915 807.32 807.32 807.32 973.3356
488.32 487.8193 497.56 497.56 497.56 466.1626 466.46 466.46 465.1709 490.25 490.25 490.25 533.3709 538.45 538.45 538.45 545.56 545.56 545.56 562.2716 564.24 564.24 561.619 612.61 612.61 612.61 615.8293 553.2 553.2 553.2 587.2526 586.93 586.93 588.4727 558.46 558.46 558.46 580.2084 582.77 582.77 582.77 568.39 568.39 568.39 584.6543 586.57 586.57 583.4727 643.73 643.73 643.73 641.2531 689.44 689.44 689.44 714.7498 714.51 724.6864 720.7004 796.37 796.37 796.37 843.658 843.21 843.21 847.248 768.69 768.69 768.69 771.7407 772.1 772.1 770.1915 807.32 807.32 807.32 973.3356
488.32 487.8193 497.56 497.56 497.56 466.1626 466.46 466.46 465.1709 490.25 490.25 490.25 533.3709 538.45 538.45 538.45 545.56 545.56 545.56 562.2716 564.24 564.24 561.619 612.61 612.61 612.61 615.8293 553.2 553.2 553.2 587.2526 586.93 586.93 588.4727 558.46 558.46 558.46 583.0025 582.77 582.77 582.77 568.39 568.39 568.39 584.6543 586.57 586.57 583.4727 643.73 643.73 643.73 684.6233 689.44 689.44 689.44 714.7498 714.51 714.51 714.4753 715.15 715.15 715.15 741.4692 741.22 741.22 858.6484 872.48 872.48 872.48 934.9159 942.27 942.27 943.4648 920.22 920.22 920.22 936.0995
488.32 487.8193 497.56 497.56 497.56 466.1626 466.46 466.46 465.1709 490.25 490.25 490.25 538.9109 538.45 538.45 538.45 545.56 545.56 545.56 562.2716 564.24 564.24 561.619 612.61 612.61 612.61 615.8293 553.2 553.2 553.2 587.2526 586.93 586.93 588.4727 558.46 558.46 558.46 583.0025 582.77 582.77 582.77 568.39 568.39 568.39 584.6543 586.57 586.57 583.4727 643.73 643.73 643.73 684.6233 689.44 689.44 689.44 714.7498 714.51 714.51 714.4753 715.15 715.15 715.15 741.4692 741.22 741.22 858.6484 872.48 872.48 872.48 934.9159 942.27 942.27 943.4648 920.22 920.22 920.22 936.0995
500.54 501.0662 490.83 490.4653 497.56 466.1626 466.46 466.46 465.1709 490.25 490.25 490.25 538.9109 538.45 538.45 538.45 545.56 545.56 545.56 562.2716 564.24 564.24 561.619 612.61 612.61 612.61 559.4603 553.2 553.2 553.2 587.2526 586.93 586.93 588.4727 558.46 558.46 558.46 583.0025 582.77 582.77 583.5493 568.39 568.39 568.39 584.6543 586.57 586.57 583.4727 643.73 643.73 643.73 684.6233 689.44 689.44 689.44 714.7498 714.51 714.51 714.4753 715.15 715.15 715.15 741.4692 741.22 741.22 858.6484 872.48 872.48 872.48 934.9159 942.27 942.27 943.4648 920.22 920.22 920.22 936.0995
500.54 491.8532 490.83 490.83 490.83 497.7152 497.65 497.65 494.8675 549 549 549 578.6812 578.4 578.4 578.4 593.83 593.83 593.83 640.2163 645.68 645.68 642.4759 704.81 704.81 704.81 671.8341 667.95 667.95 667.95 592.8239 586.93 586.93 588.4727 558.46 558.46 558.46 583.0025 582.77 582.77 583.5493 568.39 568.39 568.39 584.6543 586.57 586.57 583.4727 643.73 643.73 643.73 684.6233 689.44 689.44 688.0815 714.51 714.51 714.51 714.4753 715.15 715.15 715.15 741.4692 741.22 741.22 858.6484 872.48 872.48 872.48 942.9374 942.27 942.27 943.4648 920.22 920.22 920.22 936.0995
500.54 491.8532 490.83 490.83 490.83 497.7152 497.65 497.65 494.8675 549 549 549 578.6812 578.4 578.4 577.5639 593.83 593.83 593.83 640.2163 645.68 645.68 642.4759 704.81 704.81 704.81 671.8341 667.95 667.95 669.1964 644.95 644.95 644.95 643.8207 665.79 665.79 665.79 712.351 711.91 711.91 713.1221 689.54 689.54 689.54 660.9746 657.61 657.61 655.8743 689.64 689.64 689.64 690.3736 690.46 690.46 690.2444 694.44 694.44 694.44 692.9059 722.75 722.75 722.75 764.1925 763.8 763.8 997.6729 1025.22 1025.22 1025.22 1287.767 1285.28 1303.867 943.4648 920.22 920.22 920.22 936.0995
500.54 491.8532 490.83 490.83 490.4604 497.65 497.65 497.65 494.8675 549 549 549 578.6812 578.4 578.4 577.5639 593.83 593.83 593.83 640.2163 645.68 645.68 642.4759 704.81 704.81 704.81 671.8341 667.95 667.95 669.1964 644.95 644.95 644.95 643.8207 665.79 665.79 665.79 712.351 711.91 711.91 713.1221 689.54 689.54 689.54 657.3046 657.61 657.61 655.8743 689.64 689.64 689.64 690.3736 690.46 690.46 690.2444 694.44 694.44 694.44 719.7668 722.75 722.75 722.75 764.1925 763.8 763.8 997.6729 1025.22 1025.22 1025.22 1287.767 1285.28 1285.28 1286.402 1264.58 1264.58 1264.58 1216.655
500.54 491.8532 490.83 490.83 490.4604 497.65 497.65 497.65 494.8675 549 549 549 578.6812 578.4 578.4 577.5639 593.83 593.83 593.83 646.1758 645.68 645.68 642.4759 704.81 704.81 704.81 671.8341 667.95 667.95 669.1964 644.95 644.95 644.95 643.8207 665.79 665.79 665.79 712.351 711.91 711.91 713.1221 689.54 689.54 689.54 657.3046 657.61 657.61 655.8743 689.64 689.64 689.64 690.3736 690.46 690.46 690.2444 694.44 694.44 694.44 719.7668 722.75 722.75 722.75 764.1925 763.8 763.8 997.6729 1025.22 1025.22 1025.22 1287.767 1285.28 1285.28 1266.761 1264.58 1264.58 1264.58 1216.655
508.04 498.5123 497.39 497.39 494.2536 555.27 555.27 555.27 553.484 588.23 588.23 588.23 606.3113 606.14 606.14 580.487 593.83 593.83 593.83 646.1758 645.68 645.68 642.4759 704.81 704.81 704.81 671.8341 667.95 667.95 669.1964 644.95 644.95 644.95 663.594 665.79 665.79 665.79 712.351 711.91 711.91 713.1221 689.54 689.54 689.54 657.3046 657.61 657.61 655.8743 689.64 689.64 689.64 690.3736 690.46 690.46 690.2444 694.44 694.44 694.44 719.7668 722.75 722.75 722.75 764.1925 763.8 763.8 997.6729 1025.22 1025.22 1025.22 1287.767 1285.28 1285.28 1266.761 1264.58 1264.58 1264.58 1216.655
508.04 498.5123 497.39 497.39 494.2536 555.27 555.27 555.27 584.7568 588.23 588.23 588.23 606.3113 606.14 606.14 605.4871 618.19 618.19 618.19 656.5433 656.18 656.18 653.6793 702.33 702.33 702.33 709.5585 710.41 710.41 712.9807 662.97 662.97 662.97 668.0693 668.67 668.67 668.67 728.2947 727.73 727.73 727.7273 727.78 727.78 729.8522 657.3046 657.61 657.61 686.2648 689.64 689.64 689.64 690.3736 690.46 690.46 690.2444 694.44 694.44 694.44 719.7668 722.75 722.75 720.5256 763.8 763.8 763.8 997.6729 1025.22 1025.22 1025.22 1287.767 1285.28 1285.28 1266.761 1264.58 1264.58 1264.58 1216.655
508.04 498.5123 497.39 497.39 494.2536 555.27 555.27 555.27 584.7568 588.23 588.23 588.23 606.3113 606.14 606.14 605.4871 618.19 618.19 618.19 656.5433 656.18 656.18 697.467 702.33 702.33 702.33 709.5585 710.41 710.41 712.9807 662.97 662.97 662.97 668.0693 668.67 668.67 665.4697 727.73 727.73 727.73 727.7273 727.78 727.78 727.78 690.4968 690.85 690.85 691.2794 691.33 691.33 691.33 741.0532 746.91 746.91 746.6786 751.18 751.18 751.18 896.4581 913.57 913.57 912.3389 936.29 936.29 936.29 843.5979 832.68 832.68 832.68 1345.608 1340.75 1340.75 1506.443 1525.96 1525.96 1525.96 1207.998
508.04 498.5123 497.39 497.39 494.2536 555.27 555.27 555.27 584.7568 588.23 588.23 587.2595 606.14 606.14 606.14 605.4871 618.19 618.19 618.19 656.5433 656.18 656.18 697.467 702.33 702.33 702.33 709.5585 710.41 710.41 712.9807 662.97 662.97 662.97 668.0693 668.67 668.67 665.4697 727.73 727.73 727.73 727.7273 727.78 727.78 727.78 690.4968 690.85 690.85 691.2794 691.33 691.33 691.33 747.4415 746.91 746.91 746.6786 751.18 751.18 751.18 896.4581 913.57 913.57 912.3389 936.29 936.29 936.29 843.5979 832.68 832.68 832.68 1345.608 1340.75 1340.75 1506.443 1525.96 1525.96 1525.96 1585.211
516.12 497.2109 497.39 497.39 494.2536 555.27 555.27 555.27 584.7568 588.23 588.23 587.2595 606.14 606.14 606.14 605.4871 618.19 618.19 618.19 656.5433 656.18 656.18 697.467 702.33 702.33 702.33 710.4872 710.41 710.41 712.9807 662.97 662.97 662.97 668.0693 668.67 668.67 665.4697 727.73 727.73 727.73 727.7273 727.78 727.78 727.78 690.4968 690.85 690.85 691.2794 691.33 691.33 691.33 747.4415 746.91 746.91 746.6786 751.18 751.18 751.18 896.4581 913.57 913.57 912.3389 936.29 936.29 936.29 831.6892 832.68 832.68 832.68 1345.608 1340.75 1340.75 1506.443 1525.96 1525.96 1525.96 1585.211
516.12 513.47 513.47 513.47 513.47 565.97 565.97 565.97 598.2836 602.65 602.65 602.65 624.97 624.97 624.97 654.2619 658.22 658.22 658.22 664.15 664.15 664.15 683.584 686.21 686.21 686.21 709.34 709.34 710.3995 710.3995 663.1077 663.1077 663.1077 668.2791 668.9778 668.9778 668.9778 727.8817 727.73 727.73 727.774 727.78 727.78 727.78 690.85 690.85 690.85 691.2729 691.33 691.33 691.33 746.91 746.91 746.91 746.91 751.18 751.18 751.18 894.2392 913.57 913.57 913.57 936.29 936.29 936.29 832.68 832.68 832.68 832.68 1340.75 1340.75 1340.75 1503.913 1525.96 1525.96 1525.96 1584.65
-9999 -9999 -9999 -9999 -9999 -9999 -9999 -9999 -9999 -9999 -9999 -9999 -9999 -9999 -9999 -9999 -9999 -9999 -9999 -9999 -9999 -9999 -9999 -9999 -9999 -9999 -9999 -9999 -9999 -9999 -9999 -9999 -9999 -9999 -9999 -9999 -9999 -9999 -9999 -9999 -9999 -9999 -9999 -9999 -9999 -9999 -9999 -9999 -9999 -9999 -9999 -9999 -9999 -9999 -9999 -9999 -9999 -9999 -9999 -9999 -9999 -9999 -9999 -9999 -9999 -9999 -9999 -9999 -9999 -9999 -9999 -9999 -9999 -9999 -9999 -9999 -9999
-9999 -9999 -9999 -9999 -9999 -9999 -9999 -9999 -9999 -9999 -9999 -9999 -9999 -9999 -9999 -9999 -9999 -9999 -9999 -9999 -9999 -9999 -9999 -9999 -9999 -9999 -9999 -9999 -9999 -9999 -9999 -9999 -9999 -9999 -9999 -9999 -9999 -9999 -9999 -9999 -9999 -9999 -9999 -9999 -9999 -9999 -9999 -9999 -9999 -9999 -9999 -9999 -9999 -9999 -9999 -9999 -9999 -9999 -9999 -9999 -9999 -9999 -9999 -9999 -9999 -9999 -9999 -9999 -9999 -9999 -9999 -9999 -9999 -9999 -9999 -9999 -9999
-9999 -9999 -9999 -9999 -9999 -9999 -9999 -9999 -9999 -9999 -9999 -9999 -9999 -9999 -9999 -9999 -9999 -9999 -9999 -9999 -9999 -9999 -9999 -9999 -9999 -9999 -9999 -9999 -9999 -9999 -9999 -9999 -9999 -9999 -9999 -9999 -9999 -9999 -9999 -9999 -9999 -9999 -9999 -9999 -9999 -9999 -9999 -9999 -9999 -9999 -9999 -9999 -9999 -9999 -9999 -9999 -9999 -9999 -9999 -9999 -9999 -9999 -9999 -9999 -9999 -9999 -9999 -9999 -9999 -9999 -9999 -9999 -9999 -9999 -9999 -9999 -9999
-9999 -9999 -9999 -9999 -9999 -9999 -9999 -9999 -9999 -9999 -9999 -9999 -9999 -9999 -9999 -9999 -9999 -9999 -9999 -9999 -9999 -9999 -9999 -9999 -9999 -9999 -9999 -9999 -9999 -9999 -9999 -9999 -9999 -9999 -9999 -9999 -9999 -9999 -9999 -9999 -9999 -9999 -9999 -9999 -9999 -9999 -9999 -9999 -9999 -9999 -9999 -9999 -9999 -9999 -9999 -9999 -9999 -9999 -9999 -9999 -9999 -9999 -9999 -9999 -9999 -9999 -9999 -9999 -9999 -9999 -9999 -9999 -9999 -9999 -9999 -9999 -9999
-9999 -9999 -9999 -9999 -9999 -9999 -9999 -9999 -9999 -9999 -9999 -9999 -9999 -9999 -9999 -9999 -9999 -9999 -9999 -9999 -9999 -9999 -9999 -9999 -9999 -9999 -9999 -9999 -9999 -9999 -9999 -9999 -9999 -9999 -9999 -9999 -9999 -9999 -9999 -9999 -9999 -9999 -9999 -9999 -9999 -9999 -9999 -9999 -9999 -9999 -9999 -9999 -9999 -9999 -9999 -9999 -9999 -9999 -9999 -9999 -9999 -9999 -9999 -9999 -9999 -9999 -9999 -9999 -9999 -9999 -9999 -9999 -9999 -9999 -9999 -9999 -9999
-9999 -9999 -9999 -9999 -9999 -9999 -9999 -9999 -9999 -9999 -9999 -9999 -9999 -9999 -9999 -9999 -9999 -9999 -9999 -9999 -9999 -9999 -9999 -9999 -9999 -9999 -9999 -9999 -9999 -9999 -9999 -9999 -9999 -9999 -9999 -9999 -9999 -9999 -9999 -9999 -9999 -9999 -9999 -9999 -9999 -9999 -9999 -9999 -9999 -9999 -9999 -9999 -9999 -9999 -9999 -9999 -9999 -9999 -9999 -9999 -9999 -9999 -9999 -9999 -9999 -9999 -9999 -9999 -9999 -9999 -9999 -9999 -9999 -9999 -9999 -9999 -9999
-9999 -9999 -9999 -9999 -9999 -9999 -9999 -9999 -9999 -9999 -9999 -9999 -9999 -9999 -9999 -9999 -9999 -9999 -9999 -9999 -9999 -9999 -9999 -9999 -9999 -9999 -9999 -9999 -9999 -9999 -9999 -9999 -9999 -9999 -9999 -9999 -9999 -9999 -9999 -9999 -9999 -9999 -9999 -9999 -9999 -9999 -9999 -9999 -9999 -9999 -9999 -9999 -9999 -9999 -9999 -9999 -9999 -9999 -9999 -9999 -9999 -9999 -9999 -9999 -9999 -9999 -9999 -9999 -9999 -9999 -9999 -9999 -9999 -9999 -9999 -9999 -9999
-9999 -9999 -9999 -9999 -9999 -9999 -9999 -9999 -9999 -9999 -9999 -9999 -9999 -9999 -9999 -9999 -9999 -9999 -9999 -9999 -9999 -9999 -9999 -9999 -9999 -9999 -9999 -9999 -9999 -9999 -9999 -9999 -9999 -9999 -9999 -9999 -9999 -9999 -9999 -9999 -9999 -9999 -9999 -9999 -9999 -9999 -9999 -9999 -9999 -9999 -9999 -9999 -9999 -9999 -9999 -9999 -9999 -9999 -9999 -9999 -9999 -9999 -9999 -9999 -9999 -9999 -9999 -9999 -9999 -9999 -9999 -9999 -9999 -9999 -9999 -9999 -9999
-9999 -9999 -9999 -9999 -9999 -9999 -9999 -9999 -9999 -9999 -9999 -9999 -9999 -9999 -9999 -9999 -9999 -9999 -9999 -9999 -9999 -9999 -9999 -9999 -9999 -9999 -9999 -9999 -9999 -9999 -9999 -9999 -9999 -9999 -9999 -9999 -9999 -9999 -9999 -9999 -9999 -9999 -9999 -9999 -9999 -9999 -9999 -9999 -9999 -9999 -9999 -9999 -9999 -9999 -9999 -9999 -9999 -9999 -9999 -9999 -9999 -9999 -9999 -9999 -9999 -9999 -9999 -9999 -9999 -9999 -9999 -9999 -9999 -9999 -9999 -9999 -9999
