Model and model input files/precip_2007.asc
ncols         625
nrows         453
xllcorner     138621.56993419
yllcorner     4094031.9406744
cellsize      1000
NODATA_value  -9999
[rows 102 to 135 of 453, columns 0 to 76 of 625]
-9999 -9999 -9999 -9999 -9999 -9999 -9999 -9999 -9999 -9999 -9999 -9999 -9999 -9999 -9999 -9999 -9999 235.13 234.3221 250.04 250.04 250.04 272.846 272.63 272.63 263.0128 261.88 261.88 261.88 261.1554 261.07 261.07 260.7796 266.43 266.43 266.43 273.7391 274.6 274.6 274.3134 279.89 279.89 279.89 278.6925 301.99 301.99 301.99 321.2928 321.11 321.11 330.4678 331.57 331.57 331.57 406.7521 406.04 406.04 400.6928 504.72 504.72 504.72 453.3059 447.25 447.25 449.7518 401.08 401.08 401.08 383.029 383.2 383.2 383.2 369.1772 369.31 369.31 377.8716 378.88
-9999 -9999 -9999 -9999 -9999 -9999 -9999 -9999 -9999 -9999 -9999 -9999 -9999 -9999 -9999 -9999 -9999 235.13 234.3221 250.04 250.04 250.04 272.846 272.63 272.63 263.0128 261.88 261.88 261.88 261.1554 261.07 261.07 260.7796 266.43 266.43 266.43 273.7391 274.6 274.6 274.3134 279.89 279.89 279.89 278.6925 301.99 301.99 301.99 321.2928 321.11 321.11 330.4678 331.57 331.57 331.57 406.7521 406.04 406.04 400.6928 504.72 504.72 504.72 453.3059 447.25 447.25 449.7518 401.08 401.08 401.08 383.029 383.2 383.2 383.2 369.1772 369.31 369.31 377.8716 378.88
-9999 -9999 -9999 -9999 -9999 -9999 -9999 -9999 -9999 -9999 -9999 -9999 -9999 -9999 -9999 -9999 -9999 235.13 234.3221 250.04 250.04 250.04 272.846 272.63 272.63 263.0128 261.88 261.88 261.88 261.0623 261.07 261.07 260.7796 266.43 266.43 266.43 273.7391 274.6 274.6 274.3134 279.89 279.89 279.89 299.6612 301.99 301.99 301.99 321.2928 321.11 321.11 330.4678 331.57 331.57 331.57 406.7521 406.04 406.04 494.3216 504.72 504.72 504.72 453.3059 447.25 447.25 449.7518 401.08 401.08 401.08 383.029 383.2 383.2 383.9527 369.31 369.31 369.31 377.8716 378.88
-9999 -9999 -9999 -9999 -9999 -9999 -9999 -9999 -9999 -9999 -9999 -9999 -9999 -9999 -9999 -9999 -9999 243.16 244.493 244.65 244.65 244.65 255.8158 255.71 255.71 265.1572 266.27 266.27 266.27 271.6106 271.56 271.56 281.544 282.72 282.72 282.72 288.4993 289.18 289.18 288.9735 292.99 292.99 292.99 299.5359 301.99 301.99 301.99 321.2928 321.11 321.11 330.4678 331.57 331.57 331.57 406.7521 406.04 406.04 494.3216 504.72 504.72 504.72 453.3059 447.25 447.25 449.7518 401.08 401.08 401.08 383.029 383.2 383.2 383.9527 369.31 369.31 369.31 377.8716 378.88
-9999 -9999 -9999 -9999 -9999 -9999 -9999 -9999 -9999 -9999 -9999 -9999 -9999 -9999 -9999 -9999 -9999 243.16 244.493 244.65 244.65 244.65 255.8158 255.71 255.71 265.1572 266.27 266.27 266.27 271.6106 271.56 271.56 281.544 282.72 282.72 282.72 288.4993 289.18 289.18 288.9735 292.99 292.99 292.99 309.2811 311.2 311.2 309.479 342.96 342.96 342.96 371.4449 374.8 374.8 374.8 476.4125 475.45 475.45 539.5947 547.15 547.15 547.15 476.1677 476.84 476.84 480.4635 409.97 402.0168 401.08 383.029 383.2 383.2 383.9527 369.31 369.31 369.31 378.9715 378.88
-9999 -9999 -9999 -9999 -9999 -9999 -9999 -9999 -9999 -9999 -9999 -9999 -9999 -9999 -9999 -9999 -9999 243.16 244.493 244.65 244.65 244.0507 255.71 255.71 255.71 265.1572 266.27 266.27 266.27 271.6106 271.56 271.56 281.544 282.72 282.72 282.72 289.2418 289.18 289.18 288.9735 292.99 292.99 292.99 309.2811 311.2 311.2 309.479 342.96 342.96 342.96 371.4449 374.8 374.8 374.8 476.4125 475.45 475.45 539.5947 547.15 547.15 547.15 476.1677 476.84 476.84 480.4635 409.97 409.97 409.97 392.4844 392.65 392.65 393.2786 381.05 381.05 381.05 376.3051 376.35
-9999 -9999 -9999 -9999 -9999 -9999 -9999 -9999 -9999 -9999 -9999 -9999 -9999 -9999 -9999 -9999 -9999 243.16 244.493 244.65 244.65 244.0507 255.71 255.71 255.71 265.1572 266.27 266.27 266.27 271.6106 271.56 271.56 281.544 282.72 282.72 282.72 289.2418 289.18 289.18 288.9735 292.99 292.99 292.99 309.2811 311.2 311.2 309.479 342.96 342.96 342.96 375.1045 374.8 374.8 374.8 476.4125 475.45 475.45 539.5947 547.15 547.15 547.15 476.1677 476.84 476.84 417.0164 409.97 409.97 409.97 392.4844 392.65 392.65 393.2786 381.05 381.05 381.05 376.3051 376.35
-9999 -9999 -9999 -9999 -9999 -9999 -9999 -9999 -9999 -9999 -9999 -9999 -9999 -9999 -9999 -9999 -9999 254.16 259.9393 260.62 260.62 259.7752 276.21 257.8702 255.71 266.371 266.27 266.27 266.27 271.6106 271.56 271.56 281.544 282.72 282.72 282.72 289.2418 289.18 289.18 292.5885 292.99 292.99 292.99 309.2811 311.2 311.2 309.479 342.96 342.96 342.96 375.1045 374.8 374.8 374.8 476.4125 475.45 475.45 539.5947 547.15 547.15 547.15 476.1677 476.84 476.84 417.0164 409.97 409.97 409.97 392.4844 392.65 392.65 393.2786 381.05 381.05 381.05 376.3051 376.35
-9999 -9999 -9999 -9999 -9999 -9999 -9999 -9999 -9999 -9999 -9999 -9999 -9999 -9999 -9999 -9999 -9999 254.16 259.9393 260.62 260.62 259.7752 276.21 276.21 276.21 277.1489 277.14 277.14 277.14 282.7835 282.73 282.73 293.4834 294.75 294.75 294.75 290.2473 290.29 290.29 298.2969 299.24 299.24 299.24 353.4185 359.8 316.3212 309.479 342.96 342.96 342.96 375.1045 374.8 374.8 369.346 475.45 475.45 475.45 539.5947 547.15 547.15 547.15 476.1677 476.84 476.84 417.0164 409.97 409.97 409.97 392.65 392.65 392.65 393.2786 381.05 381.05 381.05 376.3051 376.35
-9999 -9999 -9999 -9999 -9999 -9999 -9999 -9999 -9999 -9999 -9999 -9999 -9999 -9999 -9999 -9999 -9999 254.16 259.9393 260.62 260.62 259.7752 276.21 276.21 276.21 277.1489 277.14 277.14 276.8371 282.73 282.73 282.73 293.4834 294.75 294.75 294.75 290.2473 290.29 290.29 298.2969 299.24 299.24 299.24 360.3791 359.8 359.8 354.9041 450.15 450.15 450.15 470.0586 469.87 469.87 467.9063 506.11 506.11 506.11 492.8695 491.31 491.31 491.31 441.3165 441.79 441.79 417.0805 414.17 414.17 414.17 401.85 392.562 392.65 393.2786 381.05 381.05 381.05 376.3051 376.35
-9999 -9999 -9999 -9999 -9999 -9999 -9999 -9999 -9999 -9999 -9999 -9999 -9999 -9999 -9999 -9999 -9999 254.16 260.6818 260.62 260.62 259.7752 276.21 276.21 276.21 277.1489 277.14 277.14 276.8371 282.73 282.73 282.73 293.4834 294.75 294.75 294.75 290.2473 290.29 290.29 298.2969 299.24 299.24 299.24 360.3791 359.8 359.8 354.9041 450.15 450.15 450.15 470.0586 469.87 469.87 467.9063 506.11 506.11 506.11 491.1685 491.31 491.31 491.31 441.3165 441.79 441.79 417.0805 414.17 414.17 414.17 401.85 401.85 401.85 386.3282 384.5 384.5 384.5 383.7428 383.75
-9999 -9999 -9999 -9999 -9999 -9999 -9999 -9999 -9999 -9999 -9999 -9999 -9999 -9999 -9999 -9999 -9999 254.16 260.6818 260.62 260.62 259.7752 276.21 276.21 276.21 277.1489 277.14 277.14 276.8371 282.73 282.73 282.73 294.8649 294.75 294.75 294.75 290.2473 290.29 290.29 298.2969 299.24 299.24 299.24 360.3791 359.8 359.8 440.6294 450.15 450.15 450.15 470.0586 469.87 469.87 467.9063 506.11 506.11 506.11 491.1685 491.31 491.31 491.31 441.3165 441.79 441.79 417.0805 414.17 414.17 414.17 401.85 401.85 401.85 386.3282 384.5 384.5 384.5 383.7428 383.75
-9999 -9999 -9999 -9999 -9999 -9999 -9999 -9999 -9999 -9999 -9999 -9999 -9999 -9999 -9999 -9999 -9999 286.5 269.8624 270.02 270.02 264.3391 263.67 263.67 263.67 277.2082 277.08 277.08 276.181 293.67 293.67 293.67 297.4962 294.7241 294.75 294.75 290.2473 290.29 290.29 298.2969 299.24 299.24 299.24 360.3791 359.8 359.8 440.6294 450.15 450.15 450.15 470.0586 469.87 469.87 467.9063 506.11 506.11 506.11 491.1685 491.31 491.31 493.9933 441.79 441.79 441.79 417.0805 414.17 414.17 414.17 401.85 401.85 401.85 386.3282 384.5 384.5 384.5 383.7428 383.75
-9999 -9999 -9999 -9999 -9999 -9999 -9999 -9999 -9999 -9999 -9999 -9999 -9999 -9999 -9999 -9999 -9999 286.5 269.8624 270.02 270.02 264.3391 263.67 263.67 263.67 277.2082 277.08 277.08 276.181 293.67 293.67 293.67 297.4962 297.46 297.46 297.6572 293.82 293.82 293.82 296.6649 297 297 297 360.3803 359.78 359.78 443.1054 452.92 452.92 452.92 560.04 560.04 560.04 560.7666 546.63 546.63 506.11 491.1685 491.31 491.31 493.9933 441.79 441.79 441.79 417.0805 414.17 414.17 414.17 401.85 401.85 401.85 386.3282 384.5 384.5 384.5 383.75 383.75
-9999 -9999 -9999 -9999 -9999 -9999 -9999 -9999 -9999 -9999 -9999 -9999 -9999 -9999 -9999 -9999 -9999 286.5 269.8624 270.02 270.02 264.3391 263.67 263.67 263.67 277.08 277.08 277.08 276.181 293.67 293.67 293.67 297.4962 297.46 297.46 297.6572 293.82 293.82 293.82 296.6649 297 297 297 360.3803 359.78 359.78 443.1054 452.92 452.92 452.92 560.04 560.04 560.04 560.7666 546.63 546.63 546.63 479.9484 480.58 480.58 483.0412 435.16 435.16 435.16 401.6021 401.92 401.92 401.92 383.11 383.11 383.11 381.7233 381.56 381.56 381.56 392.7 392.7
-9999 -9999 -9999 -9999 -9999 -9999 -9999 -9999 -9999 -9999 -9999 -9999 -9999 -9999 -9999 -9999 -9999 286.5 269.8624 270.02 270.02 264.3391 263.67 263.67 263.67 277.08 277.08 277.08 276.181 293.67 293.67 293.67 297.4962 297.46 297.46 297.6572 293.82 293.82 293.82 297.0304 297 297 297 360.3803 359.78 359.78 443.1054 452.92 452.92 452.92 560.04 560.04 560.04 560.7666 546.63 546.63 546.63 479.9484 480.58 480.58 483.0412 435.16 435.16 435.16 401.6021 401.92 401.92 401.92 383.11 383.11 383.11 381.7233 381.56 381.56 381.56 392.7 392.7
-9999 -9999 -9999 -9999 -9999 -9999 -9999 -9999 -9999 -9999 -9999 -9999 -9999 -9999 -9999 -9999 -9999 274.08 298.1581 297.93 297.93 264.0723 263.67 263.67 263.67 277.08 277.08 277.08 291.9218 293.67 293.67 293.67 297.4962 297.46 297.46 297.6572 293.82 293.82 293.82 297.0304 297 297 297 360.3803 359.78 359.78 443.1054 452.92 452.92 452.92 560.04 560.04 560.04 548.0431 546.63 546.63 546.63 479.9484 480.58 480.58 483.0412 435.16 435.16 435.16 401.6021 401.92 401.92 402.9393 383.11 383.11 383.11 381.7233 381.56 381.56 381.56 392.7 392.7
-9999 -9999 -9999 -9999 -9999 -9999 -9999 -9999 -9999 -9999 -9999 -9999 -9999 -9999 -9999 -9999 -9999 272.7876 297.93 297.93 297.93 282.6588 280.86 280.86 280.86 283.31 283.31 283.31 296.5326 298.09 298.09 298.09 304.0767 304.02 304.02 303.7355 309.27 309.27 309.27 298.609 298.71 298.71 295.7692 359.0634 359.78 359.78 443.1054 452.92 452.92 452.92 560.04 560.04 560.04 548.0431 546.63 546.63 546.63 479.9484 480.58 480.58 483.0412 435.16 435.16 435.16 401.6021 401.92 401.92 402.9393 383.11 383.11 383.11 381.7233 381.56 381.56 381.56 392.7 392.7
-9999 -9999 -9999 -9999 -9999 -9999 -9999 -9999 -9999 -9999 -9999 -9999 -9999 -9999 -9999 -9999 -9999 272.7876 297.93 297.93 297.93 282.6588 280.86 280.86 280.86 283.31 283.31 283.31 296.5326 298.09 298.09 297.7687 304.02 304.02 304.02 303.7355 309.27 309.27 309.27 298.609 298.71 298.71 295.7692 352.98 352.98 352.98 414.9238 422.22 422.22 422.22 559.82 559.82 559.82 547.2863 545.81 545.81 549.6156 475.58 475.58 475.58 477.8754 433.22 433.22 433.22 415.4214 415.59 416.3307 402.9393 383.11 383.11 383.11 381.7233 381.56 381.56 381.56 392.7 392.7
-9999 -9999 -9999 -9999 -9999 -9999 -9999 -9999 -9999 -9999 -9999 -9999 -9999 -9999 -9999 -9999 -9999 272.7876 297.93 297.93 297.93 280.6967 280.86 280.86 280.86 283.31 283.31 283.31 296.5326 298.09 298.09 297.7687 304.02 304.02 304.02 303.7355 309.27 309.27 309.27 298.609 298.71 298.71 295.7692 352.98 352.98 352.98 422.8821 422.22 422.22 422.22 559.82 559.82 559.82 547.2863 545.81 545.81 549.6156 475.58 475.58 475.58 477.8754 433.22 433.22 433.22 415.4214 415.59 415.59 416.8016 393.23 393.23 393.23 394.078 394.07 394.07 394.07 382.91 382.91
-9999 -9999 -9999 -9999 -9999 -9999 -9999 -9999 -9999 -9999 -9999 -9999 -9999 -9999 -9999 -9999 -9999 272.7876 297.93 297.93 297.93 280.6967 280.86 280.86 280.86 283.31 283.31 283.31 296.5326 298.09 298.09 297.7687 304.02 304.02 304.02 308.7168 309.27 309.27 309.27 298.609 298.71 298.71 295.7692 352.98 352.98 352.98 422.8821 422.22 422.22 422.22 559.82 559.82 559.82 547.2863 545.81 545.81 549.6156 475.58 475.58 475.58 437.6837 433.22 433.22 433.22 415.4214 415.59 415.59 416.8016 393.23 393.23 393.23 394.078 394.07 394.07 394.07 382.91 382.91
-9999 -9999 -9999 -9999 -9999 -9999 -9999 -9999 -9999 -9999 -9999 -9999 -9999 -9999 -9999 -9999 -9999 305.6389 344.18 344.18 344.18 311.8437 312.15 313.8455 280.7272 283.31 283.31 283.31 296.5326 298.09 298.09 297.7687 304.02 304.02 304.02 308.7168 309.27 309.27 309.27 298.609 298.71 298.71 295.7692 352.98 352.98 352.98 422.8821 422.22 422.22 414.7638 559.82 559.82 559.82 547.2863 545.81 545.81 549.6156 475.58 475.58 475.58 437.6837 433.22 433.22 433.22 415.4214 415.59 415.59 416.8016 393.23 393.23 393.23 394.078 394.07 394.07 394.6747 382.91 382.91
-9999 -9999 -9999 -9999 -9999 -9999 -9999 -9999 -9999 -9999 -9999 -9999 -9999 -9999 -9999 -9999 -9999 305.6389 344.18 344.18 344.18 311.8437 312.15 312.15 312.2101 311.04 311.04 311.04 323.9226 325.44 325.44 324.4061 344.52 344.52 344.52 336.4415 335.49 335.49 336.9059 309.36 309.36 309.36 307.2954 347.46 347.46 347.46 397.2314 396.76 396.76 389.8452 524.37 524.37 524.37 543.5508 545.81 545.81 549.6156 475.58 475.58 475.58 437.6837 433.22 433.22 434.1753 415.59 415.59 415.59 416.8016 393.23 393.23 393.23 394.078 394.07 394.07 394.6747 382.91 382.91
-9999 -9999 -9999 -9999 -9999 -9999 -9999 -9999 -9999 -9999 -9999 -9999 -9999 -9999 -9999 -9999 -9999 305.6389 344.18 344.18 344.18 311.8437 312.15 312.15 312.2101 311.04 311.04 311.04 325.5777 325.44 325.44 324.4061 344.52 344.52 344.52 336.4415 335.49 335.49 336.9059 309.36 309.36 309.36 307.2954 347.46 347.46 347.46 397.2314 396.76 396.76 389.8452 524.37 524.37 524.37 559.6946 559.36 559.36 563.5211 482.57 482.57 482.57 445.5057 441.14 441.14 442.2048 421.49 421.49 421.49 422.1115 410.02 410.02 410.02 394.4727 394.62 394.62 395.1565 384.72 384.72
-9999 -9999 -9999 -9999 -9999 -9999 -9999 -9999 -9999 -9999 -9999 -9999 -9999 -9999 -9999 -9999 -9999 339.8279 344.18 344.18 344.18 312.15 312.15 312.15 312.15 311.04 311.04 311.04 325.44 325.44 325.44 325.44 344.52 344.52 344.52 336.5649 335.49 335.49 335.49 309.36 309.36 309.36 342.9246 347.46 347.46 347.46 396.76 396.76 396.76 396.76 524.37 524.37 524.37 559.36 559.36 559.36 559.36 482.57 482.57 482.57 446.0718 441.14 441.14 441.14 421.49 421.49 421.49 421.3913 410.02 410.02 410.02 394.62 394.62 394.62 394.62 384.72 384.72
-9999 -9999 -9999 -9999 -9999 -9999 -9999 -9999 -9999 -9999 -9999 -9999 -9999 -9999 -9999 -9999 -9999 -9999 -9999 -9999 -9999 -9999 -9999 -9999 -9999 -9999 -9999 -9999 -9999 -9999 -9999 -9999 -9999 -9999 -9999 -9999 -9999 -9999 -9999 -9999 -9999 -9999 -9999 -9999 -9999 -9999 -9999 -9999 -9999 -9999 -9999 -9999 -9999 -9999 -9999 -9999 -9999 -9999 -9999 -9999 -9999 -9999 -9999 -9999 -9999 -9999 -9999 -9999 -9999 -9999 -9999 -9999 -9999 -9999 -9999 -9999 -9999
-9999 -9999 -9999 -9999 -9999 -9999 -9999 -9999 -9999 -9999 -9999 -9999 -9999 -9999 -9999 -9999 -9999 -9999 -9999 -9999 -9999 -9999 -9999 -9999 -9999 -9999 -9999 -9999 -9999 -9999 -9999 -9999 -9999 -9999 -9999 -9999 -9999 -9999 -9999 -9999 -9999 -9999 -9999 -9999 -9999 -9999 -9999 -9999 -9999 -9999 -9999 -9999 -9999 -9999 -9999 -9999 -9999 -9999 -9999 -9999 -9999 -9999 -9999 -9999 -9999 -9999 -9999 -9999 -9999 -9999 -9999 -9999 -9999 -9999 -9999 -9999 -9999
-9999 -9999 -9999 -9999 -9999 -9999 -9999 -9999 -9999 -9999 -9999 -9999 -9999 -9999 -9999 -9999 -9999 -9999 -9999 -9999 -9999 -9999 -9999 -9999 -9999 -9999 -9999 -9999 -9999 -9999 -9999 -9999 -9999 -9999 -9999 -9999 -9999 -9999 -9999 -9999 -9999 -9999 -9999 -9999 -9999 -9999 -9999 -9999 -9999 -9999 -9999 -9999 -9999 -9999 -9999 -9999 -9999 -9999 -9999 -9999 -9999 -9999 -9999 -9999 -9999 -9999 -9999 -9999 -9999 -9999 -9999 -9999 -9999 -9999 -9999 -9999 -9999
-9999 -9999 -9999 -9999 -9999 -9999 -9999 -9999 -9999 -9999 -9999 -9999 -9999 -9999 -9999 -9999 -9999 -9999 -9999 -9999 -9999 -9999 -9999 -9999 -9999 -9999 -9999 -9999 -9999 -9999 -9999 -9999 -9999 -9999 -9999 -9999 -9999 -9999 -9999 -9999 -9999 -9999 -9999 -9999 -9999 -9999 -9999 -9999 -9999 -9999 -9999 -9999 -9999 -9999 -9999 -9999 -9999 -9999 -9999 -9999 -9999 -9999 -9999 -9999 -9999 -9999 -9999 -9999 -9999 -9999 -9999 -9999 -9999 -9999 -9999 -9999 -9999
-9999 -9999 -9999 -9999 -9999 -9999 -9999 -9999 -9999 -9999 -9999 -9999 -9999 -9999 -9999 -9999 -9999 -9999 -9999 -9999 -9999 -9999 -9999 -9999 -9999 -9999 -9999 -9999 -9999 -9999 -9999 -9999 -9999 -9999 -9999 -9999 -9999 -9999 -9999 -9999 -9999 -9999 -9999 -9999 -9999 -9999 -9999 -9999 -9999 -9999 -9999 -9999 -9999 -9999 -9999 -9999 -9999 -9999 -9999 -9999 -9999 -9999 -9999 -9999 -9999 -9999 -9999 -9999 -9999 -9999 -9999 -9999 -9999 -9999 -9999 -9999 -9999
-9999 -9999 -9999 -9999 -9999 -9999 -9999 -9999 -9999 -9999 -9999 -9999 -9999 -9999 -9999 -9999 -9999 -9999 -9999 -9999 -9999 -9999 -9999 -9999 -9999 -9999 -9999 -9999 -9999 -9999 -9999 -9999 -9999 -9999 -9999 -9999 -9999 -9999 -9999 -9999 -9999 -9999 -9999 -9999 -9999 -9999 -9999 -9999 -9999 -9999 -9999 -9999 -9999 -9999 -9999 -9999 -9999 -9999 -9999 -9999 -9999 -9999 -9999 -9999 -9999 -9999 -9999 -9999 -9999 -9999 -9999 -9999 -9999 -9999 -9999 -9999 -9999
-9999 -9999 -9999 -9999 -9999 -9999 -9999 -9999 -9999 -9999 -9999 -9999 -9999 -9999 -9999 -9999 -9999 -9999 -9999 -9999 -9999 -9999 -9999 -9999 -9999 -9999 -9999 -9999 -9999 -9999 -9999 -9999 -9999 -9999 -9999 -9999 -9999 -9999 -9999 -9999 -9999 -9999 -9999 -9999 -9999 -9999 -9999 -9999 -9999 -9999 -9999 -9999 -9999 -9999 -9999 -9999 -9999 -9999 -9999 -9999 -9999 -9999 -9999 -9999 -9999 -9999 -9999 -9999 -9999 -9999 -9999 -9999 -9999 -9999 -9999 -9999 -9999
-9999 -9999 -9999 -9999 -9999 -9999 -9999 -9999 -9999 -9999 -9999 -9999 -9999 -9999 -9999 -9999 -9999 -9999 -9999 -9999 -9999 -9999 -9999 -9999 -9999 -9999 -9999 -9999 -9999 -9999 -9999 -9999 -9999 -9999 -9999 -9999 -9999 -9999 -9999 -9999 -9999 -9999 -9999 -9999 -9999 -9999 -9999 -9999 -9999 -9999 -9999 -9999 -9999 -9999 -9999 -9999 -9999 -9999 -9999 -9999 -9999 -9999 -9999 -9999 -9999 -9999 -9999 -9999 -9999 -9999 -9999 -9999 -9999 -9999 -9999 -9999 -9999
-9999 -9999 -9999 -9999 -9999 -9999 -9999 -9999 -9999 -9999 -9999 -9999 -9999 -9999 -9999 -9999 -9999 -9999 -9999 -9999 -9999 -9999 -9999 -9999 -9999 -9999 -9999 -9999 -9999 -9999 -9999 -9999 -9999 -9999 -9999 -9999 -9999 -9999 -9999 -9999 -9999 -9999 -9999 -9999 -9999 -9999 -9999 -9999 -9999 -9999 -9999 -9999 -9999 -9999 -9999 -9999 -9999 -9999 -9999 -9999 -9999 -9999 -9999 -9999 -9999 -9999 -9999 -9999 -9999 -9999 -9999 -9999 -9999 -9999 -9999 -9999 -9999
