Model and model input files/precip_1997.asc
ncols         625
nrows         453
xllcorner     138621.56993419
yllcorner     4094031.9406744
cellsize      1000
NODATA_value  -9999
[rows 102 to 135 of 453, columns 77 to 153 of 625]
477.83 477.83 502.2715 441.1028 441.68 451.4672 452.62 452.62 452.62 477.41 480.33 480.33 479.2013 501.16 501.16 501.16 553.7683 553.27 553.27 548.8093 635.59 635.59 635.59 688.1492 694.34 694.34 694.34 632.8475 633.43 633.43 655.9656 658.62 658.62 658.62 729.8446 729.17 729.17 728.3956 743.46 743.46 743.46 744.4494 744.44 744.44 743.1276 768.66 768.66 768.66 758.2817 758.38 758.38 758.38 864.808 863.8 863.8 912.3245 918.04 918.04 918.04 910.32 910.32 910.32 965.2858 971.76 971.76 971.76 1180.709 1178.73 1178.73 1182.081 1116.89 1116.89 1116.89 895.7252 897.82 897.82 892.2891
477.83 477.83 502.2715 502.04 502.04 465.8703 461.61 461.61 461.61 461.3863 461.36 461.36 460.041 485.7 485.7 485.7 556.4905 555.82 555.82 553.7831 593.41 593.41 593.41 597.2837 597.74 597.74 597.74 587.0488 587.15 584.6422 655.9656 658.62 658.62 658.62 729.8446 729.17 729.17 728.3956 743.46 743.46 743.46 744.4494 744.44 744.44 743.1276 768.66 768.66 768.66 758.2817 758.38 758.38 758.38 864.808 863.8 863.8 912.3245 918.04 918.04 918.04 910.32 910.32 910.32 965.2858 971.76 971.76 960.5448 1178.73 1178.73 1178.73 1182.081 1116.89 1116.89 1116.89 895.7252 897.82 897.82 892.2891
477.83 477.83 502.2715 502.04 502.04 465.8703 461.61 461.61 461.61 461.3576 461.36 461.36 460.041 485.7 485.7 485.7 556.4905 555.82 555.82 553.7831 593.41 593.41 593.41 597.7814 597.74 597.74 597.74 587.0488 587.15 587.15 630.5662 635.68 635.68 635.68 715.1022 714.35 714.35 687.7975 684.67 684.67 684.67 699.3894 699.25 699.25 697.4526 732.42 732.42 732.42 736.3068 736.27 736.27 733.8587 780.77 780.77 780.77 912.6914 928.23 928.23 928.23 909.5188 910.32 910.32 965.2858 971.76 971.76 960.5448 1178.73 1178.73 1178.73 1182.081 1116.89 1116.89 1116.89 895.7252 897.82 897.82 892.2891
477.83 477.83 502.2715 502.04 502.04 465.8703 461.61 461.61 461.61 461.3576 461.36 461.36 460.041 485.7 485.7 485.7 556.4905 555.82 555.82 553.7831 593.41 593.41 593.41 597.7814 597.74 597.74 597.74 587.0488 587.15 587.15 630.5662 635.68 635.68 635.68 715.1022 714.35 714.35 687.7975 684.67 684.67 684.67 699.3894 699.25 699.25 697.4526 732.42 732.42 732.42 736.3068 736.27 736.27 733.8587 780.77 780.77 780.77 912.6914 928.23 928.23 928.23 909.56 909.56 909.56 938.4296 941.83 941.83 940.6233 964.1 964.1 964.1 965.7072 934.44 934.44 934.44 884.7493 885.22 885.22 880.8942
477.83 477.83 502.2715 502.04 502.04 465.8703 461.61 461.61 461.61 461.3576 461.36 461.36 483.1352 485.7 485.7 485.7 556.4905 555.82 555.82 553.7831 593.41 593.41 593.41 597.7814 597.74 597.74 598.3138 587.15 587.15 587.15 630.5662 635.68 635.68 635.68 715.1022 714.35 714.35 687.7975 684.67 684.67 684.67 699.25 699.25 699.25 697.4526 732.42 732.42 732.42 736.3068 736.27 736.27 733.8587 780.77 780.77 780.77 929.6401 928.23 928.23 928.23 909.56 909.56 909.56 938.4296 941.83 941.83 940.6233 964.1 964.1 964.1 937.5654 934.44 934.44 934.44 884.7493 885.22 885.22 880.8942
475 475 483.0058 482.93 482.93 473.0712 471.91 471.91 471.91 548.2329 547.51 547.51 534.8511 533.36 533.36 485.2443 556.4905 555.82 555.82 553.7831 593.41 593.41 593.41 597.7814 597.74 597.74 598.3138 587.15 587.15 587.15 630.5662 635.68 635.68 635.68 715.1022 714.35 714.35 687.7975 684.67 684.67 684.67 699.25 699.25 699.25 697.4526 732.42 732.42 732.42 736.3068 736.27 736.27 733.8587 780.77 780.77 780.77 929.6401 928.23 928.23 928.23 909.56 909.56 909.56 938.4296 941.83 941.83 940.6233 964.1 964.1 964.1 937.5654 934.44 934.44 934.44 884.7493 885.22 885.22 880.8942
475 474.5703 482.93 482.93 482.93 473.0712 471.91 471.91 471.91 548.2329 547.51 547.51 534.8511 533.36 533.36 533.36 516.4902 516.65 516.65 513.5928 573.07 573.07 573.07 548.1741 548.41 548.41 547.5934 563.48 563.48 563.48 612.8365 618.65 618.65 618.65 600.4072 600.58 600.58 589.0304 587.67 587.67 587.67 611.25 611.25 700.0915 697.4526 732.42 732.42 732.42 736.3068 736.27 736.27 733.8587 780.77 780.77 780.77 929.6401 928.23 928.23 928.23 909.56 909.56 909.56 938.4296 941.83 941.83 940.6233 964.1 964.1 964.1 937.5654 934.44 934.44 934.44 884.7493 885.22 885.22 880.8942
475 474.5703 482.93 482.93 482.93 473.0712 471.91 471.91 471.91 548.2329 547.51 547.51 534.8511 533.36 533.36 533.36 516.65 516.65 516.65 513.5928 573.07 573.07 573.07 548.1741 548.41 548.41 547.5934 563.48 563.48 563.48 619.1776 618.65 618.65 618.65 600.4072 600.58 600.58 589.0304 587.67 587.67 587.67 611.25 611.25 611.25 621.8602 623.11 623.11 623.11 645.6132 645.4 645.4 643.2596 684.9 684.9 684.9 770.4402 769.63 769.63 766.0292 836.08 836.08 836.08 875.2377 879.85 879.85 883.053 820.74 820.74 820.74 808.1973 806.72 806.72 805.9326 821.25 821.25 885.8317 880.8942
475 474.5703 482.93 482.93 482.93 473.0712 471.91 471.91 471.91 548.2329 547.51 547.51 534.8511 533.36 533.36 533.36 516.65 516.65 516.65 513.5928 573.07 573.07 573.07 548.1741 548.41 548.41 547.5934 563.48 563.48 563.48 619.1776 618.65 618.65 618.65 600.4072 600.58 600.58 589.0304 587.67 587.67 587.67 611.25 611.25 611.25 621.8602 623.11 623.11 623.11 645.6132 645.4 645.4 643.2596 684.9 684.9 684.9 770.4402 769.63 769.63 766.0292 836.08 836.08 836.08 875.2377 879.85 879.85 883.053 820.74 820.74 820.74 808.1973 806.72 806.72 805.9326 821.25 821.25 821.25 814.4261
475 474.5703 482.93 482.93 482.93 471.8046 471.91 471.91 471.91 548.2329 547.51 547.51 534.8511 533.36 533.36 533.36 516.65 516.65 516.65 567.1248 573.07 573.07 573.07 548.1741 548.41 548.41 547.5934 563.48 563.48 563.48 619.1776 618.65 618.65 619.6292 600.58 600.58 600.58 589.0304 587.67 587.67 587.67 611.25 611.25 611.25 621.8602 623.11 623.11 621.9022 645.4 645.4 645.4 643.2596 684.9 684.9 684.9 770.4402 769.63 769.63 766.0292 836.08 836.08 836.08 875.2377 879.85 879.85 883.053 820.74 820.74 820.74 808.1973 806.72 806.72 805.9326 821.25 821.25 821.25 814.4261
483.05 482.1765 499.17 499.17 499.17 469.3778 469.66 469.66 469.66 506.9027 506.55 506.55 551.8717 557.21 557.21 557.21 564.82 564.82 564.82 580.7443 582.62 582.62 582.62 632.6035 632.13 632.13 634.6422 565.8288 563.48 563.48 619.1776 618.65 618.65 619.6292 600.58 600.58 600.58 589.0304 587.67 587.67 587.67 611.25 611.25 611.25 621.8602 623.11 623.11 621.9022 645.4 645.4 645.4 643.2596 684.9 684.9 684.9 770.4402 769.63 769.63 766.0292 836.08 836.08 836.08 880.2686 879.85 879.85 883.053 820.74 820.74 820.74 808.1973 806.72 806.72 805.9326 821.25 821.25 821.25 933.9101
483.05 482.1765 499.17 499.17 499.17 469.3778 469.66 469.66 467.661 506.55 506.55 506.55 551.8717 557.21 557.21 557.21 564.82 564.82 564.82 580.7443 582.62 582.62 579.9372 632.13 632.13 632.13 634.6422 585.77 585.77 585.77 618.8332 618.52 618.52 619.6721 597.26 597.26 597.26 628.9745 632.71 632.71 632.71 617.58 617.58 617.58 632.905 634.71 634.71 632.148 681.99 681.99 681.99 679.7195 723.89 723.89 723.89 747.8974 747.67 769.84 766.0292 836.08 836.08 836.08 880.2686 879.85 879.85 883.053 820.74 820.74 820.74 808.1973 806.72 806.72 805.9326 821.25 821.25 821.25 933.9101
483.05 482.1765 499.17 499.17 499.17 469.3778 469.66 469.66 467.661 506.55 506.55 506.55 551.8717 557.21 557.21 557.21 564.82 564.82 564.82 580.7443 582.62 582.62 579.9372 632.13 632.13 632.13 634.6422 585.77 585.77 585.77 618.8332 618.52 618.52 619.6721 597.26 597.26 597.26 633.049 632.71 632.71 632.71 617.58 617.58 617.58 632.905 634.71 634.71 632.148 681.99 681.99 681.99 719.4748 723.89 723.89 723.89 747.8974 747.67 747.67 747.3486 753.6 753.6 753.6 781.6961 781.43 781.43 890.9948 903.9 903.9 903.9 935.2566 938.95 938.95 941.1143 899.01 899.01 899.01 907.3479
483.05 482.1765 499.17 499.17 499.17 469.3778 469.66 469.66 467.661 506.55 506.55 506.55 557.6945 557.21 557.21 557.21 564.82 564.82 564.82 580.7443 582.62 582.62 579.9372 632.13 632.13 632.13 634.6422 585.77 585.77 585.77 618.8332 618.52 618.52 619.6721 597.26 597.26 597.26 633.049 632.71 632.71 632.71 617.58 617.58 617.58 632.905 634.71 634.71 632.148 681.99 681.99 681.99 719.4748 723.89 723.89 723.89 747.8974 747.67 747.67 747.3486 753.6 753.6 753.6 781.6961 781.43 781.43 890.9948 903.9 903.9 903.9 935.2566 938.95 938.95 941.1143 899.01 899.01 899.01 907.3479
493.19 493.3618 490.02 489.5242 499.17 469.3778 469.66 469.66 467.661 506.55 506.55 506.55 557.6945 557.21 557.21 557.21 564.82 564.82 564.82 580.7443 582.62 582.62 579.9372 632.13 632.13 632.13 590.6552 585.77 585.77 585.77 618.8332 618.52 618.52 619.6721 597.26 597.26 597.26 633.049 632.71 632.71 633.5299 617.58 617.58 617.58 632.905 634.71 634.71 632.148 681.99 681.99 681.99 719.4748 723.89 723.89 723.89 747.8974 747.67 747.67 747.3486 753.6 753.6 753.6 781.6961 781.43 781.43 890.9948 903.9 903.9 903.9 935.2566 938.95 938.95 941.1143 899.01 899.01 899.01 907.3479
493.19 490.354 490.02 490.02 490.02 506.3042 506.15 506.15 502.9188 565.78 565.78 565.78 596.8947 596.6 596.6 596.6 614.34 614.34 614.34 650.4381 654.69 654.69 651.7081 709.72 709.72 709.72 678.4081 674.72 674.72 674.72 622.4813 618.52 618.52 619.6721 597.26 597.26 597.26 633.049 632.71 632.71 633.5299 617.58 617.58 617.58 632.905 634.71 634.71 632.148 681.99 681.99 681.99 719.4748 723.89 723.89 722.6014 747.67 747.67 747.67 747.3486 753.6 753.6 753.6 781.6961 781.43 781.43 890.9948 903.9 903.9 903.9 939.2852 938.95 938.95 941.1143 899.01 899.01 899.01 907.3479
493.19 490.354 490.02 490.02 490.02 506.3042 506.15 506.15 502.9188 565.78 565.78 565.78 596.8947 596.6 596.6 595.6387 614.34 614.34 614.34 650.4381 654.69 654.69 651.7081 709.72 709.72 709.72 678.4081 674.72 674.72 675.6444 657.66 657.66 657.66 656.5145 678.8 678.8 678.8 717.5167 717.15 717.15 717.751 706.06 706.06 706.06 683.2291 680.54 680.54 679.265 704.07 704.07 704.07 707.8722 708.32 708.32 708.3097 708.51 708.51 708.51 706.9445 737.4 737.4 737.4 775.5917 775.23 775.23 969.5157 992.4 992.4 992.4 1201.167 1199.19 1213.292 941.1143 899.01 899.01 899.01 907.3479
493.19 490.354 490.02 490.02 489.1459 506.15 506.15 506.15 502.9188 565.78 565.78 565.78 596.8947 596.6 596.6 595.6387 614.34 614.34 614.34 650.4381 654.69 654.69 651.7081 709.72 709.72 709.72 678.4081 674.72 674.72 675.6444 657.66 657.66 657.66 656.5145 678.8 678.8 678.8 717.5167 717.15 717.15 717.751 706.06 706.06 706.06 680.296 680.54 680.54 679.265 704.07 704.07 704.07 707.8722 708.32 708.32 708.3097 708.51 708.51 708.51 734.3557 737.4 737.4 737.4 775.5917 775.23 775.23 969.5157 992.4 992.4 992.4 1201.167 1199.19 1199.19 1200.516 1174.71 1174.71 1174.71 1125.55
493.19 490.354 490.02 490.02 489.1459 506.15 506.15 506.15 502.9188 565.78 565.78 565.78 596.8947 596.6 596.6 595.6387 614.34 614.34 614.34 655.0759 654.69 654.69 651.7081 709.72 709.72 709.72 678.4081 674.72 674.72 675.6444 657.66 657.66 657.66 656.5145 678.8 678.8 678.8 717.5167 717.15 717.15 717.751 706.06 706.06 706.06 680.296 680.54 680.54 679.265 704.07 704.07 704.07 707.8722 708.32 708.32 708.3097 708.51 708.51 708.51 734.3557 737.4 737.4 737.4 775.5917 775.23 775.23 969.5157 992.4 992.4 992.4 1201.167 1199.19 1199.19 1177.29 1174.71 1174.71 1174.71 1125.55
495.58 489.6218 488.92 488.92 485.0033 561.2 561.2 561.2 560.236 578.99 578.99 578.99 602.4119 602.19 602.19 596.2277 614.34 614.34 614.34 655.0759 654.69 654.69 651.7081 709.72 709.72 709.72 678.4081 674.72 674.72 675.6444 657.66 657.66 657.66 676.5724 678.8 678.8 678.8 717.5167 717.15 717.15 717.751 706.06 706.06 706.06 680.296 680.54 680.54 679.265 704.07 704.07 704.07 707.8722 708.32 708.32 708.3097 708.51 708.51 708.51 734.3557 737.4 737.4 737.4 775.5917 775.23 775.23 969.5157 992.4 992.4 992.4 1201.167 1199.19 1199.19 1177.29 1174.71 1174.71 1174.71 1125.55
495.58 489.6218 488.92 488.92 485.0033 561.2 561.2 561.2 577.1154 578.99 578.99 578.99 602.4119 602.19 602.19 601.4324 616.17 616.17 616.17 652.5042 652.16 652.16 649.9935 692.14 692.14 692.14 697.4094 698.03 698.03 699.5652 669.7 669.7 669.7 676.347 677.13 677.13 677.13 726.1039 725.64 725.64 725.9548 719.83 719.83 720.5762 680.296 680.54 680.54 701.5905 704.07 704.07 704.07 707.8722 708.32 708.32 708.3097 708.51 708.51 708.51 734.3557 737.4 737.4 735.3501 775.23 775.23 775.23 969.5157 992.4 992.4 992.4 1201.167 1199.19 1199.19 1177.29 1174.71 1174.71 1174.71 1125.55
495.58 489.6218 488.92 488.92 485.0033 561.2 561.2 561.2 577.1154 578.99 578.99 578.99 602.4119 602.19 602.19 601.4324 616.17 616.17 616.17 652.5042 652.16 652.16 687.9271 692.14 692.14 692.14 697.4094 698.03 698.03 699.5652 669.7 669.7 669.7 676.347 677.13 677.13 674.5013 725.64 725.64 725.64 725.9548 719.83 719.83 719.83 694.7524 694.99 694.99 698.2375 698.62 698.62 698.62 738.3324 743.01 743.01 742.7689 747.46 747.46 747.46 874.9619 889.98 889.98 888.7364 912.93 912.93 912.93 829.0321 819.15 819.15 819.15 1226.589 1222.73 1222.73 1349.364 1364.28 1364.28 1364.28 1117.422
495.58 489.6218 488.92 488.92 485.0033 561.2 561.2 561.2 577.1154 578.99 578.99 577.7328 602.19 602.19 602.19 601.4324 616.17 616.17 616.17 652.5042 652.16 652.16 687.9271 692.14 692.14 692.14 697.4094 698.03 698.03 699.5652 669.7 669.7 669.7 676.347 677.13 677.13 674.5013 725.64 725.64 725.64 725.9548 719.83 719.83 719.83 694.7524 694.99 694.99 698.2375 698.62 698.62 698.62 743.4345 743.01 743.01 742.7689 747.46 747.46 747.46 874.9619 889.98 889.98 888.7364 912.93 912.93 912.93 829.0321 819.15 819.15 819.15 1226.589 1222.73 1222.73 1349.364 1364.28 1364.28 1364.28 1398.242
498.49 488.8285 488.92 488.92 485.0033 561.2 561.2 561.2 577.1154 578.99 578.99 577.7328 602.19 602.19 602.19 601.4324 616.17 616.17 616.17 652.5042 652.16 652.16 687.9271 692.14 692.14 692.14 698.0864 698.03 698.03 699.5652 669.7 669.7 669.7 676.347 677.13 677.13 674.5013 725.64 725.64 725.64 725.9548 719.83 719.83 719.83 694.7524 694.99 694.99 698.2375 698.62 698.62 698.62 743.4345 743.01 743.01 742.7689 747.46 747.46 747.46 874.9619 889.98 889.98 888.7364 912.93 912.93 912.93 818.2532 819.15 819.15 819.15 1226.589 1222.73 1222.73 1349.364 1364.28 1364.28 1364.28 1398.242
498.49 500.22 500.22 500.22 500.22 562.95 562.95 562.95 579.9085 582.2 582.2 582.2 599.63 599.63 599.63 625.1867 628.64 628.64 628.64 639.15 639.15 639.15 661.9933 665.08 665.08 665.08 690.41 690.41 697.9556 697.9556 669.7023 669.7023 669.7023 676.3171 677.2109 677.2109 677.2109 725.7372 725.64 725.64 720.5216 719.83 719.83 719.83 694.99 694.99 694.99 698.1879 698.62 698.62 698.62 743.01 743.01 743.01 743.01 747.46 747.46 747.46 873.0145 889.98 889.98 889.98 912.93 912.93 912.93 819.15 819.15 819.15 819.15 1222.73 1222.73 1222.73 1347.43 1364.28 1364.28 1364.28 1397.92
-9999 -9999 -9999 -9999 -9999 -9999 -9999 -9999 -9999 -9999 -9999 -9999 -9999 -9999 -9999 -9999 -9999 -9999 -9999 -9999 -9999 -9999 -9999 -9999 -9999 -9999 -9999 -9999 -9999 -9999 -9999 -9999 -9999 -9999 -9999 -9999 -9999 -9999 -9999 -9999 -9999 -9999 -9999 -9999 -9999 -9999 -9999 -9999 -9999 -9999 -9999 -9999 -9999 -9999 -9999 -9999 -9999 -9999 -9999 -9999 -9999 -9999 -9999 -9999 -9999 -9999 -9999 -9999 -9999 -9999 -9999 -9999 -9999 -9999 -9999 -9999 -9999
-9999 -9999 -9999 -9999 -9999 -9999 -9999 -9999 -9999 -9999 -9999 -9999 -9999 -9999 -9999 -9999 -9999 -9999 -9999 -9999 -9999 -9999 -9999 -9999 -9999 -9999 -9999 -9999 -9999 -9999 -9999 -9999 -9999 -9999 -9999 -9999 -9999 -9999 -9999 -9999 -9999 -9999 -9999 -9999 -9999 -9999 -9999 -9999 -9999 -9999 -9999 -9999 -9999 -9999 -9999 -9999 -9999 -9999 -9999 -9999 -9999 -9999 -9999 -9999 -9999 -9999 -9999 -9999 -9999 -9999 -9999 -9999 -9999 -9999 -9999 -9999 -9999
-9999 -9999 -9999 -9999 -9999 -9999 -9999 -9999 -9999 -9999 -9999 -9999 -9999 -9999 -9999 -9999 -9999 -9999 -9999 -9999 -9999 -9999 -9999 -9999 -9999 -9999 -9999 -9999 -9999 -9999 -9999 -9999 -9999 -9999 -9999 -9999 -9999 -9999 -9999 -9999 -9999 -9999 -9999 -9999 -9999 -9999 -9999 -9999 -9999 -9999 -9999 -9999 -9999 -9999 -9999 -9999 -9999 -9999 -9999 -9999 -9999 -9999 -9999 -9999 -9999 -9999 -9999 -9999 -9999 -9999 -9999 -9999 -9999 -9999 -9999 -9999 -9999
-9999 -9999 -9999 -9999 -9999 -9999 -9999 -9999 -9999 -9999 -9999 -9999 -9999 -9999 -9999 -9999 -9999 -9999 -9999 -9999 -9999 -9999 -9999 -9999 -9999 -9999 -9999 -9999 -9999 -9999 -9999 -9999 -9999 -9999 -9999 -9999 -9999 -9999 -9999 -9999 -9999 -9999 -9999 -9999 -9999 -9999 -9999 -9999 -9999 -9999 -9999 -9999 -9999 -9999 -9999 -9999 -9999 -9999 -9999 -9999 -9999 -9999 -9999 -9999 -9999 -9999 -9999 -9999 -9999 -9999 -9999 -9999 -9999 -9999 -9999 -9999 -9999
-9999 -9999 -9999 -9999 -9999 -9999 -9999 -9999 -9999 -9999 -9999 -9999 -9999 -9999 -9999 -9999 -9999 -9999 -9999 -9999 -9999 -9999 -9999 -9999 -9999 -9999 -9999 -9999 -9999 -9999 -9999 -9999 -9999 -9999 -9999 -9999 -9999 -9999 -9999 -9999 -9999 -9999 -9999 -9999 -9999 -9999 -9999 -9999 -9999 -9999 -9999 -9999 -9999 -9999 -9999 -9999 -9999 -9999 -9999 -9999 -9999 -9999 -9999 -9999 -9999 -9999 -9999 -9999 -9999 -9999 -9999 -9999 -9999 -9999 -9999 -9999 -9999
-9999 -9999 -9999 -9999 -9999 -9999 -9999 -9999 -9999 -9999 -9999 -9999 -9999 -9999 -9999 -9999 -9999 -9999 -9999 -9999 -9999 -9999 -9999 -9999 -9999 -9999 -9999 -9999 -9999 -9999 -9999 -9999 -9999 -9999 -9999 -9999 -9999 -9999 -9999 -9999 -9999 -9999 -9999 -9999 -9999 -9999 -9999 -9999 -9999 -9999 -9999 -9999 -9999 -9999 -9999 -9999 -9999 -9999 -9999 -9999 -9999 -9999 -9999 -9999 -9999 -9999 -9999 -9999 -9999 -9999 -9999 -9999 -9999 -9999 -9999 -9999 -9999
-9999 -9999 -9999 -9999 -9999 -9999 -9999 -9999 -9999 -9999 -9999 -9999 -9999 -9999 -9999 -9999 -9999 -9999 -9999 -9999 -9999 -9999 -9999 -9999 -9999 -9999 -9999 -9999 -9999 -9999 -9999 -9999 -9999 -9999 -9999 -9999 -9999 -9999 -9999 -9999 -9999 -9999 -9999 -9999 -9999 -9999 -9999 -9999 -9999 -9999 -9999 -9999 -9999 -9999 -9999 -9999 -9999 -9999 -9999 -9999 -9999 -9999 -9999 -9999 -9999 -9999 -9999 -9999 -9999 -9999 -9999 -9999 -9999 -9999 -9999 -9999 -9999
-9999 -9999 -9999 -9999 -9999 -9999 -9999 -9999 -9999 -9999 -9999 -9999 -9999 -9999 -9999 -9999 -9999 -9999 -9999 -9999 -9999 -9999 -9999 -9999 -9999 -9999 -9999 -9999 -9999 -9999 -9999 -9999 -9999 -9999 -9999 -9999 -9999 -9999 -9999 -9999 -9999 -9999 -9999 -9999 -9999 -9999 -9999 -9999 -9999 -9999 -9999 -9999 -9999 -9999 -9999 -9999 -9999 -9999 -9999 -9999 -9999 -9999 -9999 -9999 -9999 -9999 -9999 -9999 -9999 -9999 -9999 -9999 -9999 -9999 -9999 -9999 -9999
-9999 -9999 -9999 -9999 -9999 -9999 -9999 -9999 -9999 -9999 -9999 -9999 -9999 -9999 -9999 -9999 -9999 -9999 -9999 -9999 -9999 -9999 -9999 -9999 -9999 -9999 -9999 -9999 -9999 -9999 -9999 -9999 -9999 -9999 -9999 -9999 -9999 -9999 -9999 -9999 -9999 -9999 -9999 -9999 -9999 -9999 -9999 -9999 -9999 -9999 -9999 -9999 -9999 -9999 -9999 -9999 -9999 -9999 -9999 -9999 -9999 -9999 -9999 -9999 -9999 -9999 -9999 -9999 -9999 -9999 -9999 -9999 -9999 -9999 -9999 -9999 -9999
