Model and model input files/precip_2010.asc
ncols         625
nrows         453
xllcorner     138621.56993419
yllcorner     4094031.9406744
cellsize      1000
NODATA_value  -9999
[rows 0 to 33 of 453, columns 77 to 153 of 625]
323.8604 323.8604 334.463 335.8957 335.8957 335.8819 353.49 353.49 353.49 369.5059 371.67 371.67 371.67 383.13 383.13 383.13 385.5615 385.89 385.89 385.89 361.46 361.46 361.46 338.3612 335.24 335.24 335.24 328.08 328.08 328.08 326.5207 326.31 326.31 326.31 328.65 328.65 328.65 349.2909 352.08 352.08 352.08 362.13 362.13 362.13 368.1469 368.96 368.96 368.96 380.07 380.07 380.07 380.07 386.71 386.71 386.71 386.03 386.03 386.03 386.03 382.33 382.33 382.33 385.87 385.87 385.87 392.1336 392.98 392.98 392.98 401.45 401.45 401.45 412.418 413.9 413.9 413.9 454.1
343.16 343.16 338.0875 337.49 337.49 337.3491 340.09 340.09 340.09 351.2907 352.61 352.61 352.7801 349.47 349.47 349.47 350.0152 350.01 350.01 350.01 342.0547 342.13 342.13 328.0039 326.34 326.34 326.34 321.6657 321.71 321.71 322.2199 322.0616 326.31 326.31 328.6724 328.65 328.65 349.6111 352.08 352.08 352.08 362.13 362.13 362.13 368.2403 368.96 368.96 368.358 380.07 380.07 380.07 386.0103 386.71 386.71 386.71 386.0235 386.03 386.03 386.2305 382.33 382.33 382.33 385.9038 385.87 385.87 392.2308 392.98 392.98 392.98 401.531 401.45 401.45 412.5881 413.9 413.9 413.9 454.4844
343.16 343.16 338.0875 337.49 337.49 337.3491 340.09 340.09 340.09 351.2907 352.61 352.61 352.7801 349.47 349.47 349.47 350.0152 350.01 350.01 350.437 342.13 342.13 342.13 328.0039 326.34 326.34 326.34 321.6657 321.71 321.71 322.2199 322.28 322.28 322.28 330.6392 330.56 330.56 351.8431 354.35 354.35 354.35 362.38 362.38 362.38 366.9337 367.47 367.47 367.2814 370.95 370.95 370.95 376.5325 377.19 377.19 377.099 378.87 378.87 378.87 383.3521 383.88 383.88 382.3152 385.9038 385.87 385.87 392.2308 392.98 392.98 392.98 401.531 401.45 401.45 412.5881 413.9 413.9 413.9 454.4844
343.16 343.16 338.0875 337.49 337.49 337.3491 340.09 340.09 340.09 351.2907 352.61 352.61 352.7801 349.47 349.47 349.47 350.0152 350.01 350.01 350.437 342.13 342.13 342.13 326.189 326.34 326.34 326.34 321.6657 321.71 321.71 322.2199 322.28 322.28 322.28 330.6392 330.56 330.56 351.8431 354.35 354.35 354.35 362.38 362.38 362.38 366.9337 367.47 367.47 367.2814 370.95 370.95 370.95 376.5325 377.19 377.19 377.099 378.87 378.87 378.87 383.3521 383.88 383.88 383.4991 390.91 390.91 390.91 395.4815 396.02 396.02 396.02 406.9333 406.83 406.83 421.8597 423.63 423.63 423.63 452.6246
343.16 343.16 338.0875 337.49 337.49 337.3491 340.09 340.09 340.09 351.2907 352.61 352.61 352.7801 349.47 349.47 349.47 350.0152 350.01 350.01 350.437 342.13 342.13 342.13 326.189 326.34 326.34 326.5909 321.71 321.71 321.71 322.2199 322.28 322.28 322.28 330.6392 330.56 330.56 351.8431 354.35 354.35 354.35 362.38 362.38 362.38 366.9337 367.47 367.47 367.2814 370.95 370.95 370.95 376.5325 377.19 377.19 377.099 378.87 378.87 378.87 383.3521 383.88 383.88 383.4991 390.91 390.91 390.91 396.0688 396.02 396.02 396.02 406.9333 406.83 406.83 421.8597 423.63 423.63 423.63 452.6246
359.63 359.63 349.154 347.92 347.92 348.1801 343.12 343.12 343.2842 351.2907 352.61 352.61 352.7801 349.47 349.47 349.47 350.0152 350.01 350.01 350.437 342.13 342.13 342.13 326.189 326.34 326.34 326.5909 321.71 321.71 321.71 322.2855 322.28 322.28 322.28 330.6392 330.56 330.56 351.8431 354.35 354.35 354.35 362.38 362.38 362.38 366.9337 367.47 367.47 367.2814 370.95 370.95 370.95 376.5325 377.19 377.19 377.099 378.87 378.87 378.87 383.3521 383.88 383.88 383.4991 390.91 390.91 390.91 396.0688 396.02 396.02 396.02 406.9333 406.83 406.83 421.8597 423.63 423.63 423.63 452.6246
359.63 359.63 349.154 347.92 347.92 348.1801 343.12 343.12 343.12 346.1885 346.55 346.55 346.5657 346.26 346.26 346.26 341.0507 341.1 341.1 341.2989 337.43 337.43 337.43 320.9337 321.09 321.09 321.1425 320.12 320.12 320.12 334.2034 334.07 334.07 333.2209 349.74 330.3766 330.56 351.8431 354.35 354.35 354.35 362.38 362.38 362.38 366.9337 367.47 367.47 367.2814 370.95 370.95 370.95 376.5325 377.19 377.19 377.099 378.87 378.87 378.87 383.3521 383.88 383.88 383.4991 390.91 390.91 390.91 396.0688 396.02 396.02 395.4342 406.83 406.83 406.83 421.8597 423.63 423.63 423.63 452.6246
359.63 359.63 347.808 347.92 347.92 343.6258 343.12 343.12 343.12 346.1885 346.55 346.55 346.5657 346.26 346.26 346.26 341.0507 341.1 341.1 341.2989 337.43 337.43 337.43 320.9337 321.09 321.09 321.1425 320.12 320.12 320.12 334.2034 334.07 334.07 333.2209 349.74 349.74 349.74 358.2304 358.15 358.15 358.15 370.21 370.21 370.21 381.7059 383.06 383.06 383.2301 379.92 379.92 379.92 381.8971 382.13 382.13 381.9322 385.78 385.78 385.78 387.3814 387.57 387.57 387.3495 391.64 391.64 391.64 406.7632 406.62 406.62 405.1461 433.82 433.82 433.82 555.129 553.98 553.98 559.4871 452.35
359.63 359.63 347.808 347.92 347.92 343.6258 343.12 343.12 343.12 346.5828 346.55 346.55 346.5657 346.26 346.26 346.26 341.0507 341.1 341.1 341.2989 337.43 337.43 337.43 320.9337 321.09 321.09 321.1425 320.12 320.12 320.12 334.2034 334.07 334.07 333.2209 349.74 349.74 349.74 358.2304 358.15 358.15 357.4965 370.21 370.21 370.21 381.7059 383.06 383.06 383.2301 379.92 379.92 379.92 381.8971 382.13 382.13 381.9322 385.78 385.78 385.78 387.3814 387.57 387.57 387.3495 391.64 391.64 391.64 406.7632 406.62 406.62 405.1461 433.82 433.82 433.82 555.129 553.98 553.98 551.3503 602.51
359.63 359.63 347.808 347.92 347.92 343.6258 343.12 343.12 343.12 346.5828 346.55 346.55 346.2906 346.26 346.26 346.26 341.0507 341.1 341.1 341.2989 337.43 337.43 337.43 320.9337 321.09 321.09 321.1425 320.12 320.12 320.12 334.2034 334.07 334.07 333.2209 349.74 349.74 349.74 358.2304 358.15 358.15 357.4965 370.21 370.21 370.21 383.1829 383.06 383.06 383.2301 379.92 379.92 379.92 381.8971 382.13 382.13 381.9322 385.78 385.78 385.78 387.3814 387.57 387.57 387.3495 391.64 391.64 391.64 406.7632 406.62 406.62 405.1461 433.82 433.82 433.82 555.129 553.98 553.98 551.3503 602.51
392.22 392.22 388.3332 388.37 388.37 383.6822 383.13 383.13 383.13 379.4855 379.52 379.52 366.208 364.64 364.64 364.64 342.26 342.26 342.26 342.5987 337.4436 337.43 337.43 320.9337 321.09 321.09 321.1425 320.12 320.12 320.12 334.2034 334.07 334.07 333.2209 349.74 349.74 349.74 358.2304 358.15 358.15 357.4965 370.21 370.21 370.21 383.1829 383.06 383.06 380.2509 379.92 379.92 379.92 381.8971 382.13 382.13 381.9322 385.78 385.78 385.78 387.3814 387.57 387.57 387.3495 391.64 391.64 391.64 406.7632 406.62 406.62 405.1461 433.82 433.82 433.82 555.129 553.98 553.98 551.3503 602.51
392.22 392.22 388.3332 388.37 388.37 383.6822 383.13 383.13 383.13 379.4855 379.52 379.52 366.208 364.64 364.64 364.64 342.26 342.26 342.26 336.6686 336.01 336.01 336.01 324.2082 324.32 324.32 323.7581 334.69 334.69 334.69 363.9269 363.65 363.65 363.269 370.68 370.68 370.68 369.3373 369.35 369.35 368.9517 376.7 376.7 376.7 395.8817 395.7 395.7 404.2347 379.6779 379.92 379.92 382.1511 382.13 382.13 381.9322 385.78 385.78 385.78 387.3814 387.57 387.57 387.3495 391.64 391.64 391.64 406.7632 406.62 406.62 405.1461 433.82 433.82 433.82 555.129 553.98 553.98 551.3503 602.51
392.22 392.22 388.3332 388.37 388.37 383.6822 383.13 383.13 383.13 379.4855 379.52 379.52 366.208 364.64 364.64 364.64 342.26 342.26 342.26 336.6686 336.01 336.01 336.6435 324.32 324.32 324.32 323.7581 334.69 334.69 334.69 363.9269 363.65 363.65 363.269 370.68 370.68 370.68 369.3373 369.35 369.35 368.9517 376.7 376.7 376.7 395.8817 395.7 395.7 404.2347 405.24 405.24 405.24 411.6507 411.59 411.59 413.8176 414.08 414.08 414.08 412.7112 412.55 412.55 412.8085 407.78 407.78 407.78 417.6535 417.56 417.56 414.9709 465.34 465.34 465.34 648.4141 646.68 646.68 633.9557 881.5
392.22 392.22 388.3332 388.37 388.37 383.6822 383.13 383.13 383.13 379.4855 379.52 379.52 366.208 364.64 364.64 364.64 342.26 342.26 342.26 336.6686 336.01 336.01 336.6435 324.32 324.32 324.32 333.5973 334.69 334.69 334.69 363.9269 363.65 363.65 363.269 370.68 370.68 370.68 369.3373 369.35 369.35 368.9517 376.7 376.7 376.7 395.8817 395.7 395.7 404.2347 405.24 405.24 405.24 411.6507 411.59 411.59 413.8176 414.08 414.08 414.08 412.5354 412.55 412.55 412.8085 407.78 407.78 407.78 417.6535 417.56 417.56 414.9709 465.34 465.34 465.34 648.4141 646.68 646.68 633.9557 881.5
377.24 377.24 399.2182 399.01 399.01 422.8339 382.7235 383.13 383.13 379.4855 379.52 379.52 366.208 364.64 364.64 364.64 342.26 342.26 342.26 336.6686 336.01 336.01 336.6435 324.32 324.32 324.32 333.5973 334.69 334.69 333.1207 363.65 363.65 363.65 363.269 370.68 370.68 370.68 369.3373 369.35 369.35 368.9517 376.7 376.7 376.7 395.8817 395.7 395.7 404.2347 405.24 405.24 405.24 411.6507 411.59 411.59 413.8176 414.08 414.08 414.08 412.5354 412.55 412.55 408.2826 407.78 407.78 407.78 417.6535 417.56 417.56 414.9709 465.34 465.34 465.34 648.4141 646.68 646.68 633.9557 881.5
377.24 376.0603 399.01 399.01 399.01 422.8339 425.64 425.64 425.64 420.6931 420.74 420.74 380.6608 375.94 375.94 375.94 339.15 339.15 339.15 339.1589 339.16 339.16 339.1725 338.93 338.93 338.93 355.901 357.9 357.9 356.011 392.76 392.76 366.7175 369.9392 370.68 370.68 370.68 369.3373 369.35 369.35 368.9517 376.7 376.7 376.7 395.8817 395.7 395.7 404.2347 405.24 405.24 405.24 411.6507 411.59 411.59 413.8176 414.08 414.08 414.08 412.5354 412.55 412.55 408.2826 407.78 407.78 407.78 417.56 417.56 417.56 414.9709 465.34 465.34 465.34 648.4141 646.68 646.68 633.9557 881.5
377.24 376.0603 399.01 399.01 399.01 425.8947 425.64 425.64 425.64 420.6931 420.74 420.74 380.6608 375.94 375.94 375.94 339.15 339.15 339.15 339.1589 339.16 339.16 339.1725 338.93 338.93 338.93 355.901 357.9 357.9 356.011 392.76 392.76 392.76 386.7928 386.09 386.09 386.2331 383.45 383.45 383.45 382.7895 395.64 395.64 395.64 399.9407 399.9 399.9 409.3562 410.47 410.47 410.47 427.572 427.41 427.41 430.4785 430.84 430.84 430.84 422.9048 422.98 422.98 428.1966 407.78 407.78 407.78 417.56 417.56 417.56 460.3052 465.34 465.34 465.34 648.4141 646.68 646.68 633.9557 881.5
377.24 376.0603 399.01 399.01 399.01 425.8947 425.64 425.64 425.9055 420.74 420.74 420.74 380.6608 375.94 375.94 375.94 339.15 339.15 339.15 339.1589 339.16 339.16 339.1725 338.93 338.93 338.93 355.901 357.9 357.9 356.011 392.76 392.76 392.76 386.7928 386.09 386.09 386.2331 383.45 383.45 383.45 394.3555 395.64 395.64 395.64 399.9407 399.9 399.9 409.3562 410.47 410.47 410.47 427.572 427.41 427.41 430.4785 430.84 430.84 430.84 422.9048 422.98 422.98 427.1221 427.61 427.61 427.61 434.09 434.09 434.09 478.8213 484.09 484.09 478.1998 592.79 592.79 592.79 584.8943 738.5
377.24 376.0603 399.01 399.01 399.01 425.8947 425.64 425.64 425.9055 420.74 420.74 420.74 375.5116 375.94 375.94 375.94 339.15 339.15 339.15 339.1589 339.16 339.16 339.1725 338.93 338.93 338.93 355.901 357.9 357.9 356.011 392.76 392.76 392.76 386.7928 386.09 386.09 386.2331 383.45 383.45 383.45 394.3555 395.64 395.64 395.4092 399.9 399.9 399.9 409.3562 410.47 410.47 410.47 427.572 427.41 427.41 430.4785 430.84 430.84 430.84 422.9048 422.98 422.98 427.1221 427.61 427.61 427.61 434.09 434.09 434.09 478.8213 484.09 484.09 478.1998 592.79 592.79 592.79 584.8943 738.5
362.67 362.3238 369.06 369.06 369.06 402.5674 402.25 402.25 402.5199 397.27 397.27 397.27 364.2573 364.57 364.57 365.9859 338.44 339.0752 339.15 339.1589 339.16 339.16 339.1725 338.93 338.93 338.93 355.901 357.9 357.9 356.011 392.76 392.76 392.76 386.7928 386.09 386.09 386.2331 383.45 383.45 383.45 394.3555 395.64 395.64 395.4092 399.9 399.9 399.9 410.5711 410.47 410.47 410.47 427.572 427.41 427.41 430.4785 430.84 430.84 430.84 422.9048 422.98 422.98 427.1221 427.61 427.61 427.61 434.09 434.09 434.09 478.8213 484.09 484.09 478.1998 592.79 592.79 592.79 723.1458 738.5
362.67 362.3238 369.06 369.06 369.06 402.5674 402.25 402.25 402.5199 397.27 397.27 397.27 364.2573 364.57 364.57 365.9859 338.44 338.44 338.44 341.4384 341.41 341.41 340.8351 352.02 352.02 352.02 366.5129 368.22 368.22 366.7141 396.01 396.01 396.01 402.1382 402.86 402.86 403.2014 396.56 396.56 396.56 411.8849 413.69 413.69 413.5161 416.9 401.6914 399.9 410.5711 410.47 410.47 410.47 427.572 427.41 427.41 430.4785 430.84 430.84 430.84 422.9048 422.98 422.98 427.1221 427.61 427.61 427.61 434.09 434.09 434.09 478.8213 484.09 484.09 478.1998 592.79 592.79 592.79 723.1458 738.5
362.67 362.3238 369.06 369.06 369.06 402.5674 402.25 402.25 402.5199 397.27 397.27 397.27 364.2573 364.57 364.57 365.9859 338.44 338.44 338.44 341.4384 341.41 341.41 350.9019 352.02 352.02 352.02 366.5129 368.22 368.22 366.7141 396.01 396.01 396.01 402.1382 402.86 402.86 403.2014 396.56 396.56 396.56 411.8849 413.69 413.69 413.5161 416.9 416.9 416.9 422.5435 422.49 422.49 421.9974 431.58 431.58 431.58 429.5045 429.26 429.26 429.26 438.6489 438.56 438.56 459.4674 461.93 461.93 461.93 450.67 450.67 450.67 501.3416 507.31 507.31 497.1818 694.22 694.22 694.22 908.5721 944.4039
362.67 362.3238 369.06 369.06 369.06 402.5674 402.25 402.25 402.5199 397.27 397.27 397.27 364.2573 364.57 364.57 365.9859 338.44 338.44 338.44 341.4384 341.41 341.41 350.9019 352.02 352.02 352.02 368.3749 368.22 368.22 366.7141 396.01 396.01 396.01 402.1382 402.86 402.86 403.2014 396.56 396.56 396.56 411.8849 413.69 413.69 413.5161 416.9 416.9 416.9 422.5435 422.49 422.49 421.9974 431.58 431.58 431.58 429.2378 429.26 429.26 429.26 438.6489 438.56 438.56 459.4674 461.93 461.93 461.93 450.67 450.67 450.67 501.3416 507.31 507.31 497.1818 694.22 694.22 694.22 908.5721 933.82
362.67 368.3867 369.06 369.06 369.06 402.5674 402.25 402.25 402.5199 397.27 397.27 397.27 364.2573 364.57 364.57 365.9859 338.44 338.44 338.44 341.4384 341.41 341.41 350.9019 352.02 352.02 352.02 368.3749 368.22 368.22 393.0816 396.01 396.01 396.01 402.1382 402.86 402.86 403.2014 396.56 396.56 396.56 411.8849 413.69 413.69 413.5161 416.9 416.9 416.9 422.5435 422.49 422.49 421.9974 431.58 431.58 431.58 429.2378 429.26 429.26 428.7561 438.56 438.56 438.56 459.4674 461.93 461.93 461.93 450.67 450.67 450.67 501.3416 507.31 507.31 497.1818 694.22 694.22 694.22 908.5721 933.82
346.79 349.4649 349.78 349.78 348.7607 368.59 368.59 368.59 368.7038 366.49 366.49 366.49 342.2302 342.46 342.46 342.4947 341.82 341.82 341.82 349.3615 349.717 341.41 350.9019 352.02 352.02 352.02 368.3749 368.22 368.22 393.0816 396.01 396.01 396.01 402.1382 402.86 402.86 403.2014 396.56 396.56 396.56 411.8849 413.69 413.69 413.5161 416.9 416.9 416.9 422.5435 422.49 422.49 421.9974 431.58 431.58 431.58 429.2378 429.26 429.26 428.7561 438.56 438.56 438.56 462.1535 461.93 461.93 461.93 450.67 450.67 450.67 501.3416 507.31 507.31 497.1818 694.22 694.22 694.22 908.5721 933.82
346.79 349.4649 349.78 349.78 348.7607 368.59 368.59 368.59 366.7113 366.49 366.49 366.49 342.2302 342.46 342.46 342.4947 341.82 341.82 341.82 349.3615 349.29 349.29 368.766 371.06 371.06 371.06 381.832 381.73 381.73 390.7478 391.81 391.81 391.81 411.7993 411.61 411.61 419.9032 420.88 420.88 420.88 419.7886 419.66 419.66 418.6776 437.79 437.79 437.79 462.07 461.84 461.84 462.2757 453.8 453.8 453.8 440.2113 440.34 440.34 438.962 465.77 438.56 438.56 462.1535 461.93 461.93 461.93 450.67 450.67 450.67 501.3416 507.31 507.31 497.1818 694.22 694.22 694.22 908.5721 933.82
346.79 349.4649 349.78 349.78 348.7607 368.59 368.59 368.59 366.7113 366.49 366.49 367.7921 342.46 342.46 342.46 342.4947 341.82 341.82 341.82 349.3615 349.29 349.29 368.766 371.06 371.06 371.06 381.832 381.73 381.73 390.7478 391.81 391.81 391.81 411.7993 411.61 411.61 419.9032 420.88 420.88 420.88 419.7886 419.66 419.66 418.6776 437.79 437.79 437.79 462.07 461.84 461.84 462.2757 453.8 453.8 453.8 440.2113 440.34 440.34 438.962 465.77 465.77 465.77 496.9352 496.64 496.64 498.7051 458.53 458.53 458.53 478.1939 480.51 480.51 471.7994 641.26 641.26 641.26 911.8304 943.7
346.79 349.4649 349.78 349.78 348.7607 368.59 368.59 368.59 366.7113 366.49 366.49 367.7921 342.46 342.46 342.46 341.8875 341.82 341.82 341.82 349.3615 349.29 349.29 368.766 371.06 371.06 371.06 381.832 381.73 381.73 390.7478 391.81 391.81 391.81 411.7993 411.61 411.61 419.9032 420.88 420.88 420.88 419.6483 419.66 419.66 418.6776 437.79 437.79 437.79 462.07 461.84 461.84 462.2757 453.8 453.8 453.8 440.2113 440.34 440.34 438.962 465.77 465.77 465.77 496.9352 496.64 496.64 498.7051 458.53 458.53 458.53 480.7202 480.51 480.51 471.7994 641.26 641.26 641.26 911.8304 943.7
345.96 346.8278 346.93 346.93 345.6907 369.8 368.7175 368.59 366.7113 366.49 366.49 367.7921 342.46 342.46 342.46 341.8875 341.82 341.82 341.82 349.3615 349.29 349.29 368.766 371.06 371.06 371.06 381.832 381.73 381.73 390.7478 391.81 391.81 391.81 411.7993 411.61 411.61 419.9032 420.88 420.88 420.88 419.6483 419.66 419.66 435.8795 437.79 437.79 437.79 462.07 461.84 461.84 462.2757 453.8 453.8 453.8 440.2113 440.34 440.34 438.962 465.77 465.77 465.77 496.9352 496.64 496.64 498.7051 458.53 458.53 458.53 480.7202 480.51 480.51 624.321 641.26 641.26 641.26 911.8304 943.7
345.96 346.8278 346.93 346.93 345.6907 369.8 369.8 369.8 375.9193 376.64 376.64 377.8387 354.52 354.52 354.52 351.4514 351.09 351.09 350.3606 364.55 364.55 364.55 392.0687 395.31 395.31 395.31 419.2265 419 419 442.2781 445.02 445.02 445.02 411.2905 411.61 411.61 419.9032 420.88 420.88 420.88 419.6483 419.66 419.66 435.8795 437.79 437.79 437.79 461.84 461.84 461.84 462.2757 453.8 453.8 453.8 440.2113 440.34 440.34 438.962 465.77 465.77 465.77 496.9352 496.64 496.64 498.7051 458.53 458.53 458.53 480.7202 480.51 480.51 624.321 641.26 641.26 641.26 911.8304 943.7
345.96 346.8278 346.93 346.93 345.6907 369.8 369.8 369.8 375.9193 376.64 376.64 377.8387 354.52 354.52 354.52 351.4514 351.09 351.09 350.3606 364.55 364.55 364.55 395.6041 395.31 395.31 395.31 419.2265 419 419 442.2781 445.02 445.02 445.02 459.4164 459.28 459.28 459.942 460.02 460.02 460.02 477.859 477.69 477.69 498.5795 501.04 501.04 501.04 498.05 498.05 498.05 498.6981 486.09 486.09 486.09 484.7271 484.74 484.74 484.0437 497.59 497.59 497.59 498.4885 498.5797 496.64 498.7051 458.53 458.53 458.53 480.7202 480.51 480.51 624.321 641.26 641.26 641.26 946.5921 943.7
345.96 346.9393 346.93 346.93 345.6907 369.8 369.8 369.8 375.9193 376.64 376.64 377.8387 354.52 354.52 354.52 351.4514 351.09 351.09 350.3606 364.55 364.55 364.55 395.6041 395.31 395.31 394.0263 419 419 419 442.2781 445.02 445.02 445.02 459.4164 459.28 459.28 459.942 460.02 460.02 460.02 477.859 477.69 477.69 498.5795 501.04 501.04 501.04 498.05 498.05 498.05 487.3503 486.09 486.09 486.09 484.7271 484.74 484.74 484.0437 497.59 497.59 497.59 498.4885 498.48 498.48 500.3392 464.17 464.17 464.17 478.7279 478.59 478.59 638.6473 657.5 657.5 657.5 826.632 825.03
345.96 346.9393 346.93 346.93 367.3901 369.8 369.8 369.8 375.9193 376.64 376.64 377.8387 354.52 354.52 354.52 351.4514 351.09 351.09 350.3606 364.55 364.55 364.55 395.6041 395.31 395.31 394.0263 419 419 419 445.2688 445.02 445.02 445.02 459.4164 459.28 459.28 459.942 460.02 460.02 460.02 477.859 477.69 477.69 498.5795 501.04 501.04 501.04 498.05 498.05 498.05 487.3503 486.09 486.09 486.1631 484.74 484.74 484.74 484.0437 497.59 497.59 497.59 498.4885 498.48 498.48 500.3392 464.17 464.17 464.17 478.7279 478.59 478.59 638.6473 657.5 657.5 657.5 826.632 825.03
347.37 355.1739 355.1 355.1 366.8285 368.21 368.21 368.21 371.3233 371.69 371.69 372.8718 349.88 349.88 349.88 360.5797 361.84 361.84 350.2578 364.55 364.55 364.55 395.6041 395.31 395.31 394.0263 419 419 419 445.2688 445.02 445.02 445.02 459.4164 459.28 459.28 459.942 460.02 460.02 460.02 477.859 477.69 477.69 498.5795 501.04 501.04 501.04 498.05 498.05 498.05 487.3503 486.09 486.09 486.1631 484.74 484.74 484.74 496.2359 497.59 497.59 497.59 498.4885 498.48 498.48 500.3392 464.17 464.17 464.17 478.7279 478.59 478.59 638.6473 657.5 657.5 657.5 826.632 825.03
