Model and model input files/precip_1998.asc
ncols         625
nrows         453
xllcorner     138621.56993419
yllcorner     4094031.9406744
cellsize      1000
NODATA_value  -9999
[rows 102 to 135 of 453, columns 77 to 153 of 625]
393.37 393.37 404.7781 374.8374 375.12 381.4897 382.24 382.24 382.24 391.6783 392.79 392.79 392.4752 398.6 398.6 398.6 428.261 427.98 427.98 425.1276 480.62 480.62 480.62 521.3612 526.16 526.16 526.16 475.3689 475.85 475.85 490.4592 492.18 492.18 492.18 550.3813 549.83 549.83 548.6384 571.82 571.82 571.82 573.0214 573.01 573.01 571.5366 600.2 600.2 600.2 595.1017 595.15 595.15 595.15 704.9299 703.89 703.89 746.0447 751.01 751.01 751.01 749.21 749.21 749.21 814.3118 821.98 821.98 821.98 1053.14 1050.95 1050.95 1054.725 981.28 981.28 981.28 743.316 745.57 745.57 740.3295
393.37 393.37 404.7781 404.67 404.67 387.6274 385.62 385.62 385.62 378.123 377.24 377.24 376.5989 389.07 389.07 389.07 426.4844 426.13 426.13 424.7992 450.69 450.69 450.69 454.7158 455.19 455.19 455.19 443.9031 444.01 442.2847 490.4592 492.18 492.18 492.18 550.3813 549.83 549.83 548.6384 571.82 571.82 571.82 573.0214 573.01 573.01 571.5366 600.2 600.2 600.2 595.1017 595.15 595.15 595.15 704.9299 703.89 703.89 746.0447 751.01 751.01 751.01 749.21 749.21 749.21 814.3118 821.98 821.98 809.5727 1050.95 1050.95 1050.95 1054.725 981.28 981.28 981.28 743.316 745.57 745.57 740.3295
393.37 393.37 404.7781 404.67 404.67 387.6274 385.62 385.62 385.62 377.1599 377.24 377.24 376.5989 389.07 389.07 389.07 426.4844 426.13 426.13 424.7992 450.69 450.69 450.69 455.233 455.19 455.19 455.19 443.9031 444.01 444.01 470.7235 473.87 473.87 473.87 533.2727 532.71 532.71 519.6216 518.08 518.08 518.08 532.9711 532.83 532.83 530.8489 569.39 569.39 569.39 578.3751 578.29 578.29 575.8412 623.48 623.48 623.48 755.6519 771.22 771.22 771.22 751.4871 749.21 749.21 814.3118 821.98 821.98 809.5727 1050.95 1050.95 1050.95 1054.725 981.28 981.28 981.28 743.316 745.57 745.57 740.3295
393.37 393.37 404.7781 404.67 404.67 387.6274 385.62 385.62 385.62 377.1599 377.24 377.24 376.5989 389.07 389.07 389.07 426.4844 426.13 426.13 424.7992 450.69 450.69 450.69 455.233 455.19 455.19 455.19 443.9031 444.01 444.01 470.7235 473.87 473.87 473.87 533.2727 532.71 532.71 519.6216 518.08 518.08 518.08 532.9711 532.83 532.83 530.8489 569.39 569.39 569.39 578.3751 578.29 578.29 575.8412 623.48 623.48 623.48 755.6519 771.22 771.22 771.22 751.37 751.37 751.37 785.5536 789.58 789.58 787.1779 833.91 833.91 833.91 835.3931 806.54 806.54 806.54 746.8445 747.41 747.41 742.6919
393.37 393.37 404.7781 404.67 404.67 387.6274 385.62 385.62 385.62 377.1599 377.24 377.24 387.8234 389.07 389.07 389.07 426.4844 426.13 426.13 424.7992 450.69 450.69 450.69 455.233 455.19 455.19 455.7958 444.01 444.01 444.01 470.7235 473.87 473.87 473.87 533.2727 532.71 532.71 519.6216 518.08 518.08 518.08 532.83 532.83 532.83 530.8489 569.39 569.39 569.39 578.3751 578.29 578.29 575.8412 623.48 623.48 623.48 772.6328 771.22 771.22 771.22 751.37 751.37 751.37 785.5536 789.58 789.58 787.1779 833.91 833.91 833.91 809.4241 806.54 806.54 806.54 746.8445 747.41 747.41 742.6919
389.8 389.8 396.1097 396.05 396.05 389.6176 388.86 388.86 388.86 414.5231 414.28 414.28 410.0663 409.57 409.57 388.874 426.4844 426.13 426.13 424.7992 450.69 450.69 450.69 455.233 455.19 455.19 455.7958 444.01 444.01 444.01 470.7235 473.87 473.87 473.87 533.2727 532.71 532.71 519.6216 518.08 518.08 518.08 532.83 532.83 532.83 530.8489 569.39 569.39 569.39 578.3751 578.29 578.29 575.8412 623.48 623.48 623.48 772.6328 771.22 771.22 771.22 751.37 751.37 751.37 785.5536 789.58 789.58 787.1779 833.91 833.91 833.91 809.4241 806.54 806.54 806.54 746.8445 747.41 747.41 742.6919
389.8 389.4613 396.05 396.05 396.05 389.6176 388.86 388.86 388.86 414.5231 414.28 414.28 410.0663 409.57 409.57 409.57 402.8564 402.92 402.92 401.1031 436.45 436.45 436.45 421.9426 422.08 422.08 421.5359 432.12 432.12 432.12 463.9687 467.72 467.72 467.72 443.0665 443.3 443.3 434.6579 433.64 433.64 433.64 448.23 448.23 533.639 530.8489 569.39 569.39 569.39 578.3751 578.29 578.29 575.8412 623.48 623.48 623.48 772.6328 771.22 771.22 771.22 751.37 751.37 751.37 785.5536 789.58 789.58 787.1779 833.91 833.91 833.91 809.4241 806.54 806.54 806.54 746.8445 747.41 747.41 742.6919
389.8 389.4613 396.05 396.05 396.05 389.6176 388.86 388.86 388.86 414.5231 414.28 414.28 410.0663 409.57 409.57 409.57 402.92 402.92 402.92 401.1031 436.45 436.45 436.45 421.9426 422.08 422.08 421.5359 432.12 432.12 432.12 468.0604 467.72 467.72 467.72 443.0665 443.3 443.3 434.6579 433.64 433.64 433.64 448.23 448.23 448.23 460.9605 462.46 462.46 462.46 490.2331 489.97 489.97 487.9212 527.78 527.78 527.78 616.6417 615.8 615.8 612.3363 679.72 679.72 679.72 718.8867 723.5 723.5 726.7231 664.02 664.02 664.02 658.3571 657.69 657.69 656.6854 676.23 676.23 748.0906 742.6919
389.8 389.4613 396.05 396.05 396.05 389.6176 388.86 388.86 388.86 414.5231 414.28 414.28 410.0663 409.57 409.57 409.57 402.92 402.92 402.92 401.1031 436.45 436.45 436.45 421.9426 422.08 422.08 421.5359 432.12 432.12 432.12 468.0604 467.72 467.72 467.72 443.0665 443.3 443.3 434.6579 433.64 433.64 433.64 448.23 448.23 448.23 460.9605 462.46 462.46 462.46 490.2331 489.97 489.97 487.9212 527.78 527.78 527.78 616.6417 615.8 615.8 612.3363 679.72 679.72 679.72 718.8867 723.5 723.5 726.7231 664.02 664.02 664.02 658.3571 657.69 657.69 656.6854 676.23 676.23 676.23 668.8572
389.8 389.4613 396.05 396.05 396.05 388.7912 388.86 388.86 388.86 414.5231 414.28 414.28 410.0663 409.57 409.57 409.57 402.92 402.92 402.92 432.9168 436.45 436.45 436.45 421.9426 422.08 422.08 421.5359 432.12 432.12 432.12 468.0604 467.72 467.72 469.0433 443.3 443.3 443.3 434.6579 433.64 433.64 433.64 448.23 448.23 448.23 460.9605 462.46 462.46 460.9693 489.97 489.97 489.97 487.9212 527.78 527.78 527.78 616.6417 615.8 615.8 612.3363 679.72 679.72 679.72 718.8867 723.5 723.5 726.7231 664.02 664.02 664.02 658.3571 657.69 657.69 656.6854 676.23 676.23 676.23 668.8572
394.49 394.0359 402.87 402.87 402.87 386.5656 386.72 386.72 386.72 402.449 402.3 402.3 427.9042 430.92 430.92 430.92 436.23 436.23 436.23 443.9238 444.83 444.83 444.83 480.6291 480.29 480.29 482.2267 433.4298 432.12 432.12 468.0604 467.72 467.72 469.0433 443.3 443.3 443.3 434.6579 433.64 433.64 433.64 448.23 448.23 448.23 460.9605 462.46 462.46 460.9693 489.97 489.97 489.97 487.9212 527.78 527.78 527.78 616.6417 615.8 615.8 612.3363 679.72 679.72 679.72 723.9186 723.5 723.5 726.7231 664.02 664.02 664.02 658.3571 657.69 657.69 656.6854 676.23 676.23 676.23 797.9526
394.49 394.0359 402.87 402.87 402.87 386.5656 386.72 386.72 385.8758 402.3 402.3 402.3 427.9042 430.92 430.92 430.92 436.23 436.23 436.23 443.9238 444.83 444.83 442.9085 480.29 480.29 480.29 482.2267 444.55 444.55 444.55 470.2535 470.01 470.01 471.0921 450.04 450.04 450.04 472.7993 475.48 475.48 475.48 460.35 460.35 460.35 476.9006 478.85 478.85 476.08 529.97 529.97 529.97 527.7093 571.69 571.69 571.69 598.2112 597.96 615.9706 612.3363 679.72 679.72 679.72 723.9186 723.5 723.5 726.7231 664.02 664.02 664.02 658.3571 657.69 657.69 656.6854 676.23 676.23 676.23 797.9526
394.49 394.0359 402.87 402.87 402.87 386.5656 386.72 386.72 385.8758 402.3 402.3 402.3 427.9042 430.92 430.92 430.92 436.23 436.23 436.23 443.9238 444.83 444.83 442.9085 480.29 480.29 480.29 482.2267 444.55 444.55 444.55 470.2535 470.01 470.01 471.0921 450.04 450.04 450.04 475.7233 475.48 475.48 475.48 460.35 460.35 460.35 476.9006 478.85 478.85 476.08 529.97 529.97 529.97 567.2938 571.69 571.69 571.69 598.2112 597.96 597.96 597.5222 606.04 606.04 606.04 631.9454 631.7 631.7 740.5938 753.42 753.42 753.42 785.1077 788.84 788.84 790.651 755.42 755.42 755.42 770.074
394.49 394.0359 402.87 402.87 402.87 386.5656 386.72 386.72 385.8758 402.3 402.3 402.3 431.1937 430.92 430.92 430.92 436.23 436.23 436.23 443.9238 444.83 444.83 442.9085 480.29 480.29 480.29 482.2267 444.55 444.55 444.55 470.2535 470.01 470.01 471.0921 450.04 450.04 450.04 475.7233 475.48 475.48 475.48 460.35 460.35 460.35 476.9006 478.85 478.85 476.08 529.97 529.97 529.97 567.2938 571.69 571.69 571.69 598.2112 597.96 597.96 597.5222 606.04 606.04 606.04 631.9454 631.7 631.7 740.5938 753.42 753.42 753.42 785.1077 788.84 788.84 790.651 755.42 755.42 755.42 770.074
401.56 401.7789 397.52 397.2301 402.87 386.5656 386.72 386.72 385.8758 402.3 402.3 402.3 431.1937 430.92 430.92 430.92 436.23 436.23 436.23 443.9238 444.83 444.83 442.9085 480.29 480.29 480.29 448.3161 444.55 444.55 444.55 470.2535 470.01 470.01 471.0921 450.04 450.04 450.04 475.7233 475.48 475.48 476.2999 460.35 460.35 460.35 476.9006 478.85 478.85 476.08 529.97 529.97 529.97 567.2938 571.69 571.69 571.69 598.2112 597.96 597.96 597.5222 606.04 606.04 606.04 631.9454 631.7 631.7 740.5938 753.42 753.42 753.42 785.1077 788.84 788.84 790.651 755.42 755.42 755.42 770.074
401.56 397.9457 397.52 397.52 397.52 404.4254 404.36 404.36 402.451 439.59 439.59 439.59 456.48 456.32 456.32 456.32 466.56 466.56 466.56 494.2934 497.56 497.56 494.8913 546.81 546.81 546.81 521.0179 517.98 517.98 517.98 473.3373 470.01 470.01 471.0921 450.04 450.04 450.04 475.7233 475.48 475.48 476.2999 460.35 460.35 460.35 476.9006 478.85 478.85 476.08 529.97 529.97 529.97 567.2938 571.69 571.69 570.2665 597.96 597.96 597.96 597.5222 606.04 606.04 606.04 631.9454 631.7 631.7 740.5938 753.42 753.42 753.42 789.1787 788.84 788.84 790.651 755.42 755.42 755.42 770.074
401.56 397.9457 397.52 397.52 397.52 404.4254 404.36 404.36 402.451 439.59 439.59 439.59 456.48 456.32 456.32 455.7651 466.56 466.56 466.56 494.2934 497.56 497.56 494.8913 546.81 546.81 546.81 521.0179 517.98 517.98 518.7944 502.95 502.95 502.95 501.7102 525.83 525.83 525.83 567.2928 566.9 566.9 567.4543 556.67 556.67 556.67 534.877 532.31 532.31 530.5955 563.95 563.95 563.95 563.1091 563.01 563.01 563.0117 562.98 562.98 562.98 561.2883 594.2 594.2 594.2 631.4528 631.1 631.1 831.9612 855.62 855.62 855.62 1050.708 1048.86 1062.95 790.651 755.42 755.42 755.42 770.074
401.56 397.9457 397.52 397.52 397.1494 404.36 404.36 404.36 402.451 439.59 439.59 439.59 456.48 456.32 456.32 455.7651 466.56 466.56 466.56 494.2934 497.56 497.56 494.8913 546.81 546.81 546.81 521.0179 517.98 517.98 518.7944 502.95 502.95 502.95 501.7102 525.83 525.83 525.83 567.2928 566.9 566.9 567.4543 556.67 556.67 556.67 532.077 532.31 532.31 530.5955 563.95 563.95 563.95 563.1091 563.01 563.01 563.0117 562.98 562.98 562.98 590.9102 594.2 594.2 594.2 631.4528 631.1 631.1 831.9612 855.62 855.62 855.62 1050.708 1048.86 1048.86 1050.656 1015.71 1015.71 1015.71 969.1716
401.56 397.9457 397.52 397.52 397.1494 404.36 404.36 404.36 402.451 439.59 439.59 439.59 456.48 456.32 456.32 455.7651 466.56 466.56 466.56 497.8564 497.56 497.56 494.8913 546.81 546.81 546.81 521.0179 517.98 517.98 518.7944 502.95 502.95 502.95 501.7102 525.83 525.83 525.83 567.2928 566.9 566.9 567.4543 556.67 556.67 556.67 532.077 532.31 532.31 530.5955 563.95 563.95 563.95 563.1091 563.01 563.01 563.0117 562.98 562.98 562.98 590.9102 594.2 594.2 594.2 631.4528 631.1 631.1 831.9612 855.62 855.62 855.62 1050.708 1048.86 1048.86 1019.203 1015.71 1015.71 1015.71 969.1716
399.47 396.8845 396.58 396.58 394.4407 436.06 436.06 436.06 434.9773 456.04 456.04 456.04 466.5697 466.47 466.47 456.8347 466.56 466.56 466.56 497.8564 497.56 497.56 494.8913 546.81 546.81 546.81 521.0179 517.98 517.98 518.7944 502.95 502.95 502.95 523.419 525.83 525.83 525.83 567.2928 566.9 566.9 567.4543 556.67 556.67 556.67 532.077 532.31 532.31 530.5955 563.95 563.95 563.95 563.1091 563.01 563.01 563.0117 562.98 562.98 562.98 590.9102 594.2 594.2 594.2 631.4528 631.1 631.1 831.9612 855.62 855.62 855.62 1050.708 1048.86 1048.86 1019.203 1015.71 1015.71 1015.71 969.1716
399.47 396.8845 396.58 396.58 394.4407 436.06 436.06 436.06 453.9346 456.04 456.04 456.04 466.5697 466.47 466.47 466.12 472.93 472.93 472.93 502.3285 502.05 502.05 499.9773 540.3 540.3 540.3 545.3994 546 546 547.6381 515.77 515.77 515.77 522.0861 522.83 522.83 522.83 580.577 580.03 580.03 580.1498 577.82 577.82 578.9661 532.077 532.31 532.31 560.616 563.95 563.95 563.95 563.1091 563.01 563.01 563.0117 562.98 562.98 562.98 590.9102 594.2 594.2 592.2005 631.1 631.1 631.1 831.9612 855.62 855.62 855.62 1050.708 1048.86 1048.86 1019.203 1015.71 1015.71 1015.71 969.1716
399.47 396.8845 396.58 396.58 394.4407 436.06 436.06 436.06 453.9346 456.04 456.04 456.04 466.5697 466.47 466.47 466.12 472.93 472.93 472.93 502.3285 502.05 502.05 536.2694 540.3 540.3 540.3 545.3994 546 546 547.6381 515.77 515.77 515.77 522.0861 522.83 522.83 519.7305 580.03 580.03 580.03 580.1498 577.82 577.82 577.82 550.4103 550.67 550.67 557.666 558.49 558.49 558.49 598.113 602.78 602.78 602.6039 606.03 606.03 606.03 733.4515 748.46 748.46 747.2007 771.7 771.7 771.7 685.6729 675.54 675.54 675.54 1078.345 1074.53 1074.53 1197.246 1211.7 1211.7 1211.7 961.3184
399.47 396.8845 396.58 396.58 394.4407 436.06 436.06 436.06 453.9346 456.04 456.04 455.4748 466.47 466.47 466.47 466.12 472.93 472.93 472.93 502.3285 502.05 502.05 536.2694 540.3 540.3 540.3 545.3994 546 546 547.6381 515.77 515.77 515.77 522.0861 522.83 522.83 519.7305 580.03 580.03 580.03 580.1498 577.82 577.82 577.82 550.4103 550.67 550.67 557.666 558.49 558.49 558.49 603.2036 602.78 602.78 602.6039 606.03 606.03 606.03 733.4515 748.46 748.46 747.2007 771.7 771.7 771.7 685.6729 675.54 675.54 675.54 1078.345 1074.53 1074.53 1197.246 1211.7 1211.7 1211.7 1234.284
397.03 396.5757 396.58 396.58 394.4407 436.06 436.06 436.06 453.9346 456.04 456.04 455.4748 466.47 466.47 466.47 466.12 472.93 472.93 472.93 502.3285 502.05 502.05 536.2694 540.3 540.3 540.3 546.0545 546 546 547.6381 515.77 515.77 515.77 522.0861 522.83 522.83 519.7305 580.03 580.03 580.03 580.1498 577.82 577.82 577.82 550.4103 550.67 550.67 557.666 558.49 558.49 558.49 603.2036 602.78 602.78 602.6039 606.03 606.03 606.03 733.4515 748.46 748.46 747.2007 771.7 771.7 771.7 674.6204 675.54 675.54 675.54 1078.345 1074.53 1074.53 1197.246 1211.7 1211.7 1211.7 1234.284
397.03 397.96 397.96 397.96 397.96 436.16 436.16 436.16 457.9109 460.85 460.85 460.85 476.01 476.01 476.01 496.3426 499.09 499.09 499.09 507.2 507.2 507.2 522.1147 524.13 524.13 524.13 540.85 540.85 545.9497 545.9497 515.7833 515.7833 515.7833 522.1073 522.9618 522.9618 522.9618 580.1398 580.03 580.03 578.0831 577.82 577.82 577.82 550.67 550.67 550.67 557.5591 558.49 558.49 558.49 602.78 602.78 602.78 602.78 606.03 606.03 606.03 731.5052 748.46 748.46 748.46 771.7 771.7 771.7 675.54 675.54 675.54 675.54 1074.53 1074.53 1074.53 1195.371 1211.7 1211.7 1211.7 1234.07
-9999 -9999 -9999 -9999 -9999 -9999 -9999 -9999 -9999 -9999 -9999 -9999 -9999 -9999 -9999 -9999 -9999 -9999 -9999 -9999 -9999 -9999 -9999 -9999 -9999 -9999 -9999 -9999 -9999 -9999 -9999 -9999 -9999 -9999 -9999 -9999 -9999 -9999 -9999 -9999 -9999 -9999 -9999 -9999 -9999 -9999 -9999 -9999 -9999 -9999 -9999 -9999 -9999 -9999 -9999 -9999 -9999 -9999 -9999 -9999 -9999 -9999 -9999 -9999 -9999 -9999 -9999 -9999 -9999 -9999 -9999 -9999 -9999 -9999 -9999 -9999 -9999
-9999 -9999 -9999 -9999 -9999 -9999 -9999 -9999 -9999 -9999 -9999 -9999 -9999 -9999 -9999 -9999 -9999 -9999 -9999 -9999 -9999 -9999 -9999 -9999 -9999 -9999 -9999 -9999 -9999 -9999 -9999 -9999 -9999 -9999 -9999 -9999 -9999 -9999 -9999 -9999 -9999 -9999 -9999 -9999 -9999 -9999 -9999 -9999 -9999 -9999 -9999 -9999 -9999 -9999 -9999 -9999 -9999 -9999 -9999 -9999 -9999 -9999 -9999 -9999 -9999 -9999 -9999 -9999 -9999 -9999 -9999 -9999 -9999 -9999 -9999 -9999 -9999
-9999 -9999 -9999 -9999 -9999 -9999 -9999 -9999 -9999 -9999 -9999 -9999 -9999 -9999 -9999 -9999 -9999 -9999 -9999 -9999 -9999 -9999 -9999 -9999 -9999 -9999 -9999 -9999 -9999 -9999 -9999 -9999 -9999 -9999 -9999 -9999 -9999 -9999 -9999 -9999 -9999 -9999 -9999 -9999 -9999 -9999 -9999 -9999 -9999 -9999 -9999 -9999 -9999 -9999 -9999 -9999 -9999 -9999 -9999 -9999 -9999 -9999 -9999 -9999 -9999 -9999 -9999 -9999 -9999 -9999 -9999 -9999 -9999 -9999 -9999 -9999 -9999
-9999 -9999 -9999 -9999 -9999 -9999 -9999 -9999 -9999 -9999 -9999 -9999 -9999 -9999 -9999 -9999 -9999 -9999 -9999 -9999 -9999 -9999 -9999 -9999 -9999 -9999 -9999 -9999 -9999 -9999 -9999 -9999 -9999 -9999 -9999 -9999 -9999 -9999 -9999 -9999 -9999 -9999 -9999 -9999 -9999 -9999 -9999 -9999 -9999 -9999 -9999 -9999 -9999 -9999 -9999 -9999 -9999 -9999 -9999 -9999 -9999 -9999 -9999 -9999 -9999 -9999 -9999 -9999 -9999 -9999 -9999 -9999 -9999 -9999 -9999 -9999 -9999
-9999 -9999 -9999 -9999 -9999 -9999 -9999 -9999 -9999 -9999 -9999 -9999 -9999 -9999 -9999 -9999 -9999 -9999 -9999 -9999 -9999 -9999 -9999 -9999 -9999 -9999 -9999 -9999 -9999 -9999 -9999 -9999 -9999 -9999 -9999 -9999 -9999 -9999 -9999 -9999 -9999 -9999 -9999 -9999 -9999 -9999 -9999 -9999 -9999 -9999 -9999 -9999 -9999 -9999 -9999 -9999 -9999 -9999 -9999 -9999 -9999 -9999 -9999 -9999 -9999 -9999 -9999 -9999 -9999 -9999 -9999 -9999 -9999 -9999 -9999 -9999 -9999
-9999 -9999 -9999 -9999 -9999 -9999 -9999 -9999 -9999 -9999 -9999 -9999 -9999 -9999 -9999 -9999 -9999 -9999 -9999 -9999 -9999 -9999 -9999 -9999 -9999 -9999 -9999 -9999 -9999 -9999 -9999 -9999 -9999 -9999 -9999 -9999 -9999 -9999 -9999 -9999 -9999 -9999 -9999 -9999 -9999 -9999 -9999 -9999 -9999 -9999 -9999 -9999 -9999 -9999 -9999 -9999 -9999 -9999 -9999 -9999 -9999 -9999 -9999 -9999 -9999 -9999 -9999 -9999 -9999 -9999 -9999 -9999 -9999 -9999 -9999 -9999 -9999
-9999 -9999 -9999 -9999 -9999 -9999 -9999 -9999 -9999 -9999 -9999 -9999 -9999 -9999 -9999 -9999 -9999 -9999 -9999 -9999 -9999 -9999 -9999 -9999 -9999 -9999 -9999 -9999 -9999 -9999 -9999 -9999 -9999 -9999 -9999 -9999 -9999 -9999 -9999 -9999 -9999 -9999 -9999 -9999 -9999 -9999 -9999 -9999 -9999 -9999 -9999 -9999 -9999 -9999 -9999 -9999 -9999 -9999 -9999 -9999 -9999 -9999 -9999 -9999 -9999 -9999 -9999 -9999 -9999 -9999 -9999 -9999 -9999 -9999 -9999 -9999 -9999
-9999 -9999 -9999 -9999 -9999 -9999 -9999 -9999 -9999 -9999 -9999 -9999 -9999 -9999 -9999 -9999 -9999 -9999 -9999 -9999 -9999 -9999 -9999 -9999 -9999 -9999 -9999 -9999 -9999 -9999 -9999 -9999 -9999 -9999 -9999 -9999 -9999 -9999 -9999 -9999 -9999 -9999 -9999 -9999 -9999 -9999 -9999 -9999 -9999 -9999 -9999 -9999 -9999 -9999 -9999 -9999 -9999 -9999 -9999 -9999 -9999 -9999 -9999 -9999 -9999 -9999 -9999 -9999 -9999 -9999 -9999 -9999 -9999 -9999 -9999 -9999 -9999
-9999 -9999 -9999 -9999 -9999 -9999 -9999 -9999 -9999 -9999 -9999 -9999 -9999 -9999 -9999 -9999 -9999 -9999 -9999 -9999 -9999 -9999 -9999 -9999 -9999 -9999 -9999 -9999 -9999 -9999 -9999 -9999 -9999 -9999 -9999 -9999 -9999 -9999 -9999 -9999 -9999 -9999 -9999 -9999 -9999 -9999 -9999 -9999 -9999 -9999 -9999 -9999 -9999 -9999 -9999 -9999 -9999 -9999 -9999 -9999 -9999 -9999 -9999 -9999 -9999 -9999 -9999 -9999 -9999 -9999 -9999 -9999 -9999 -9999 -9999 -9999 -9999
