Model and model input files/precip_2006.asc
ncols         625
nrows         453
xllcorner     138621.56993419
yllcorner     4094031.9406744
cellsize      1000
NODATA_value  -9999
[rows 102 to 135 of 453, columns 0 to 76 of 625]
-9999 -9999 -9999 -9999 -9999 -9999 -9999 -9999 -9999 -9999 -9999 -9999 -9999 -9999 -9999 -9999 -9999 240.22 239.4164 255.05 255.05 255.05 279.3502 279.12 279.12 271.9004 271.05 271.05 271.05 271.1842 271.2 271.2 270.8852 277.01 277.01 277.01 281.6084 282.15 282.15 281.9127 286.53 286.53 286.53 285.3758 307.83 307.83 307.83 319.9851 319.87 319.87 326.9912 327.83 327.83 327.83 405.4553 404.72 404.72 399.3077 504.6 504.6 504.6 459.4393 454.12 454.12 456.8272 404.16 404.16 404.16 379.6882 379.92 379.92 379.92 370.6219 370.71 370.71 386.9385 388.85
-9999 -9999 -9999 -9999 -9999 -9999 -9999 -9999 -9999 -9999 -9999 -9999 -9999 -9999 -9999 -9999 -9999 240.22 239.4164 255.05 255.05 255.05 279.3502 279.12 279.12 271.9004 271.05 271.05 271.05 271.1842 271.2 271.2 270.8852 277.01 277.01 277.01 281.6084 282.15 282.15 281.9127 286.53 286.53 286.53 285.3758 307.83 307.83 307.83 319.9851 319.87 319.87 326.9912 327.83 327.83 327.83 405.4553 404.72 404.72 399.3077 504.6 504.6 504.6 459.4393 454.12 454.12 456.8272 404.16 404.16 404.16 379.6882 379.92 379.92 379.92 370.6219 370.71 370.71 386.9385 388.85
-9999 -9999 -9999 -9999 -9999 -9999 -9999 -9999 -9999 -9999 -9999 -9999 -9999 -9999 -9999 -9999 -9999 240.22 239.4164 255.05 255.05 255.05 279.3502 279.12 279.12 271.9004 271.05 271.05 271.05 271.2014 271.2 271.2 270.8852 277.01 277.01 277.01 281.6084 282.15 282.15 281.9127 286.53 286.53 286.53 305.5855 307.83 307.83 307.83 319.9851 319.87 319.87 326.9912 327.83 327.83 327.83 405.4553 404.72 404.72 494.0752 504.6 504.6 504.6 459.4393 454.12 454.12 456.8272 404.16 404.16 404.16 379.6882 379.92 379.92 380.4191 370.71 370.71 370.71 386.9385 388.85
-9999 -9999 -9999 -9999 -9999 -9999 -9999 -9999 -9999 -9999 -9999 -9999 -9999 -9999 -9999 -9999 -9999 243.13 246.7443 247.17 247.17 247.17 258.7295 258.62 258.62 270.0981 271.45 271.45 271.45 279.0722 279 279 287.8389 288.88 288.88 288.88 295.0619 295.79 295.79 295.9466 292.9 292.9 292.9 305.5246 307.83 307.83 307.83 319.9851 319.87 319.87 326.9912 327.83 327.83 327.83 405.4553 404.72 404.72 494.0752 504.6 504.6 504.6 459.4393 454.12 454.12 456.8272 404.16 404.16 404.16 379.6882 379.92 379.92 380.4191 370.71 370.71 370.71 386.9385 388.85
-9999 -9999 -9999 -9999 -9999 -9999 -9999 -9999 -9999 -9999 -9999 -9999 -9999 -9999 -9999 -9999 -9999 243.13 246.7443 247.17 247.17 247.17 258.7295 258.62 258.62 270.0981 271.45 271.45 271.45 279.0722 279 279 287.8389 288.88 288.88 288.88 295.0619 295.79 295.79 295.9466 292.9 292.9 292.9 304.8969 306.31 306.31 304.4692 340.28 340.28 340.28 366.1436 369.19 369.19 369.19 471.3981 470.43 470.43 545.4711 554.31 554.31 554.31 483.8123 484.48 484.48 488.5121 410.07 404.7828 404.16 379.6882 379.92 379.92 380.4191 370.71 370.71 370.71 389.0235 388.85
-9999 -9999 -9999 -9999 -9999 -9999 -9999 -9999 -9999 -9999 -9999 -9999 -9999 -9999 -9999 -9999 -9999 243.13 246.7443 247.17 247.17 246.5495 258.62 258.62 258.62 270.0981 271.45 271.45 271.45 279.0722 279 279 287.8389 288.88 288.88 288.88 295.8561 295.79 295.79 295.9466 292.9 292.9 292.9 304.8969 306.31 306.31 304.4692 340.28 340.28 340.28 366.1436 369.19 369.19 369.19 471.3981 470.43 470.43 545.4711 554.31 554.31 554.31 483.8123 484.48 484.48 488.5121 410.07 410.07 410.07 394.0381 394.19 394.19 394.7048 384.69 384.69 384.69 384.5587 384.56
-9999 -9999 -9999 -9999 -9999 -9999 -9999 -9999 -9999 -9999 -9999 -9999 -9999 -9999 -9999 -9999 -9999 243.13 246.7443 247.17 247.17 246.5495 258.62 258.62 258.62 270.0981 271.45 271.45 271.45 279.0722 279 279 287.8389 288.88 288.88 288.88 295.8561 295.79 295.79 295.9466 292.9 292.9 292.9 304.8969 306.31 306.31 304.4692 340.28 340.28 340.28 369.4665 369.19 369.19 369.19 471.3981 470.43 470.43 545.4711 554.31 554.31 554.31 483.8123 484.48 484.48 417.9109 410.07 410.07 410.07 394.0381 394.19 394.19 394.7048 384.69 384.69 384.69 384.5587 384.56
-9999 -9999 -9999 -9999 -9999 -9999 -9999 -9999 -9999 -9999 -9999 -9999 -9999 -9999 -9999 -9999 -9999 257.8 262.7473 263.33 263.33 262.4755 279.1 260.7781 258.62 271.5727 271.45 271.45 271.45 279.0722 279 279 287.8389 288.88 288.88 288.88 295.8561 295.79 295.79 293.2045 292.9 292.9 292.9 304.8969 306.31 306.31 304.4692 340.28 340.28 340.28 369.4665 369.19 369.19 369.19 471.3981 470.43 470.43 545.4711 554.31 554.31 554.31 483.8123 484.48 484.48 417.9109 410.07 410.07 410.07 394.0381 394.19 394.19 394.7048 384.69 384.69 384.69 384.5587 384.56
-9999 -9999 -9999 -9999 -9999 -9999 -9999 -9999 -9999 -9999 -9999 -9999 -9999 -9999 -9999 -9999 -9999 257.8 262.7473 263.33 263.33 262.4755 279.1 279.1 279.1 280.0187 280.01 280.01 280.01 287.3697 287.3 287.3 298.4828 299.8 299.8 299.8 293.3489 293.41 293.41 291.2987 291.05 291.05 291.05 341.3548 347.28 310.6272 304.4692 340.28 340.28 340.28 369.4665 369.19 369.19 363.7041 470.43 470.43 470.43 545.4711 554.31 554.31 554.31 483.8123 484.48 484.48 417.9109 410.07 410.07 410.07 394.19 394.19 394.19 394.7048 384.69 384.69 384.69 384.5587 384.56
-9999 -9999 -9999 -9999 -9999 -9999 -9999 -9999 -9999 -9999 -9999 -9999 -9999 -9999 -9999 -9999 -9999 257.8 262.7473 263.33 263.33 262.4755 279.1 279.1 279.1 280.0187 280.01 280.01 279.615 287.3 287.3 287.3 298.4828 299.8 299.8 299.8 293.3489 293.41 293.41 291.2987 291.05 291.05 291.05 347.8177 347.28 347.28 342.3175 438.86 438.86 438.86 472.8116 472.49 472.49 470.698 505.56 505.56 505.56 491.8543 490.24 490.24 490.24 439.4489 439.93 439.93 408.4839 404.78 404.78 404.78 399.84 394.136 394.19 394.7048 384.69 384.69 384.69 384.5587 384.56
-9999 -9999 -9999 -9999 -9999 -9999 -9999 -9999 -9999 -9999 -9999 -9999 -9999 -9999 -9999 -9999 -9999 257.8 263.3829 263.33 263.33 262.4755 279.1 279.1 279.1 280.0187 280.01 280.01 279.615 287.3 287.3 287.3 298.4828 299.8 299.8 299.8 293.3489 293.41 293.41 291.2987 291.05 291.05 291.05 347.8177 347.28 347.28 342.3175 438.86 438.86 438.86 472.8116 472.49 472.49 470.698 505.56 505.56 505.56 490.0935 490.24 490.24 490.24 439.4489 439.93 439.93 408.4839 404.78 404.78 404.78 399.84 399.84 399.84 385.9644 384.33 384.33 384.33 388.5903 388.55
-9999 -9999 -9999 -9999 -9999 -9999 -9999 -9999 -9999 -9999 -9999 -9999 -9999 -9999 -9999 -9999 -9999 257.8 263.3829 263.33 263.33 262.4755 279.1 279.1 279.1 280.0187 280.01 280.01 279.615 287.3 287.3 287.3 299.9195 299.8 299.8 299.8 293.3489 293.41 293.41 291.2987 291.05 291.05 291.05 347.8177 347.28 347.28 429.2097 438.86 438.86 438.86 472.8116 472.49 472.49 470.698 505.56 505.56 505.56 490.0935 490.24 490.24 490.24 439.4489 439.93 439.93 408.4839 404.78 404.78 404.78 399.84 399.84 399.84 385.9644 384.33 384.33 384.33 388.5903 388.55
-9999 -9999 -9999 -9999 -9999 -9999 -9999 -9999 -9999 -9999 -9999 -9999 -9999 -9999 -9999 -9999 -9999 302.75 288.2628 288.4 288.4 283.5064 282.93 282.93 282.93 290.4411 290.37 290.37 289.852 299.93 299.93 299.93 299.3344 299.8044 299.8 299.8 293.3489 293.41 293.41 291.2987 291.05 291.05 291.05 347.8177 347.28 347.28 429.2097 438.86 438.86 438.86 472.8116 472.49 472.49 470.698 505.56 505.56 505.56 490.0935 490.24 490.24 492.9662 439.93 439.93 439.93 408.4839 404.78 404.78 404.78 399.84 399.84 399.84 385.9644 384.33 384.33 384.33 388.5903 388.55
-9999 -9999 -9999 -9999 -9999 -9999 -9999 -9999 -9999 -9999 -9999 -9999 -9999 -9999 -9999 -9999 -9999 302.75 288.2628 288.4 288.4 283.5064 282.93 282.93 282.93 290.4411 290.37 290.37 289.852 299.93 299.93 299.93 299.3344 299.34 299.34 299.7594 291.6 291.6 291.6 288.0215 287.6 287.6 287.6 342.5505 342.03 342.03 433.8633 444.68 444.68 444.68 571.83 571.83 571.83 572.7799 554.3 554.3 505.56 490.0935 490.24 490.24 492.9662 439.93 439.93 439.93 408.4839 404.78 404.78 404.78 399.84 399.84 399.84 385.9644 384.33 384.33 384.33 388.55 388.55
-9999 -9999 -9999 -9999 -9999 -9999 -9999 -9999 -9999 -9999 -9999 -9999 -9999 -9999 -9999 -9999 -9999 302.75 288.2628 288.4 288.4 283.5064 282.93 282.93 282.93 290.37 290.37 290.37 289.852 299.93 299.93 299.93 299.3344 299.34 299.34 299.7594 291.6 291.6 291.6 288.0215 287.6 287.6 287.6 342.5505 342.03 342.03 433.8633 444.68 444.68 444.68 571.83 571.83 571.83 572.7799 554.3 554.3 554.3 479.6529 480.36 480.36 482.7729 435.83 435.83 435.83 403.5341 403.84 403.84 403.84 393.16 393.16 393.16 392.167 392.05 392.05 392.05 402.97 402.97
-9999 -9999 -9999 -9999 -9999 -9999 -9999 -9999 -9999 -9999 -9999 -9999 -9999 -9999 -9999 -9999 -9999 302.75 288.2628 288.4 288.4 283.5064 282.93 282.93 282.93 290.37 290.37 290.37 289.852 299.93 299.93 299.93 299.3344 299.34 299.34 299.7594 291.6 291.6 291.6 287.5618 287.6 287.6 287.6 342.5505 342.03 342.03 433.8633 444.68 444.68 444.68 571.83 571.83 571.83 572.7799 554.3 554.3 554.3 479.6529 480.36 480.36 482.7729 435.83 435.83 435.83 403.5341 403.84 403.84 403.84 393.16 393.16 393.16 392.167 392.05 392.05 392.05 402.97 402.97
-9999 -9999 -9999 -9999 -9999 -9999 -9999 -9999 -9999 -9999 -9999 -9999 -9999 -9999 -9999 -9999 -9999 285.52 309.8403 309.61 309.61 283.3036 282.93 282.93 282.93 290.37 290.37 290.37 298.9226 299.93 299.93 299.93 299.3344 299.34 299.34 299.7594 291.6 291.6 291.6 287.5618 287.6 287.6 287.6 342.5505 342.03 342.03 433.8633 444.68 444.68 444.68 571.83 571.83 571.83 556.1472 554.3 554.3 554.3 479.6529 480.36 480.36 482.7729 435.83 435.83 435.83 403.5341 403.84 403.84 404.4187 393.16 393.16 393.16 392.167 392.05 392.05 392.05 402.97 402.97
-9999 -9999 -9999 -9999 -9999 -9999 -9999 -9999 -9999 -9999 -9999 -9999 -9999 -9999 -9999 -9999 -9999 284.2146 309.61 309.61 309.61 291.1628 288.99 288.99 288.99 288.87 288.87 288.87 297.4315 298.44 298.44 298.44 305.0123 304.95 304.95 304.7902 307.9 307.9 307.9 287.8097 288 288 285.7491 340.7139 342.03 342.03 433.8633 444.68 444.68 444.68 571.83 571.83 571.83 556.1472 554.3 554.3 554.3 479.6529 480.36 480.36 482.7729 435.83 435.83 435.83 403.5341 403.84 403.84 404.4187 393.16 393.16 393.16 392.167 392.05 392.05 392.05 402.97 402.97
-9999 -9999 -9999 -9999 -9999 -9999 -9999 -9999 -9999 -9999 -9999 -9999 -9999 -9999 -9999 -9999 -9999 284.2146 309.61 309.61 309.61 291.1628 288.99 288.99 288.99 288.87 288.87 288.87 297.4315 298.44 298.44 298.0872 304.95 304.95 304.95 304.7902 307.9 307.9 307.9 287.8097 288 288 285.7491 329.54 329.54 329.54 403.0603 411.72 411.72 411.72 615.58 615.58 615.58 583.2036 579.39 579.39 584.1124 492.24 492.24 492.24 494.4519 451.42 451.42 451.42 427.1602 427.39 428.6661 404.4187 393.16 393.16 393.16 392.167 392.05 392.05 392.05 402.97 402.97
-9999 -9999 -9999 -9999 -9999 -9999 -9999 -9999 -9999 -9999 -9999 -9999 -9999 -9999 -9999 -9999 -9999 284.2146 309.61 309.61 309.61 288.7928 288.99 288.99 288.99 288.87 288.87 288.87 297.4315 298.44 298.44 298.0872 304.95 304.95 304.95 304.7902 307.9 307.9 307.9 287.8097 288 288 285.7491 329.54 329.54 329.54 412.5059 411.72 411.72 411.72 615.58 615.58 615.58 583.2036 579.39 579.39 584.1124 492.24 492.24 492.24 494.4519 451.42 451.42 451.42 427.1602 427.39 427.39 428.1969 412.5 412.5 412.5 419.8193 419.75 419.75 419.75 415.2 415.2
-9999 -9999 -9999 -9999 -9999 -9999 -9999 -9999 -9999 -9999 -9999 -9999 -9999 -9999 -9999 -9999 -9999 284.2146 309.61 309.61 309.61 288.7928 288.99 288.99 288.99 288.87 288.87 288.87 297.4315 298.44 298.44 298.0872 304.95 304.95 304.95 307.5891 307.9 307.9 307.9 287.8097 288 288 285.7491 329.54 329.54 329.54 412.5059 411.72 411.72 411.72 615.58 615.58 615.58 583.2036 579.39 579.39 584.1124 492.24 492.24 492.24 455.7214 451.42 451.42 451.42 427.1602 427.39 427.39 428.1969 412.5 412.5 412.5 419.8193 419.75 419.75 419.75 415.2 415.2
-9999 -9999 -9999 -9999 -9999 -9999 -9999 -9999 -9999 -9999 -9999 -9999 -9999 -9999 -9999 -9999 -9999 308.1078 357.76 357.76 357.76 311.8249 312.26 313.521 288.9965 288.87 288.87 288.87 297.4315 298.44 298.44 298.0872 304.95 304.95 304.95 307.5891 307.9 307.9 307.9 287.8097 288 288 285.7491 329.54 329.54 329.54 412.5059 411.72 411.72 400.6733 615.58 615.58 615.58 583.2036 579.39 579.39 584.1124 492.24 492.24 492.24 455.7214 451.42 451.42 451.42 427.1602 427.39 427.39 428.1969 412.5 412.5 412.5 419.8193 419.75 419.75 419.9966 415.2 415.2
-9999 -9999 -9999 -9999 -9999 -9999 -9999 -9999 -9999 -9999 -9999 -9999 -9999 -9999 -9999 -9999 -9999 308.1078 357.76 357.76 357.76 311.8249 312.26 312.26 312.4139 309.42 309.42 309.42 329.4507 331.81 331.81 330.3881 358.05 358.05 358.05 344.4517 342.85 342.85 345.0332 302.56 302.56 302.56 301.2275 327.15 327.15 327.15 385.856 385.3 385.3 375.711 562.26 562.26 562.26 577.585 579.39 579.39 584.1124 492.24 492.24 492.24 455.7214 451.42 451.42 452.7221 427.39 427.39 427.39 428.1969 412.5 412.5 412.5 419.8193 419.75 419.75 419.9966 415.2 415.2
-9999 -9999 -9999 -9999 -9999 -9999 -9999 -9999 -9999 -9999 -9999 -9999 -9999 -9999 -9999 -9999 -9999 308.1078 357.76 357.76 357.76 311.8249 312.26 312.26 312.4139 309.42 309.42 309.42 332.0241 331.81 331.81 330.3881 358.05 358.05 358.05 344.4517 342.85 342.85 345.0332 302.56 302.56 302.56 301.2275 327.15 327.15 327.15 385.856 385.3 385.3 375.711 562.26 562.26 562.26 603.1271 602.74 602.74 608.1912 502.14 502.14 502.14 475.185 472.01 472.01 472.9978 453.78 453.78 453.78 454.2059 445.92 445.92 445.92 440.8116 440.86 440.86 441.0762 436.87 436.87
-9999 -9999 -9999 -9999 -9999 -9999 -9999 -9999 -9999 -9999 -9999 -9999 -9999 -9999 -9999 -9999 -9999 352.1533 357.76 357.76 357.76 312.26 312.26 312.26 312.26 309.42 309.42 309.42 331.81 331.81 331.81 331.81 358.05 358.05 358.05 344.6594 342.85 342.85 342.85 302.56 302.56 302.56 324.2228 327.15 327.15 327.15 385.3 385.3 385.3 385.3 562.26 562.26 562.26 602.74 602.74 602.74 602.74 502.14 502.14 502.14 475.5967 472.01 472.01 472.01 453.78 453.78 453.78 453.7123 445.92 445.92 445.92 440.86 440.86 440.86 440.86 436.87 436.87
-9999 -9999 -9999 -9999 -9999 -9999 -9999 -9999 -9999 -9999 -9999 -9999 -9999 -9999 -9999 -9999 -9999 -9999 -9999 -9999 -9999 -9999 -9999 -9999 -9999 -9999 -9999 -9999 -9999 -9999 -9999 -9999 -9999 -9999 -9999 -9999 -9999 -9999 -9999 -9999 -9999 -9999 -9999 -9999 -9999 -9999 -9999 -9999 -9999 -9999 -9999 -9999 -9999 -9999 -9999 -9999 -9999 -9999 -9999 -9999 -9999 -9999 -9999 -9999 -9999 -9999 -9999 -9999 -9999 -9999 -9999 -9999 -9999 -9999 -9999 -9999 -9999
-9999 -9999 -9999 -9999 -9999 -9999 -9999 -9999 -9999 -9999 -9999 -9999 -9999 -9999 -9999 -9999 -9999 -9999 -9999 -9999 -9999 -9999 -9999 -9999 -9999 -9999 -9999 -9999 -9999 -9999 -9999 -9999 -9999 -9999 -9999 -9999 -9999 -9999 -9999 -9999 -9999 -9999 -9999 -9999 -9999 -9999 -9999 -9999 -9999 -9999 -9999 -9999 -9999 -9999 -9999 -9999 -9999 -9999 -9999 -9999 -9999 -9999 -9999 -9999 -9999 -9999 -9999 -9999 -9999 -9999 -9999 -9999 -9999 -9999 -9999 -9999 -9999
-9999 -9999 -9999 -9999 -9999 -9999 -9999 -9999 -9999 -9999 -9999 -9999 -9999 -9999 -9999 -9999 -9999 -9999 -9999 -9999 -9999 -9999 -9999 -9999 -9999 -9999 -9999 -9999 -9999 -9999 -9999 -9999 -9999 -9999 -9999 -9999 -9999 -9999 -9999 -9999 -9999 -9999 -9999 -9999 -9999 -9999 -9999 -9999 -9999 -9999 -9999 -9999 -9999 -9999 -9999 -9999 -9999 -9999 -9999 -9999 -9999 -9999 -9999 -9999 -9999 -9999 -9999 -9999 -9999 -9999 -9999 -9999 -9999 -9999 -9999 -9999 -9999
-9999 -9999 -9999 -9999 -9999 -9999 -9999 -9999 -9999 -9999 -9999 -9999 -9999 -9999 -9999 -9999 -9999 -9999 -9999 -9999 -9999 -9999 -9999 -9999 -9999 -9999 -9999 -9999 -9999 -9999 -9999 -9999 -9999 -9999 -9999 -9999 -9999 -9999 -9999 -9999 -9999 -9999 -9999 -9999 -9999 -9999 -9999 -9999 -9999 -9999 -9999 -9999 -9999 -9999 -9999 -9999 -9999 -9999 -9999 -9999 -9999 -9999 -9999 -9999 -9999 -9999 -9999 -9999 -9999 -9999 -9999 -9999 -9999 -9999 -9999 -9999 -9999
-9999 -9999 -9999 -9999 -9999 -9999 -9999 -9999 -9999 -9999 -9999 -9999 -9999 -9999 -9999 -9999 -9999 -9999 -9999 -9999 -9999 -9999 -9999 -9999 -9999 -9999 -9999 -9999 -9999 -9999 -9999 -9999 -9999 -9999 -9999 -9999 -9999 -9999 -9999 -9999 -9999 -9999 -9999 -9999 -9999 -9999 -9999 -9999 -9999 -9999 -9999 -9999 -9999 -9999 -9999 -9999 -9999 -9999 -9999 -9999 -9999 -9999 -9999 -9999 -9999 -9999 -9999 -9999 -9999 -9999 -9999 -9999 -9999 -9999 -9999 -9999 -9999
-9999 -9999 -9999 -9999 -9999 -9999 -9999 -9999 -9999 -9999 -9999 -9999 -9999 -9999 -9999 -9999 -9999 -9999 -9999 -9999 -9999 -9999 -9999 -9999 -9999 -9999 -9999 -9999 -9999 -9999 -9999 -9999 -9999 -9999 -9999 -9999 -9999 -9999 -9999 -9999 -9999 -9999 -9999 -9999 -9999 -9999 -9999 -9999 -9999 -9999 -9999 -9999 -9999 -9999 -9999 -9999 -9999 -9999 -9999 -9999 -9999 -9999 -9999 -9999 -9999 -9999 -9999 -9999 -9999 -9999 -9999 -9999 -9999 -9999 -9999 -9999 -9999
-9999 -9999 -9999 -9999 -9999 -9999 -9999 -9999 -9999 -9999 -9999 -9999 -9999 -9999 -9999 -9999 -9999 -9999 -9999 -9999 -9999 -9999 -9999 -9999 -9999 -9999 -9999 -9999 -9999 -9999 -9999 -9999 -9999 -9999 -9999 -9999 -9999 -9999 -9999 -9999 -9999 -9999 -9999 -9999 -9999 -9999 -9999 -9999 -9999 -9999 -9999 -9999 -9999 -9999 -9999 -9999 -9999 -9999 -9999 -9999 -9999 -9999 -9999 -9999 -9999 -9999 -9999 -9999 -9999 -9999 -9999 -9999 -9999 -9999 -9999 -9999 -9999
-9999 -9999 -9999 -9999 -9999 -9999 -9999 -9999 -9999 -9999 -9999 -9999 -9999 -9999 -9999 -9999 -9999 -9999 -9999 -9999 -9999 -9999 -9999 -9999 -9999 -9999 -9999 -9999 -9999 -9999 -9999 -9999 -9999 -9999 -9999 -9999 -9999 -9999 -9999 -9999 -9999 -9999 -9999 -9999 -9999 -9999 -9999 -9999 -9999 -9999 -9999 -9999 -9999 -9999 -9999 -9999 -9999 -9999 -9999 -9999 -9999 -9999 -9999 -9999 -9999 -9999 -9999 -9999 -9999 -9999 -9999 -9999 -9999 -9999 -9999 -9999 -9999
-9999 -9999 -9999 -9999 -9999 -9999 -9999 -9999 -9999 -9999 -9999 -9999 -9999 -9999 -9999 -9999 -9999 -9999 -9999 -9999 -9999 -9999 -9999 -9999 -9999 -9999 -9999 -9999 -9999 -9999 -9999 -9999 -9999 -9999 -9999 -9999 -9999 -9999 -9999 -9999 -9999 -9999 -9999 -9999 -9999 -9999 -9999 -9999 -9999 -9999 -9999 -9999 -9999 -9999 -9999 -9999 -9999 -9999 -9999 -9999 -9999 -9999 -9999 -9999 -9999 -9999 -9999 -9999 -9999 -9999 -9999 -9999 -9999 -9999 -9999 -9999 -9999
