Model and model input files/precip_2000.asc
ncols         625
nrows         453
xllcorner     138621.56993419
yllcorner     4094031.9406744
cellsize      1000
NODATA_value  -9999
[rows 0 to 33 of 453, columns 154 to 230 of 625]
355.36 355.36 384.0529 387.93 387.93 387.93 433.89 433.89 433.89 488.8531 496.28 496.28 496.28 609.33 609.33 609.33 609.33 555.06 555.06 555.06 536.56 536.56 536.56 536.56 632.14 632.14 632.14 651.06 651.06 651.06 651.06 658.34 658.34 658.34 742.3 742.3 742.3 742.3 890.44 890.44 890.44 966.64 966.64 966.64 1040.165 1050.1 1050.1 1050.1 955.1 955.1 955.1 899.388 891.86 891.86 891.86 944.57 944.57 944.57 946.488 1167.43 1167.43 1167.43 1383.58 1383.58 1383.58 1383.58 1251.25 1251.25 1251.25 -9999 -9999 -9999 -9999 -9999 -9999 -9999 -9999
355.36 355.36 384.4979 387.93 387.93 387.93 434.3295 433.89 433.89 489.7057 496.28 496.28 496.28 609.33 609.33 609.33 560.7787 555.06 555.06 555.06 536.3831 536.56 536.56 531.3807 632.14 632.14 632.14 651.2409 651.06 651.06 650.6655 658.34 658.34 658.34 743.1028 742.3 742.3 734.2726 890.44 890.44 890.44 967.3687 966.64 966.64 1041.305 1050.1 1050.1 1050.1 954.1915 955.1 955.1 898.5239 891.86 891.86 891.86 945.074 944.57 944.57 1143.946 1167.43 1167.43 1167.43 1385.647 1383.58 1383.58 1390.751 1251.25 1251.25 1251.25 -9999 -9999 -9999 -9999 -9999 -9999 -9999 -9999
355.36 355.36 384.4979 387.93 387.93 387.93 434.3295 433.89 433.89 489.7057 496.28 496.28 496.28 609.33 609.33 609.33 560.7787 555.06 555.06 556.0624 536.56 536.56 536.56 531.3807 632.14 632.14 632.14 651.2409 651.06 651.06 650.6655 658.34 658.34 658.34 743.1028 742.3 742.3 734.2726 890.44 890.44 890.44 967.3687 966.64 966.64 1041.305 1050.1 1050.1 1050.1 954.1915 955.1 955.1 898.5239 891.86 891.86 891.86 945.074 944.57 944.57 1143.946 1167.43 1167.43 1167.43 1383.58 1383.58 1383.58 1390.751 1251.25 1251.25 1251.25 -9999 -9999 -9999 -9999 -9999 -9999 -9999 -9999
353.56 353.56 381.3023 384.57 384.57 384.57 389.7592 389.71 389.71 401.6264 403.03 403.03 403.03 446.8 446.8 446.8 444.1072 437.7606 555.06 556.0624 536.56 536.56 536.56 622.0683 632.14 632.14 632.14 651.2409 651.06 651.06 650.6655 658.34 658.34 658.34 743.1028 742.3 742.3 734.2726 890.44 890.44 890.44 967.3687 966.64 966.64 1041.305 1050.1 1050.1 1050.1 954.1915 955.1 955.1 898.5239 891.86 891.86 891.86 945.074 944.57 944.57 1143.946 1167.43 1167.43 1167.43 1383.58 1383.58 1383.58 1265.194 1251.25 1251.25 1251.25 -9999 -9999 -9999 -9999 -9999 -9999 -9999 -9999
353.56 353.56 381.3023 384.57 384.57 384.57 389.7592 389.71 389.71 401.6264 403.03 403.03 403.03 446.8 446.8 446.8 444.1072 443.79 443.79 441.6691 482.93 482.93 482.93 496.0363 497.58 497.58 496.7715 512.5 512.5 512.5 511.4368 532.12 532.12 532.12 530.4643 530.48 530.48 518.9879 742.56 742.56 742.56 1027.832 1025.13 1025.13 1062.829 1067.27 1067.27 1067.27 1046.675 1046.87 1046.87 913.6782 897.99 897.99 897.99 915.7785 915.61 915.61 1059.515 1167.43 1167.43 1167.43 1383.58 1383.58 1383.58 1265.194 1251.25 1251.25 1272.596 -9999 -9999 -9999 -9999 -9999 -9999 -9999 -9999
353.56 353.56 381.3023 384.57 384.57 384.57 389.7592 389.71 389.71 401.6264 403.03 403.03 403.03 446.8 446.8 446.8 444.1072 443.79 443.79 441.6691 482.93 482.93 482.93 496.0363 497.58 497.58 496.7715 512.5 512.5 512.5 530.0526 532.12 532.12 532.12 530.4643 530.48 530.48 518.9879 742.56 742.56 742.56 1027.832 1025.13 1025.13 1062.829 1067.27 1067.27 1067.27 1046.675 1046.87 1046.87 913.6782 897.99 897.99 897.99 915.7785 915.61 915.61 1064.162 1081.66 1081.66 1081.66 1285.4 1285.4 1285.4 1226.498 1219.56 1219.56 1235.953 -9999 -9999 -9999 -9999 -9999 -9999 -9999 -9999
353.56 353.56 381.3023 384.57 384.57 384.57 389.7592 389.71 389.71 401.6264 403.03 403.03 403.03 446.8 446.8 446.8 444.1072 443.79 443.79 441.6691 482.93 482.93 482.93 496.0363 497.58 497.58 496.7715 512.5 512.5 512.5 530.0526 532.12 532.12 532.12 530.4643 530.48 530.48 518.9879 742.56 742.56 742.56 1027.832 1025.13 1025.13 1062.829 1067.27 1067.27 1067.27 1046.675 1046.87 1046.87 913.6782 897.99 897.99 897.99 915.7785 915.61 915.61 1064.162 1081.66 1081.66 1081.66 1285.4 1285.4 1285.4 1226.498 1219.56 1219.56 1235.953 -9999 -9999 -9999 -9999 -9999 -9999 -9999 -9999
353.56 353.56 381.3023 384.57 384.57 384.57 389.7592 389.71 389.71 401.6264 403.03 403.03 403.03 446.8 446.8 446.8 444.1072 443.79 443.79 441.6691 482.93 482.93 482.93 496.0363 497.58 497.58 496.7715 512.5 512.5 512.5 530.0526 532.12 532.12 532.2089 530.48 530.48 530.48 518.9879 742.56 742.56 742.56 1027.832 1025.13 1025.13 1062.829 1067.27 1067.27 1067.27 1046.675 1046.87 1046.87 913.6782 897.99 897.99 897.99 915.7785 915.61 915.61 1064.162 1081.66 1081.66 1081.66 1285.4 1285.4 1285.4 1226.498 1219.56 1219.56 1235.953 -9999 -9999 -9999 -9999 -9999 -9999 -9999 -9999
465.05 465.05 444.8083 445 445 445 455.6206 455.52 455.52 553.3562 564.88 564.88 564.88 543.58 543.58 543.58 539.429 538.94 538.94 536.6321 581.53 581.53 581.53 535.6716 530.27 530.27 528.0521 571.2 571.2 571.2 601.662 605.25 605.25 607.1271 570.61 534.7087 530.48 720.212 742.56 742.56 742.56 1027.832 1025.13 1025.13 1062.829 1067.27 1067.27 1067.27 1046.675 1046.87 1046.87 913.6782 897.99 897.99 897.99 915.7785 915.61 915.61 1064.162 1081.66 1081.66 1081.66 1285.4 1285.4 1285.4 1226.498 1219.56 1219.56 1235.953 -9999 -9999 -9999 -9999 -9999 -9999 -9999 -9999
465.05 465.05 444.8083 445 445 445 455.6206 455.52 455.52 553.3562 564.88 564.88 564.88 543.58 543.58 543.58 539.429 538.94 538.94 536.6321 581.53 581.53 581.53 535.6716 530.27 530.27 528.0521 571.2 571.2 571.2 601.662 605.25 605.25 607.1271 570.61 570.61 570.61 639.6035 647.73 647.73 637.0941 844.01 844.01 844.01 890.3873 895.85 895.85 895.85 1120.801 1118.67 1118.67 1148.407 1151.91 1151.91 1151.91 1125.732 1125.98 1125.98 1301.076 1321.7 1321.7 1321.7 1582.29 1582.29 1582.29 1310.923 1278.96 1278.96 1294.561 -9999 -9999 -9999 -9999 -9999 -9999 -9999 -9999
465.05 465.05 444.8083 445 445 444.43 455.52 455.52 455.52 553.3562 564.88 564.88 564.88 543.58 543.58 543.58 539.429 538.94 538.94 536.6321 581.53 581.53 581.53 535.6716 530.27 530.27 528.0521 571.2 571.2 571.2 601.662 605.25 605.25 607.1271 570.61 570.61 570.61 639.6035 647.73 647.73 637.0941 844.01 844.01 844.01 896.3457 895.85 895.85 895.85 1120.801 1118.67 1118.67 1148.407 1151.91 1151.91 1151.91 1125.732 1125.98 1125.98 1301.076 1321.7 1321.7 1321.7 1582.29 1582.29 1582.29 1310.923 1278.96 1278.96 1294.561 -9999 -9999 -9999 -9999 -9999 -9999 -9999 -9999
465.05 465.05 444.8083 445 445 444.43 455.52 455.52 455.52 565.9258 564.88 564.88 564.88 543.58 543.58 543.58 539.429 538.94 538.94 536.6321 581.53 581.53 581.53 535.6716 530.27 530.27 528.0521 571.2 571.2 571.2 601.662 605.25 605.25 607.1271 570.61 570.61 570.61 639.6035 647.73 647.73 637.0941 844.01 844.01 844.01 896.3457 895.85 895.85 895.85 1120.801 1118.67 1118.67 1148.407 1151.91 1151.91 1151.91 1125.732 1125.98 1125.98 1301.076 1321.7 1321.7 1321.7 1582.29 1582.29 1582.29 1310.923 1278.96 1278.96 1294.561 -9999 -9999 -9999 -9999 -9999 -9999 -9999 -9999
709.24 709.24 631.342 445 445 444.43 455.52 455.52 455.52 565.9258 564.88 564.88 566.0342 543.58 543.58 543.58 539.429 538.94 538.94 536.6321 581.53 581.53 581.53 535.6716 530.27 530.27 528.0521 571.2 571.2 571.2 601.662 605.25 605.25 607.1271 570.61 570.61 570.61 639.6035 647.73 647.73 637.0941 844.01 844.01 844.01 896.3457 895.85 895.85 883.7759 1118.67 1118.67 1118.67 1148.407 1151.91 1151.91 1151.91 1125.732 1125.98 1125.98 1301.076 1321.7 1321.7 1321.7 1582.29 1582.29 1582.29 1310.923 1278.96 1278.96 1294.561 -9999 -9999 -9999 -9999 -9999 -9999 -9999 -9999
709.24 709.24 621.721 622.55 622.55 630.0376 484.37 484.37 484.37 594.9373 593.89 593.89 592.278 623.64 623.64 623.64 640.6713 640.51 640.51 643.5803 583.85 583.85 583.85 620.3239 624.62 624.62 624.2271 631.87 631.87 631.87 795.327 814.58 814.58 810.9397 881.76 881.76 881.76 703.8907 682.94 682.94 681.7186 705.48 705.48 705.48 854.027 852.62 852.62 846.273 969.75 969.75 969.75 1249.237 1246.59 1246.59 1251.72 1125.732 1125.98 1125.98 1301.076 1321.7 1321.7 1321.7 1582.29 1582.29 1582.29 1310.923 1278.96 1278.96 1294.561 -9999 -9999 -9999 -9999 -9999 -9999 -9999 -9999
709.24 709.24 621.721 622.55 622.55 630.0376 484.37 484.37 484.37 594.9373 593.89 593.89 592.278 623.64 623.64 623.64 640.6713 640.51 640.51 589.8206 583.85 583.85 583.85 620.3239 624.62 624.62 624.2271 631.87 631.87 631.87 795.327 814.58 814.58 810.9397 881.76 881.76 881.76 703.8907 682.94 682.94 681.7186 705.48 705.48 705.48 854.027 852.62 852.62 846.273 969.75 969.75 969.75 1249.237 1246.59 1246.59 1241.361 1343.09 1343.09 1343.09 1448.799 1461.25 1461.25 1461.25 1621.96 1621.96 1621.96 1557.762 1550.2 1550.2 1573.26 -9999 -9999 -9999 -9999 -9999 -9999 -9999 -9999
709.24 709.24 621.721 622.55 622.55 630.0376 484.37 484.37 484.37 594.9373 593.89 593.89 592.278 623.64 623.64 623.64 640.6713 640.51 640.51 589.8206 583.85 583.85 583.85 620.3239 624.62 624.62 624.2271 631.87 631.87 631.87 795.327 814.58 814.58 810.9397 881.76 881.76 881.76 703.8907 682.94 682.94 681.7186 705.48 705.48 705.48 854.027 852.62 852.62 846.273 969.75 969.75 969.75 1249.237 1246.59 1246.59 1241.361 1343.09 1343.09 1343.09 1448.799 1461.25 1461.25 1461.25 1621.96 1621.96 1621.96 1557.762 1550.2 1550.2 1573.26 -9999 -9999 -9999 -9999 -9999 -9999 -9999 -9999
709.24 709.24 621.721 622.55 622.55 630.0376 484.37 484.37 484.37 594.9373 593.89 593.89 592.278 623.64 623.64 623.64 640.6713 640.51 640.51 589.8206 583.85 583.85 583.85 625.0099 624.62 624.62 624.2271 631.87 631.87 631.87 795.327 814.58 814.58 810.9397 881.76 881.76 881.76 703.8907 682.94 682.94 681.7186 705.48 705.48 705.48 854.027 852.62 852.62 846.273 969.75 969.75 969.75 1249.237 1246.59 1246.59 1241.361 1343.09 1343.09 1343.09 1462.38 1461.25 1461.25 1461.25 1621.96 1621.96 1621.96 1557.762 1550.2 1550.2 1573.26 -9999 -9999 -9999 -9999 -9999 -9999 -9999 -9999
588.48 588.48 649.5686 648.99 648.99 647.7984 670.98 670.98 670.98 578.2416 579.12 579.12 577.2332 613.94 613.94 613.94 814.5703 812.67 812.67 589.8206 583.85 583.85 583.85 625.0099 624.62 624.62 631.106 631.87 631.87 631.87 795.327 814.58 814.58 810.9397 881.76 881.76 881.76 703.8907 682.94 682.94 681.7186 705.48 705.48 705.48 854.027 852.62 852.62 846.273 969.75 969.75 969.75 1249.237 1246.59 1246.59 1241.361 1343.09 1343.09 1343.09 1462.38 1461.25 1461.25 1461.25 1621.96 1621.96 1621.96 1557.762 1550.2 1550.2 1573.26 -9999 -9999 -9999 -9999 -9999 -9999 -9999 -9999
588.48 588.48 649.5686 648.99 648.99 647.7984 670.98 670.98 670.98 578.2416 579.12 579.12 577.2332 613.94 613.94 613.94 814.5703 812.67 812.67 789.3113 786.56 786.56 786.56 761.0787 761.32 761.32 673.0384 662.64 662.64 662.64 749.2128 759.41 759.41 744.5956 1032.8 1032.8 1032.8 851.6384 830.3 830.3 832.9519 781.36 781.36 781.36 896.1876 895.1 895.1 889.7424 993.97 993.97 993.97 1300.433 1297.53 1297.53 1291.108 1416.04 1416.04 1416.04 1666.825 1664.45 1482.662 1452.542 1621.96 1621.96 1621.96 1557.762 1550.2 1550.2 1573.26 -9999 -9999 -9999 -9999 -9999 -9999 -9999 -9999
588.48 588.48 649.5686 648.99 648.99 647.7984 670.98 670.98 670.98 578.2416 579.12 579.12 577.2332 613.94 613.94 613.94 814.5703 812.67 812.67 789.3113 786.56 786.56 786.56 761.0787 761.32 761.32 673.0384 662.64 662.64 662.64 760.3353 759.41 759.41 744.5956 1032.8 1032.8 1032.8 851.6384 830.3 830.3 832.9519 781.36 781.36 781.36 896.1876 895.1 895.1 889.7424 993.97 993.97 993.97 1300.433 1297.53 1297.53 1291.108 1416.04 1416.04 1416.04 1666.825 1664.45 1664.45 1662.96 1691.95 1691.95 1691.95 1737.047 1736.62 1736.62 1757.615 -9999 -9999 -9999 -9999 -9999 -9999 -9999 -9999
588.48 585.2011 648.99 648.99 648.99 647.7984 670.98 670.98 670.98 578.2416 579.12 579.12 577.2332 613.94 613.94 613.94 814.5703 812.67 812.67 789.3113 786.56 786.56 786.56 761.0787 761.32 761.32 673.0384 662.64 662.64 662.64 760.3353 759.41 759.41 1003.992 1032.8 1032.8 1032.8 851.6384 830.3 830.3 832.9519 781.36 781.36 781.36 896.1876 895.1 895.1 889.7424 993.97 993.97 993.97 1300.433 1297.53 1297.53 1291.108 1416.04 1416.04 1416.04 1666.825 1664.45 1664.45 1662.96 1691.95 1691.95 1691.95 1737.047 1736.62 1736.62 1757.615 -9999 -9999 -9999 -9999 -9999 -9999 -9999 -9999
588.48 585.2011 648.99 648.99 648.99 668.6628 670.98 670.98 670.98 578.2416 579.12 579.12 577.2332 613.94 613.94 613.94 814.5703 812.67 812.67 789.3113 786.56 786.56 786.56 761.0787 761.32 761.32 673.0384 662.64 662.64 662.64 760.3353 759.41 759.41 1003.992 1032.8 1032.8 1032.8 828.3636 830.3 830.3 832.9519 781.36 781.36 781.36 896.1876 895.1 895.1 889.7424 993.97 993.97 993.97 1300.433 1297.53 1297.53 1291.108 1416.04 1416.04 1416.04 1666.825 1664.45 1664.45 1662.96 1691.95 1691.95 1691.95 1737.047 1736.62 1736.62 1389.998 -9999 -9999 -9999 -9999 -9999 -9999 -9999 -9999
757 745.2614 973.63 973.63 973.63 1084.241 1097.27 1097.27 1097.27 853.067 855.38 855.38 863.0941 713.02 713.02 713.02 756.2697 755.86 755.86 736.3572 734.06 734.06 734.06 769.0313 768.7 768.7 742.0133 738.87 738.87 738.87 841.9161 840.94 840.94 938.4005 949.88 949.88 1024.062 828.3636 830.3 830.3 832.9519 781.36 781.36 781.36 896.1876 895.1 895.1 889.7424 993.97 993.97 993.97 1300.433 1297.53 1297.53 1291.108 1416.04 1416.04 1416.04 1666.825 1664.45 1664.45 1662.96 1691.95 1691.95 1691.95 1737.047 1736.62 1736.62 1389.998 -9999 -9999 -9999 -9999 -9999 -9999 -9999 -9999
757 745.2614 973.63 973.63 973.63 1084.241 1097.27 1097.27 1110.377 855.38 855.38 855.38 863.0941 713.02 713.02 713.02 756.2697 755.86 755.86 736.3572 734.06 734.06 734.06 769.0313 768.7 768.7 742.0133 738.87 738.87 738.87 841.9161 840.94 840.94 938.4005 949.88 949.88 949.88 779.486 781.1 781.1 809.5759 812.93 812.93 812.93 901.9937 901.15 901.15 887.7012 1149.34 1149.34 1149.34 1327.972 1326.28 1326.28 1340.283 1067.87 1067.87 1067.87 1293.103 1290.97 1290.97 1264.575 1778.07 1778.07 1778.07 1858.563 1857.8 1857.8 1651.482 -9999 -9999 -9999 -9999 -9999 -9999 -9999 -9999
757 745.2614 973.63 973.63 973.63 1084.241 1097.27 1097.27 1110.377 855.38 855.38 855.38 728.0212 713.02 713.02 713.02 756.2697 755.86 755.86 736.3572 734.06 734.06 734.06 769.0313 768.7 768.7 742.0133 738.87 738.87 738.87 841.9161 840.94 840.94 938.4005 949.88 949.88 949.88 779.486 781.1 781.1 809.5759 812.93 812.93 812.93 901.9937 901.15 901.15 887.7012 1149.34 1149.34 1149.34 1327.972 1326.28 1326.28 1340.283 1067.87 1067.87 1067.87 1293.103 1290.97 1290.97 1264.575 1778.07 1778.07 1778.07 1858.563 1857.8 1857.8 1651.482 -9999 -9999 -9999 -9999 -9999 -9999 -9999 -9999
757 745.2614 973.63 973.63 973.63 1084.241 1097.27 1097.27 1110.377 855.38 855.38 855.38 728.0212 713.02 713.02 710.6986 755.86 755.86 755.86 736.3572 734.06 734.06 734.06 769.0313 768.7 768.7 742.0133 738.87 738.87 738.87 841.9161 840.94 840.94 938.4005 949.88 949.88 949.88 779.486 781.1 781.1 809.5759 812.93 812.93 812.93 901.15 901.15 901.15 887.7012 1149.34 1149.34 1149.34 1327.972 1326.28 1326.28 1340.283 1067.87 1067.87 1067.87 1293.103 1290.97 1290.97 1264.575 1778.07 1778.07 1778.07 1858.563 1857.8 1857.8 1651.482 -9999 -9999 -9999 -9999 -9999 -9999 -9999 -9999
768.23 741.0674 1269.5 1269.5 1269.5 1531.902 1562.81 1562.81 1577.067 1299.71 1299.71 1299.71 1078.326 1052.25 1052.25 746.445 755.86 755.86 755.86 736.3572 734.06 734.06 734.06 769.0313 768.7 768.7 742.0133 738.87 738.87 738.87 841.9161 840.94 840.94 938.4005 949.88 949.88 949.88 779.486 781.1 781.1 809.5759 812.93 812.93 812.93 901.15 901.15 901.15 1123.187 1149.34 1149.34 1149.34 1327.972 1326.28 1326.28 1340.283 1067.87 1067.87 1067.87 1293.103 1290.97 1290.97 1264.575 1778.07 1778.07 1778.07 1858.563 1857.8 1857.8 1651.482 -9999 -9999 -9999 -9999 -9999 -9999 -9999 -9999
768.23 741.0674 1269.5 1269.5 1269.5 1531.902 1562.81 1562.81 1577.067 1299.71 1299.71 1299.71 1078.326 1052.25 1052.25 1048.738 1117.06 1117.06 1117.06 923.7187 925.55 925.55 925.55 908.7509 908.91 908.91 775.2798 759.54 759.54 759.54 1021.451 1018.97 1018.97 899.1797 885.07 885.07 885.07 676.7568 678.73 678.73 623.7016 617.22 617.22 617.22 635.26 635.26 635.26 743.4828 756.23 756.23 756.23 793.917 793.56 793.56 790.4496 850.96 1069.944 1067.87 1293.103 1290.97 1290.97 1264.575 1778.07 1778.07 1778.07 1858.563 1857.8 1857.8 1651.482 -9999 -9999 -9999 -9999 -9999 -9999 -9999 -9999
768.23 741.0674 1269.5 1269.5 1269.5 1531.902 1562.81 1562.81 1577.067 1299.71 1299.71 1299.71 1078.326 1052.25 1052.25 1048.738 1117.06 1117.06 1117.06 923.7187 925.55 925.55 926.4517 908.91 908.91 908.91 775.2798 759.54 759.54 759.54 1021.451 1018.97 1018.97 899.1797 885.07 885.07 885.07 676.7568 678.73 678.73 623.7016 617.22 617.22 617.22 635.26 635.26 635.26 743.4828 756.23 756.23 754.2072 793.56 793.56 793.56 790.4496 850.96 850.96 850.96 1033.651 1031.92 1031.92 1010.357 1429.86 1429.86 1429.86 1688.893 1686.44 1686.44 1719.058 -9999 -9999 -9999 -9999 -9999 -9999 -9999 -9999
768.23 741.0674 1269.5 1269.5 1269.5 1531.902 1562.81 1562.81 1577.067 1299.71 1299.71 1299.71 1078.326 1052.25 1052.25 1048.738 1117.06 1117.06 1117.06 923.7187 925.55 925.55 926.4517 908.91 908.91 908.91 775.2798 759.54 759.54 759.54 1021.451 1018.97 1018.97 899.1797 885.07 885.07 885.07 676.7568 678.73 678.73 623.7016 617.22 617.22 617.22 635.26 635.26 635.26 743.4828 756.23 756.23 754.2072 793.56 793.56 793.56 790.4496 850.96 850.96 850.96 1033.651 1031.92 1031.92 1010.357 1429.86 1429.86 1429.86 1688.893 1686.44 1686.44 1719.058 -9999 -9999 -9999 -9999 -9999 -9999 -9999 -9999
768.23 741.0674 1269.5 1269.5 1269.5 1531.902 1562.81 1562.81 1577.067 1299.71 1299.71 1299.71 1078.326 1052.25 1052.25 1048.738 1117.06 1117.06 1117.06 923.7187 925.55 925.55 926.4517 908.91 908.91 908.91 758.1116 759.54 759.54 759.54 1021.451 1018.97 1018.97 899.1797 885.07 885.07 885.07 676.7568 678.73 678.73 623.7016 617.22 617.22 617.22 635.26 635.26 635.26 743.4828 756.23 756.23 754.2072 793.56 793.56 793.56 844.9115 850.96 850.96 850.96 1033.651 1031.92 1031.92 1010.357 1429.86 1429.86 1429.86 1688.893 1686.44 1686.44 1719.058 -9999 -9999 -9999 -9999 -9999 -9999 -9999 -9999
667.13 756.1899 766.68 766.68 766.68 934.3238 954.07 954.07 946.3239 1097.02 1097.02 1097.02 870.313 843.61 843.61 846.1525 796.69 796.69 796.69 765.0907 765.39 765.39 769.2525 694.11 694.11 694.11 683.6106 683.71 683.71 665.9739 1011.02 1011.02 1010.589 899.1797 885.07 885.07 885.07 676.7568 678.73 678.73 623.7016 617.22 617.22 617.22 635.26 635.26 635.26 743.4828 756.23 756.23 754.2072 793.56 793.56 793.56 844.9115 850.96 850.96 850.96 1033.651 1031.92 1031.92 1010.357 1429.86 1429.86 1429.86 1688.893 1686.44 1686.44 1719.058 -9999 -9999 -9999 -9999 -9999 -9999 -9999 -9999
667.13 756.1899 766.68 766.68 766.68 934.3238 954.07 954.07 946.3239 1097.02 1097.02 1097.02 870.313 843.61 843.61 846.1525 796.69 796.69 796.69 765.0907 765.39 765.39 769.2525 694.11 694.11 694.11 683.6106 683.71 683.71 665.9739 1011.02 1011.02 1011.02 1069.385 1076.26 1076.26 1076.26 738.2786 741.48 741.48 625.0714 611.36 611.36 611.36 588.77 588.77 588.77 574.9749 573.35 573.35 574.7057 548.33 548.33 548.33 707.8237 726.61 726.61 709.2055 1047.8 1047.8 1047.8 1018.098 1595.94 1595.94 1595.94 1858.083 1855.6 1855.6 1543.233 -9999 -9999 -9999 -9999 -9999 -9999 -9999 -9999
667.13 756.1899 766.68 766.68 766.68 955.8619 954.07 954.07 946.3239 1097.02 1097.02 1097.02 870.313 843.61 843.61 846.1525 796.69 796.69 796.69 765.0907 765.39 765.39 769.2525 694.11 694.11 694.11 683.6106 683.71 683.71 665.9739 1011.02 1011.02 1011.02 1076.884 1076.26 1076.26 1076.26 738.2786 741.48 741.48 625.0714 611.36 611.36 611.36 588.77 588.77 588.77 574.9749 573.35 573.35 574.7057 548.33 548.33 548.33 707.8237 726.61 726.61 709.2055 1047.8 1047.8 1047.8 1018.098 1595.94 1595.94 1595.94 1858.083 1855.6 1855.6 1543.233 -9999 -9999 -9999 -9999 -9999 -9999 -9999 -9999
