Model and model input files/precip_2002.asc
ncols         625
nrows         453
xllcorner     138621.56993419
yllcorner     4094031.9406744
cellsize      1000
NODATA_value  -9999
[rows 102 to 135 of 453, columns 154 to 230 of 625]
592.24 592.24 592.24 703.7103 716.84 716.84 716.84 715.11 715.11 715.11 686.813 683.48 683.48 686.7106 623.86 623.86 623.86 640.8489 642.85 642.85 642.85 800.8365 799.34 799.34 798.7554 810.13 810.13 810.13 767.7082 768.11 768.11 597.174 577.04 577.04 577.04 456.9098 442.76 442.76 445.632 389.76 389.76 389.76 370.8745 368.65 368.65 366.593 406.61 406.61 406.61 394.822 624.15 624.15 624.15 709.5489 708.74 708.74 585.4786 570.96 570.96 570.96 495.2832 496 496 573.1345 582.22 582.22 582.22 616.8152 620.89 -9999 -9999 -9999 -9999 -9999 -9999 -9999 -9999
592.24 592.24 592.24 718.0315 716.84 716.84 716.84 715.11 715.11 715.11 686.813 683.48 683.48 686.7106 623.86 623.86 623.86 640.8489 642.85 642.85 642.85 800.8365 799.34 799.34 798.7554 810.13 810.13 810.13 767.7082 768.11 768.11 597.174 577.04 577.04 577.04 456.9098 442.76 442.76 445.632 389.76 389.76 389.76 370.8745 368.65 368.65 366.593 406.61 406.61 406.61 601.2267 624.15 624.15 624.15 709.5489 708.74 708.74 585.4786 570.96 570.96 570.96 495.2832 496 496 573.1345 582.22 582.22 582.22 616.8152 620.89 -9999 -9999 -9999 -9999 -9999 -9999 -9999 -9999
592.24 592.24 592.24 718.0315 716.84 716.84 716.84 715.11 715.11 715.11 686.813 683.48 683.48 686.7106 623.86 623.86 623.86 640.8489 642.85 642.85 642.85 800.8365 799.34 799.34 798.7554 810.13 810.13 810.13 767.7082 768.11 768.11 597.174 577.04 577.04 577.04 441.476 442.76 442.76 445.632 389.76 389.76 389.76 370.8745 368.65 368.65 366.593 406.61 406.61 406.61 601.2267 624.15 624.15 624.15 709.5489 708.74 708.74 585.4786 570.96 570.96 570.96 495.2832 496 496 573.1345 582.22 582.22 582.22 616.8152 620.89 -9999 -9999 -9999 -9999 -9999 -9999 -9999 -9999
584.71 584.71 584.71 600.863 600.71 600.71 601.8339 579.97 579.97 579.97 658.205 667.42 667.42 661.9606 768.17 768.17 768.17 762.337 761.65 761.65 757.0712 846.15 846.15 846.15 841.1691 938.07 938.07 938.07 857.2747 858.04 862.9131 597.174 577.04 577.04 577.04 441.476 442.76 442.76 445.632 389.76 389.76 389.76 370.8745 368.65 368.65 366.593 406.61 406.61 406.61 601.2267 624.15 624.15 624.15 709.5489 708.74 708.74 585.4786 570.96 570.96 570.96 495.2832 496 496 573.1345 582.22 582.22 582.22 616.8152 620.89 -9999 -9999 -9999 -9999 -9999 -9999 -9999 -9999
584.71 584.71 584.71 600.863 600.71 600.71 601.8339 579.97 579.97 579.97 658.205 667.42 667.42 661.9606 768.17 768.17 768.17 762.337 761.65 761.65 757.0712 846.15 846.15 846.15 841.1691 938.07 938.07 938.07 857.2747 858.04 858.04 734.6891 720.16 720.16 720.16 538.4993 540.22 540.22 543.4382 480.83 480.83 480.83 435.6157 430.29 430.29 431.4821 408.29 408.29 408.29 447.0183 451.58 451.58 451.58 478.818 478.56 478.56 456.1497 453.51 453.51 453.51 489.3394 489 489 470.186 467.97 467.97 467.97 485.7383 485.57 -9999 -9999 -9999 -9999 -9999 -9999 -9999 -9999
584.71 584.71 584.71 600.863 600.71 600.71 601.8339 579.97 579.97 579.97 658.205 667.42 667.42 661.9606 768.17 768.17 768.17 762.337 761.65 761.65 757.0712 846.15 846.15 846.15 841.1691 938.07 938.07 938.07 857.2747 858.04 858.04 734.6891 720.16 720.16 720.16 538.4993 540.22 540.22 487.0882 480.83 480.83 480.83 435.6157 430.29 430.29 431.4821 408.29 408.29 408.29 447.0183 451.58 451.58 450.118 478.56 478.56 478.56 456.1497 453.51 453.51 453.51 489.3394 489 489 470.186 467.97 467.97 467.97 485.7383 485.57 -9999 -9999 -9999 -9999 -9999 -9999 -9999 -9999
584.71 584.71 584.71 600.863 600.71 600.71 601.8339 579.97 579.97 579.97 668.2562 667.42 667.42 661.9606 768.17 768.17 768.17 762.337 761.65 761.65 757.0712 846.15 846.15 846.15 928.3839 938.07 938.07 938.07 857.2747 858.04 858.04 734.6891 720.16 720.16 720.16 538.4993 540.22 540.22 487.0882 480.83 480.83 480.83 435.6157 430.29 430.29 431.4821 408.29 408.29 408.29 447.0183 451.58 451.58 450.118 478.56 478.56 478.56 456.1497 453.51 453.51 453.51 489.3394 489 489 470.186 467.97 467.97 467.97 485.7383 485.57 -9999 -9999 -9999 -9999 -9999 -9999 -9999 -9999
584.71 584.71 584.71 600.863 600.71 600.71 601.8339 579.97 579.97 579.97 668.2562 667.42 667.42 661.9606 768.17 768.17 768.17 762.337 761.65 761.65 757.0712 846.15 846.15 846.15 928.3839 938.07 938.07 938.07 857.2747 858.04 858.04 734.6891 720.16 720.16 720.16 538.4993 540.22 540.22 487.0882 480.83 480.83 480.83 435.6157 430.29 430.29 431.4821 408.29 408.29 408.29 447.0183 451.58 451.58 450.118 478.56 478.56 478.56 456.1497 453.51 453.51 453.51 489.3394 489 489 470.186 467.97 467.97 467.97 485.7383 485.57 -9999 -9999 -9999 -9999 -9999 -9999 -9999 -9999
566.94 566.94 566.94 698.3446 697.1 697.1 697.7887 684.39 684.39 684.39 627.3396 627.88 627.88 620.4899 764.26 764.26 764.26 866.614 878.67 878.67 876.3139 922.15 922.15 922.15 874.6544 869.06 869.06 869.06 748.2355 749.38 749.38 697.2949 691.16 691.16 691.16 644.3751 540.22 540.22 487.0882 480.83 480.83 480.83 435.6157 430.29 430.29 431.4821 408.29 408.29 408.29 447.0183 451.58 451.58 450.118 478.56 478.56 478.56 456.1497 453.51 453.51 453.51 489.3394 489 489 470.186 467.97 467.97 467.97 485.7383 485.57 -9999 -9999 -9999 -9999 -9999 -9999 -9999 -9999
566.94 566.94 566.94 698.3446 697.1 697.1 697.7887 684.39 684.39 684.39 627.3396 627.88 627.88 620.4899 764.26 764.26 764.26 866.614 878.67 878.67 876.3139 922.15 922.15 922.15 874.6544 869.06 869.06 875.5452 749.38 749.38 749.38 697.2949 691.16 691.16 691.16 638.9959 639.49 639.49 558.3028 548.74 548.74 548.74 461.4028 462.23 462.23 464.5162 420.04 420.04 420.04 427.5906 428.48 428.48 428.3072 431.67 431.67 431.67 474.1322 473.73 473.73 473.73 509.7209 509.38 509.38 471.1079 466.6 466.6 466.6 484.3481 484.18 -9999 -9999 -9999 -9999 -9999 -9999 -9999 -9999
566.94 566.94 566.94 698.3446 697.1 697.1 697.7887 684.39 684.39 684.39 627.3396 627.88 627.88 749.889 764.26 764.26 764.26 866.614 878.67 878.67 876.3139 922.15 922.15 922.15 874.6544 869.06 869.06 875.5452 749.38 749.38 749.38 697.2949 691.16 691.16 691.16 638.9959 639.49 639.49 558.3028 548.74 548.74 548.74 461.4028 462.23 462.23 464.5162 420.04 420.04 420.04 427.5906 428.48 428.48 428.3072 431.67 431.67 431.67 474.1322 473.73 473.73 473.73 509.7209 509.38 509.38 471.1079 466.6 466.6 466.6 484.3481 484.18 -9999 -9999 -9999 -9999 -9999 -9999 -9999 -9999
566.94 566.94 566.94 698.3446 697.1 697.1 697.7887 684.39 684.39 684.39 627.3396 627.88 627.88 749.889 764.26 764.26 764.26 866.614 878.67 878.67 876.3139 922.15 922.15 922.15 874.6544 869.06 869.06 875.5452 749.38 749.38 749.38 697.2949 691.16 691.16 691.16 638.9959 639.49 639.49 558.3028 548.74 548.74 548.74 461.4028 462.23 462.23 464.5162 420.04 420.04 420.04 427.5906 428.48 428.48 428.3072 431.67 431.67 431.67 474.1322 473.73 473.73 473.73 509.7209 509.38 509.38 471.1079 466.6 466.6 466.6 484.3481 484.18 -9999 -9999 -9999 -9999 -9999 -9999 -9999 -9999
530.19 530.19 520.8671 702.24 702.24 702.24 692.5204 881.61 881.61 881.61 741.2707 742.6 742.6 678.7416 765.1497 764.26 764.26 866.614 878.67 878.67 876.3139 922.15 922.15 922.15 874.6544 869.06 869.06 875.5452 749.38 749.38 749.38 697.2949 691.16 691.16 691.16 638.9959 639.49 639.49 558.3028 548.74 548.74 548.74 461.4028 462.23 462.23 464.5162 420.04 420.04 420.04 427.5906 428.48 428.48 428.3072 431.67 431.67 431.67 474.1322 473.73 473.73 471.7982 509.38 509.38 509.38 471.1079 466.6 466.6 466.6 484.3481 484.18 -9999 -9999 -9999 -9999 -9999 -9999 -9999 -9999
530.19 530.19 520.8671 702.24 702.24 702.24 692.5204 881.61 881.61 881.61 741.2707 742.6 742.6 678.7416 671.22 671.22 671.22 765.2405 764.35 764.35 754.2657 950.45 950.45 950.45 925.481 922.54 922.54 921.653 938.91 938.91 938.91 872.2385 872.87 872.87 872.87 683.9304 685.72 685.72 578.5797 565.96 565.96 565.96 555.4403 555.54 555.54 537.8354 535.75 535.75 535.75 572.7696 577.13 577.13 583.412 461.2 461.2 461.2 474.1322 473.73 473.73 471.7982 509.38 509.38 509.38 471.1079 466.6 466.6 466.6 484.3481 484.18 -9999 -9999 -9999 -9999 -9999 -9999 -9999 -9999
530.19 530.19 520.8671 702.24 702.24 702.24 692.5204 881.61 881.61 881.61 741.2707 742.6 742.6 678.7416 671.22 671.22 671.22 765.2405 764.35 764.35 754.2657 950.45 950.45 950.45 925.481 922.54 922.54 921.653 938.91 938.91 938.91 872.2385 872.87 872.87 872.87 683.9304 685.72 685.72 578.5797 565.96 565.96 565.96 555.4403 555.54 555.54 537.8354 535.75 535.75 535.75 572.7696 577.13 577.13 583.412 461.2 461.2 461.2 444.5725 444.73 444.73 444.9744 440.22 440.22 440.22 500.3925 507.48 507.48 507.48 530.0942 529.88 -9999 -9999 -9999 -9999 -9999 -9999 -9999 -9999
530.19 530.19 520.8671 702.24 702.24 702.24 692.5204 881.61 881.61 881.61 741.2707 742.6 742.6 678.7416 671.22 671.22 671.22 765.2405 764.35 764.35 754.2657 950.45 950.45 950.45 925.481 922.54 922.54 921.653 938.91 938.91 938.91 872.2385 872.87 872.87 872.87 683.9304 685.72 685.72 578.5797 565.96 565.96 565.96 555.4403 555.54 555.54 537.8354 535.75 535.75 535.75 572.7696 577.13 577.13 583.412 461.2 461.2 461.2 444.5725 444.73 444.73 444.9744 440.22 440.22 440.22 500.3925 507.48 507.48 507.48 530.0942 529.88 -9999 -9999 -9999 -9999 -9999 -9999 -9999 -9999
530.19 530.19 520.8671 702.24 702.24 702.24 862.7089 881.61 881.61 881.61 741.2707 742.6 742.6 678.7416 671.22 671.22 671.22 765.2405 764.35 764.35 930.8397 950.45 950.45 950.45 925.481 922.54 922.54 921.653 938.91 938.91 938.91 872.2385 872.87 872.87 883.0112 685.72 685.72 685.72 578.5797 565.96 565.96 565.96 555.4403 555.54 555.54 537.8354 535.75 535.75 535.75 577.5257 577.13 577.13 583.412 461.2 461.2 461.2 444.5725 444.73 444.73 444.9744 440.22 440.22 440.22 500.3925 507.48 507.48 507.48 530.0942 529.88 -9999 -9999 -9999 -9999 -9999 -9999 -9999 -9999
670.96 670.96 663.7092 804.77 804.77 804.77 903.8318 915.5 915.5 915.5 874.6733 875.06 875.06 875.0958 875.1 875.1 875.1 868.9013 868.96 868.96 938.2666 946.43 946.43 946.43 892.8151 886.5 886.5 892.0976 783.2 783.2 783.2 671.9554 872.87 872.87 883.0112 685.72 685.72 685.72 578.5797 565.96 565.96 565.96 555.4403 555.54 555.54 537.8354 535.75 535.75 535.75 577.5257 577.13 577.13 583.412 461.2 461.2 461.2 444.5725 444.73 444.73 444.9744 440.22 440.22 440.22 508.1232 507.48 507.48 507.48 530.0942 529.88 -9999 -9999 -9999 -9999 -9999 -9999 -9999 -9999
670.96 670.96 663.7092 804.77 804.77 804.77 903.8318 915.5 915.5 915.5 874.6733 875.06 875.06 875.0958 875.1 875.1 875.1 868.9013 868.96 868.96 938.2666 946.43 946.43 946.43 892.8151 886.5 886.5 892.0976 783.2 783.2 783.2 682.2336 683.19 683.19 690.566 547.07 547.07 547.07 462.9037 452.99 452.99 452.99 471.778 471.6 471.6 561.4114 571.99 571.99 571.99 574.3524 574.33 574.33 582.5752 422.17 422.17 422.17 331.5012 332.36 332.36 331.6984 344.57 344.57 344.57 459.6702 458.58 458.58 458.58 437.4398 437.64 -9999 -9999 -9999 -9999 -9999 -9999 -9999 -9999
670.96 670.96 663.7092 804.77 804.77 804.77 903.8318 915.5 915.5 917.6913 875.06 875.06 875.06 875.0958 875.1 875.1 875.1 868.9013 868.96 868.96 938.2666 946.43 946.43 946.43 885.9269 886.5 886.5 892.0976 783.2 783.2 783.2 682.2336 683.19 683.19 690.566 547.07 547.07 547.07 462.9037 452.99 452.99 452.99 471.778 471.6 471.6 561.4114 571.99 571.99 571.99 574.3524 574.33 574.33 582.5752 422.17 422.17 422.17 331.5012 332.36 332.36 331.6984 344.57 344.57 344.57 459.6702 458.58 458.58 458.58 437.4398 437.64 -9999 -9999 -9999 -9999 -9999 -9999 -9999 -9999
670.96 670.96 663.7092 804.77 804.77 804.77 903.8318 915.5 915.5 917.6913 875.06 875.06 875.06 875.0958 875.1 875.1 875.1 868.9013 868.96 868.96 938.2666 946.43 946.43 946.43 885.9269 886.5 886.5 892.0976 783.2 783.2 783.2 682.2336 683.19 683.19 690.566 547.07 547.07 547.07 452.0904 452.99 452.99 452.99 471.778 471.6 471.6 561.4114 571.99 571.99 571.99 574.3524 574.33 574.33 438.2039 422.17 422.17 422.17 331.5012 332.36 332.36 331.6984 344.57 344.57 344.57 459.6702 458.58 458.58 458.58 437.4398 437.64 -9999 -9999 -9999 -9999 -9999 -9999 -9999 -9999
670.96 670.96 663.7092 804.77 804.77 804.77 903.8318 915.5 915.5 917.6913 875.06 875.06 875.06 875.0958 875.1 875.1 875.1 868.9013 868.96 868.96 938.2666 946.43 946.43 946.43 885.9269 886.5 886.5 892.0976 783.2 783.2 783.2 682.2336 683.19 683.19 690.566 547.07 547.07 547.07 452.0904 452.99 452.99 452.99 471.778 471.6 471.6 561.4114 571.99 571.99 571.99 574.3524 574.33 574.33 438.2039 422.17 422.17 422.17 331.5012 332.36 332.36 331.6984 344.57 344.57 344.57 459.6702 458.58 458.58 459.7147 437.64 437.64 -9999 -9999 -9999 -9999 -9999 -9999 -9999 -9999
856.85 856.85 857.0331 853.47 853.47 853.47 851.3856 851.14 851.14 850.2762 867.08 867.08 867.08 859.5588 859.63 859.63 859.63 899.6895 899.31 899.31 925.451 928.53 928.53 928.53 854.8723 855.57 855.57 866.3062 657.44 657.44 657.44 511.1645 512.55 512.55 517.383 423.36 423.36 423.36 350.833 351.52 351.52 351.52 333.9435 334.11 334.11 349.9091 351.77 351.77 351.77 352.7998 352.79 340.7853 438.2039 422.17 422.17 422.17 331.5012 332.36 332.36 331.6984 344.57 344.57 344.57 459.6702 458.58 458.58 459.7147 437.64 437.64 -9999 -9999 -9999 -9999 -9999 -9999 -9999 -9999
856.85 856.85 857.0331 853.47 853.47 853.47 851.3856 851.14 851.14 850.2762 867.08 867.08 867.08 859.5588 859.63 859.63 859.63 899.6895 899.31 899.31 925.451 928.53 928.53 928.53 854.8723 855.57 855.57 678.3179 657.44 657.44 657.44 511.1645 512.55 512.55 517.383 423.36 423.36 423.36 350.833 351.52 351.52 352.4634 334.11 334.11 334.11 349.9091 351.77 351.77 351.77 352.7998 352.79 352.79 303.6482 297.86 297.86 297.86 272.7421 272.98 272.98 271.7424 295.82 295.82 295.82 364.1775 363.53 363.53 364.7552 340.92 340.92 -9999 -9999 -9999 -9999 -9999 -9999 -9999 -9999
856.85 856.85 853.8723 853.47 853.47 853.47 851.4174 851.14 851.14 851.14 867.08 867.08 867.08 859.63 859.63 859.63 859.63 899.31 899.31 899.31 925.0517 928.53 928.53 928.53 855.57 855.57 855.57 681.0253 657.44 657.44 657.44 512.55 512.55 512.55 512.55 423.36 423.36 423.36 351.52 351.52 351.52 351.52 334.11 334.11 334.11 349.6678 351.77 351.77 351.77 352.79 352.79 352.79 304.3988 297.86 297.86 297.86 272.98 272.98 272.98 272.98 295.82 295.82 295.82 363.53 363.53 363.53 363.53 340.92 340.92 -9999 -9999 -9999 -9999 -9999 -9999 -9999 -9999
-9999 -9999 -9999 -9999 -9999 -9999 -9999 -9999 -9999 -9999 -9999 -9999 -9999 -9999 -9999 -9999 -9999 -9999 -9999 -9999 -9999 -9999 -9999 -9999 -9999 -9999 -9999 -9999 -9999 -9999 -9999 -9999 -9999 -9999 -9999 -9999 -9999 -9999 -9999 -9999 -9999 -9999 -9999 -9999 -9999 -9999 -9999 -9999 -9999 -9999 -9999 -9999 -9999 -9999 -9999 -9999 -9999 -9999 -9999 -9999 -9999 -9999 -9999 -9999 -9999 -9999 -9999 -9999 -9999 -9999 -9999 -9999 -9999 -9999 -9999 -9999 -9999
-9999 -9999 -9999 -9999 -9999 -9999 -9999 -9999 -9999 -9999 -9999 -9999 -9999 -9999 -9999 -9999 -9999 -9999 -9999 -9999 -9999 -9999 -9999 -9999 -9999 -9999 -9999 -9999 -9999 -9999 -9999 -9999 -9999 -9999 -9999 -9999 -9999 -9999 -9999 -9999 -9999 -9999 -9999 -9999 -9999 -9999 -9999 -9999 -9999 -9999 -9999 -9999 -9999 -9999 -9999 -9999 -9999 -9999 -9999 -9999 -9999 -9999 -9999 -9999 -9999 -9999 -9999 -9999 -9999 -9999 -9999 -9999 -9999 -9999 -9999 -9999 -9999
-9999 -9999 -9999 -9999 -9999 -9999 -9999 -9999 -9999 -9999 -9999 -9999 -9999 -9999 -9999 -9999 -9999 -9999 -9999 -9999 -9999 -9999 -9999 -9999 -9999 -9999 -9999 -9999 -9999 -9999 -9999 -9999 -9999 -9999 -9999 -9999 -9999 -9999 -9999 -9999 -9999 -9999 -9999 -9999 -9999 -9999 -9999 -9999 -9999 -9999 -9999 -9999 -9999 -9999 -9999 -9999 -9999 -9999 -9999 -9999 -9999 -9999 -9999 -9999 -9999 -9999 -9999 -9999 -9999 -9999 -9999 -9999 -9999 -9999 -9999 -9999 -9999
-9999 -9999 -9999 -9999 -9999 -9999 -9999 -9999 -9999 -9999 -9999 -9999 -9999 -9999 -9999 -9999 -9999 -9999 -9999 -9999 -9999 -9999 -9999 -9999 -9999 -9999 -9999 -9999 -9999 -9999 -9999 -9999 -9999 -9999 -9999 -9999 -9999 -9999 -9999 -9999 -9999 -9999 -9999 -9999 -9999 -9999 -9999 -9999 -9999 -9999 -9999 -9999 -9999 -9999 -9999 -9999 -9999 -9999 -9999 -9999 -9999 -9999 -9999 -9999 -9999 -9999 -9999 -9999 -9999 -9999 -9999 -9999 -9999 -9999 -9999 -9999 -9999
-9999 -9999 -9999 -9999 -9999 -9999 -9999 -9999 -9999 -9999 -9999 -9999 -9999 -9999 -9999 -9999 -9999 -9999 -9999 -9999 -9999 -9999 -9999 -9999 -9999 -9999 -9999 -9999 -9999 -9999 -9999 -9999 -9999 -9999 -9999 -9999 -9999 -9999 -9999 -9999 -9999 -9999 -9999 -9999 -9999 -9999 -9999 -9999 -9999 -9999 -9999 -9999 -9999 -9999 -9999 -9999 -9999 -9999 -9999 -9999 -9999 -9999 -9999 -9999 -9999 -9999 -9999 -9999 -9999 -9999 -9999 -9999 -9999 -9999 -9999 -9999 -9999
-9999 -9999 -9999 -9999 -9999 -9999 -9999 -9999 -9999 -9999 -9999 -9999 -9999 -9999 -9999 -9999 -9999 -9999 -9999 -9999 -9999 -9999 -9999 -9999 -9999 -9999 -9999 -9999 -9999 -9999 -9999 -9999 -9999 -9999 -9999 -9999 -9999 -9999 -9999 -9999 -9999 -9999 -9999 -9999 -9999 -9999 -9999 -9999 -9999 -9999 -9999 -9999 -9999 -9999 -9999 -9999 -9999 -9999 -9999 -9999 -9999 -9999 -9999 -9999 -9999 -9999 -9999 -9999 -9999 -9999 -9999 -9999 -9999 -9999 -9999 -9999 -9999
-9999 -9999 -9999 -9999 -9999 -9999 -9999 -9999 -9999 -9999 -9999 -9999 -9999 -9999 -9999 -9999 -9999 -9999 -9999 -9999 -9999 -9999 -9999 -9999 -9999 -9999 -9999 -9999 -9999 -9999 -9999 -9999 -9999 -9999 -9999 -9999 -9999 -9999 -9999 -9999 -9999 -9999 -9999 -9999 -9999 -9999 -9999 -9999 -9999 -9999 -9999 -9999 -9999 -9999 -9999 -9999 -9999 -9999 -9999 -9999 -9999 -9999 -9999 -9999 -9999 -9999 -9999 -9999 -9999 -9999 -9999 -9999 -9999 -9999 -9999 -9999 -9999
-9999 -9999 -9999 -9999 -9999 -9999 -9999 -9999 -9999 -9999 -9999 -9999 -9999 -9999 -9999 -9999 -9999 -9999 -9999 -9999 -9999 -9999 -9999 -9999 -9999 -9999 -9999 -9999 -9999 -9999 -9999 -9999 -9999 -9999 -9999 -9999 -9999 -9999 -9999 -9999 -9999 -9999 -9999 -9999 -9999 -9999 -9999 -9999 -9999 -9999 -9999 -9999 -9999 -9999 -9999 -9999 -9999 -9999 -9999 -9999 -9999 -9999 -9999 -9999 -9999 -9999 -9999 -9999 -9999 -9999 -9999 -9999 -9999 -9999 -9999 -9999 -9999
-9999 -9999 -9999 -9999 -9999 -9999 -9999 -9999 -9999 -9999 -9999 -9999 -9999 -9999 -9999 -9999 -9999 -9999 -9999 -9999 -9999 -9999 -9999 -9999 -9999 -9999 -9999 -9999 -9999 -9999 -9999 -9999 -9999 -9999 -9999 -9999 -9999 -9999 -9999 -9999 -9999 -9999 -9999 -9999 -9999 -9999 -9999 -9999 -9999 -9999 -9999 -9999 -9999 -9999 -9999 -9999 -9999 -9999 -9999 -9999 -9999 -9999 -9999 -9999 -9999 -9999 -9999 -9999 -9999 -9999 -9999 -9999 -9999 -9999 -9999 -9999 -9999
