Model and model input files/precip_1999.asc
ncols         625
nrows         453
xllcorner     138621.56993419
yllcorner     4094031.9406744
cellsize      1000
NODATA_value  -9999
[rows 34 to 67 of 453, columns 154 to 230 of 625]
677.35 759.244 768.89 768.89 768.89 943.5645 941.91 941.91 1059.195 1073.01 1073.01 1073.01 865.8328 841.43 841.43 843.8115 797.48 797.48 797.48 769.3637 769.63 769.63 772.5778 715.23 715.23 715.23 707.8905 707.96 707.96 694.1075 963.6 963.6 963.6 1018.026 1017.51 1017.51 1017.51 753.1965 755.7 755.7 660.9771 649.82 649.82 649.82 624.16 624.16 624.16 600.9534 598.22 598.22 599.5839 573.05 573.05 573.05 692.2319 706.27 706.27 693.0168 950.85 950.85 950.85 1322.218 1365.96 1365.96 1365.96 1546.52 1544.81 1544.81 1302.402 -9999 -9999 -9999 -9999 -9999 -9999 -9999 -9999
661.0158 759.244 768.89 768.89 768.89 943.5645 941.91 941.91 1059.195 1073.01 1073.01 1073.01 865.8328 841.43 841.43 843.8115 797.48 797.48 797.48 769.3637 769.63 769.63 772.5778 715.23 715.23 715.23 707.8905 707.96 707.96 694.1075 963.6 963.6 963.6 1018.026 1017.51 1017.51 1031.697 755.7 755.7 755.7 660.9771 649.82 649.82 649.82 624.16 624.16 624.16 600.9534 598.22 598.22 599.5839 573.05 573.05 573.05 692.2319 706.27 706.27 693.0168 950.85 950.85 950.85 1322.218 1365.96 1365.96 1365.96 1546.52 1544.81 1544.81 1302.402 -9999 -9999 -9999 -9999 -9999 -9999 -9999 -9999
522.34 563.3406 568.17 568.17 568.17 641.9993 641.3 641.3 658.942 661.02 661.02 661.02 639.3649 639.57 639.57 639.8301 634.77 634.77 634.77 658.7573 658.53 658.53 652.6089 767.8 767.8 767.8 768.0726 768.07 768.07 762.8718 864 864 864 798.0251 798.65 798.65 803.8065 703.49 755.7 755.7 660.9771 649.82 649.82 649.82 624.16 624.16 624.16 600.9534 598.22 598.22 599.5839 573.05 573.05 573.05 692.2319 706.27 706.27 693.0168 950.85 950.85 950.85 1322.218 1365.96 1365.96 1356.269 1544.81 1544.81 1544.81 1302.402 -9999 -9999 -9999 -9999 -9999 -9999 -9999 -9999
522.34 563.3406 568.17 568.17 568.17 641.9993 641.3 641.3 658.942 661.02 661.02 661.02 639.3649 639.57 639.57 639.8301 634.77 634.77 634.77 658.7573 658.53 658.53 652.6089 767.8 767.8 767.8 768.0726 768.07 768.07 762.8718 864 864 864 798.0251 798.65 798.65 803.8065 703.49 703.49 703.49 567.2798 568.57 568.57 568.57 531.01 531.01 531.01 571.8765 576.69 576.69 572.2466 658.69 658.69 658.69 935.4959 968.1 968.1 944.6812 1400.28 1400.28 1400.28 1525.232 1539.95 1539.95 1541.124 1518.28 1518.28 1518.28 1220.853 -9999 -9999 -9999 -9999 -9999 -9999 -9999 -9999
522.34 563.3406 568.17 568.17 568.17 641.9993 641.3 641.3 658.942 661.02 661.02 661.02 639.3649 639.57 639.57 635.2758 634.77 634.77 634.77 658.7573 658.53 658.53 652.6089 767.8 767.8 767.8 768.0726 768.07 768.07 762.8718 864 864 864 798.0251 798.65 798.65 803.8065 703.49 703.49 703.49 567.2798 568.57 568.57 568.57 531.01 531.01 531.01 571.8765 576.69 576.69 572.2466 658.69 658.69 658.69 935.4959 968.1 968.1 944.6812 1400.28 1400.28 1400.28 1525.232 1539.95 1539.95 1541.124 1518.28 1518.28 1518.28 1182.641 -9999 -9999 -9999 -9999 -9999 -9999 -9999 -9999
522.34 563.3406 568.17 568.17 568.17 641.9993 641.3 641.3 658.942 661.02 661.02 661.02 639.3649 639.57 639.57 635.2758 634.77 634.77 634.77 658.53 658.53 658.53 652.6089 767.8 767.8 767.8 768.0726 768.07 768.07 762.8718 864 864 864 798.0251 798.65 798.65 803.8065 703.49 703.49 703.49 567.2798 568.57 568.57 570.6053 531.01 531.01 531.01 571.8765 576.69 576.69 572.2466 658.69 658.69 658.69 935.4959 968.1 968.1 944.6812 1400.28 1400.28 1400.28 1525.232 1539.95 1539.95 1541.124 1518.28 1518.28 1518.28 1182.641 -9999 -9999 -9999 -9999 -9999 -9999 -9999 -9999
433.26 486.1323 492.36 492.36 492.36 519.0125 518.76 518.76 554.044 558.2 558.2 558.2 556.4534 556.47 556.47 573.772 628.5571 634.77 634.77 658.53 658.53 658.53 652.6089 767.8 767.8 767.8 768.0726 768.07 768.07 762.8718 864 864 864 798.0251 798.65 798.65 803.8065 703.49 703.49 703.49 567.2798 568.57 568.57 570.6053 531.01 531.01 531.01 571.8765 576.69 576.69 572.2466 658.69 658.69 658.69 935.4959 968.1 968.1 944.6812 1400.28 1400.28 1400.28 1525.232 1539.95 1539.95 1541.124 1518.28 1518.28 1518.28 1182.641 -9999 -9999 -9999 -9999 -9999 -9999 -9999 -9999
433.26 486.1323 492.36 492.36 492.36 519.0125 518.76 518.76 554.044 558.2 558.2 558.2 556.4534 556.47 556.47 573.772 575.81 575.81 575.81 614.53 614.53 614.53 690.26 699.18 699.18 699.18 845.2435 843.86 843.86 842.6993 865.28 865.28 865.28 641.7023 643.82 643.82 645.6754 609.58 609.58 609.58 552.6508 553.19 553.19 550.6285 600.46 600.46 600.46 642.6496 642.25 642.25 632.7049 818.4 818.4 818.4 1185.688 1228.95 1228.95 1219.666 1400.28 1400.28 1400.28 1525.232 1539.95 1539.95 1541.124 1518.28 1518.28 1518.28 1182.641 -9999 -9999 -9999 -9999 -9999 -9999 -9999 -9999
433.26 486.1323 492.36 492.36 492.36 519.0125 518.76 518.76 554.044 558.2 558.2 558.2 556.4534 556.47 556.47 573.772 575.81 575.81 575.81 614.53 614.53 614.53 690.26 699.18 699.18 699.18 845.2435 843.86 843.86 842.6993 865.28 865.28 865.28 641.7023 643.82 643.82 645.6754 609.58 609.58 609.58 552.6508 553.19 553.19 550.6285 600.46 600.46 600.46 642.6496 642.25 642.25 632.7049 818.4 818.4 818.4 1185.688 1228.95 1228.95 1208.294 1610.14 1610.14 1610.14 1724.062 1737.48 1737.48 1747.665 1549.52 1549.52 1549.52 1238.221 -9999 -9999 -9999 -9999 -9999 -9999 -9999 -9999
433.26 492.9251 492.36 492.36 492.36 519.0125 518.76 518.76 554.044 558.2 558.2 558.2 556.4534 556.47 556.47 573.772 575.81 575.81 575.81 614.53 614.53 614.53 690.26 699.18 699.18 691.3401 843.86 843.86 843.86 842.6993 865.28 865.28 865.28 641.7023 643.82 643.82 645.6754 609.58 609.58 609.58 552.6508 553.19 553.19 550.6285 600.46 600.46 600.46 642.6496 642.25 642.25 799.8382 818.4 818.4 818.4 1185.688 1228.95 1228.95 1208.294 1610.14 1610.14 1610.14 1724.062 1737.48 1737.48 1747.665 1549.52 1549.52 1549.52 1238.221 -9999 -9999 -9999 -9999 -9999 -9999 -9999 -9999
433.26 492.9251 492.36 492.36 490.9294 518.76 518.76 518.76 554.044 558.2 558.2 558.2 556.4534 556.47 556.47 573.772 575.81 575.81 575.81 614.53 614.53 614.53 690.26 699.18 699.18 691.3401 843.86 843.86 843.86 842.6993 865.28 865.28 865.28 641.7023 643.82 643.82 645.6754 609.58 609.58 609.58 552.6508 553.19 553.19 550.6285 600.46 600.46 600.46 642.6496 642.25 642.25 799.8382 818.4 818.4 818.4 1185.688 1228.95 1228.95 1208.294 1610.14 1610.14 1610.14 1724.062 1737.48 1737.48 1747.665 1549.52 1549.52 1549.52 1238.221 -9999 -9999 -9999 -9999 -9999 -9999 -9999 -9999
402.31 442.0767 441.7 441.7 439.7477 477.73 477.73 477.73 494.7905 496.8 496.8 496.8 508.7532 508.64 508.64 518.0604 519.17 519.17 519.17 566.03 566.03 566.03 611.9421 617.35 617.35 611.7297 721.07 721.07 721.07 676.9113 671.71 671.71 671.71 562.5359 644.5874 643.82 645.6754 609.58 609.58 609.58 552.6508 553.19 553.19 550.6285 600.46 600.46 600.46 642.6496 642.25 642.25 799.8382 818.4 818.4 818.4 1232.876 1228.95 1228.95 1208.294 1610.14 1610.14 1610.14 1724.062 1737.48 1737.48 1747.665 1549.52 1549.52 1549.52 1238.221 -9999 -9999 -9999 -9999 -9999 -9999 -9999 -9999
402.31 442.0767 441.7 441.7 439.7477 477.73 477.73 477.73 496.9823 496.8 496.8 496.8 508.7532 508.64 508.64 518.0604 519.17 519.17 519.17 566.03 566.03 566.03 611.9421 617.35 617.35 611.7297 721.07 721.07 721.07 676.9113 671.71 671.71 671.71 562.5359 563.57 563.57 564.1341 553.16 553.16 553.16 530.9496 531.16 531.16 527.8383 592.46 592.46 592.46 655.2043 654.61 654.61 853.0646 876.44 876.44 876.44 1142.964 1140.44 1140.44 1123.395 1454.99 1454.99 1454.99 1623.636 1643.5 1643.5 1649.768 1527.83 1527.83 1527.83 1137.997 -9999 -9999 -9999 -9999 -9999 -9999 -9999 -9999
402.31 442.0767 441.7 441.7 439.7477 477.73 477.73 477.73 496.9823 496.8 496.8 496.8 508.7532 508.64 508.64 518.0604 519.17 519.17 519.17 566.03 566.03 566.03 611.9421 617.35 617.35 611.7297 721.07 721.07 721.07 676.9113 671.71 671.71 677.5699 563.57 563.57 563.57 564.1341 553.16 553.16 553.16 530.9496 531.16 531.16 527.8383 592.46 592.46 592.46 655.2043 654.61 654.61 853.0646 876.44 876.44 876.44 1142.964 1140.44 1140.44 1421.844 1454.99 1454.99 1454.99 1623.636 1643.5 1643.5 1649.768 1527.83 1527.83 1527.83 1137.997 -9999 -9999 -9999 -9999 -9999 -9999 -9999 -9999
402.31 442.0767 441.7 441.7 439.7477 477.73 477.73 477.73 496.9823 496.8 496.8 496.1584 508.64 508.64 508.64 518.0604 519.17 519.17 519.17 566.03 566.03 566.03 611.9421 617.35 617.35 611.7297 721.07 721.07 721.07 676.9113 671.71 671.71 677.5699 563.57 563.57 563.57 564.1341 553.16 553.16 553.16 530.9496 531.16 531.16 527.8383 592.46 592.46 592.46 655.2043 654.61 654.61 853.0646 876.44 876.44 876.44 1142.964 1140.44 1140.44 1421.844 1454.99 1454.99 1454.99 1623.636 1643.5 1643.5 1649.768 1527.83 1527.83 1527.83 1137.997 -9999 -9999 -9999 -9999 -9999 -9999 -9999 -9999
408.15 442.0208 441.7 441.7 439.7477 477.73 477.73 477.73 496.9823 496.8 496.8 496.1584 508.64 508.64 508.64 518.0604 519.17 519.17 519.17 566.03 566.03 566.03 611.9421 617.35 617.35 611.7297 721.07 721.07 721.07 676.9113 671.71 671.71 677.5699 563.57 563.57 563.57 554.257 553.16 553.16 553.16 530.9496 531.16 531.16 527.8383 592.46 592.46 592.46 655.2043 654.61 654.61 853.0646 876.44 876.44 876.44 1142.964 1140.44 1140.44 1421.844 1454.99 1454.99 1454.99 1623.636 1643.5 1643.5 1649.768 1527.83 1527.83 1527.83 1137.997 -9999 -9999 -9999 -9999 -9999 -9999 -9999 -9999
408.15 449.1181 448.73 448.73 448.244 457.7 457.7 457.7 481.1723 480.95 480.95 479.9156 500.04 500.04 500.04 534.3853 534.06 534.06 534.06 553.06 553.06 553.06 613.1788 620.26 620.26 615.0922 715.63 715.63 715.63 669.19 663.72 663.72 667.0785 601.74 601.74 601.74 569.8109 566.05 566.05 566.05 559.6898 559.75 559.75 560.7275 541.71 541.71 541.71 632.086 631.23 631.23 863.5104 890.87 890.87 891.6519 1142.964 1140.44 1140.44 1421.844 1454.99 1454.99 1454.99 1645.303 1643.5 1643.5 1649.768 1527.83 1527.83 1527.83 1137.997 -9999 -9999 -9999 -9999 -9999 -9999 -9999 -9999
408.15 449.1181 448.73 448.73 448.244 457.7 457.7 457.7 481.1723 480.95 480.95 479.9156 500.04 500.04 500.04 534.3853 534.06 534.06 534.06 553.06 553.06 553.06 613.1788 620.26 620.26 615.0922 715.63 715.63 715.63 669.19 663.72 663.72 667.0785 601.74 601.74 601.74 569.8109 566.05 566.05 566.3914 559.75 559.75 559.75 560.7275 541.71 541.71 541.71 632.086 631.23 631.23 863.5104 890.87 890.87 890.87 1186.944 1184.14 1184.14 1362.564 1383.58 1383.58 1383.58 1499.145 1498.05 1498.05 1516.802 1152 1152 1152 827.9304 -9999 -9999 -9999 -9999 -9999 -9999 -9999 -9999
408.15 449.1181 448.73 448.73 448.244 457.7 457.7 457.7 481.1723 480.95 480.95 479.9156 500.04 500.04 500.04 534.3853 534.06 534.06 533.0305 553.06 553.06 553.06 613.1788 620.26 620.26 615.0922 715.63 715.63 715.63 669.19 663.72 663.72 667.0785 601.74 601.74 601.74 569.8109 566.05 566.05 566.3914 559.75 559.75 559.75 560.7275 541.71 541.71 541.71 632.086 631.23 631.23 863.5104 890.87 890.87 890.87 1186.944 1184.14 1184.14 1362.564 1383.58 1383.58 1383.58 1499.145 1498.05 1498.05 1188.465 1152 1152 1152 827.9304 -9999 -9999 -9999 -9999 -9999 -9999 -9999 -9999
408.15 449.1181 448.73 448.73 448.244 457.7 457.7 457.7 481.1723 480.95 480.95 479.9156 500.04 500.04 500.04 534.3853 534.06 534.06 533.0305 553.06 553.06 553.06 613.1788 620.26 620.26 615.0922 715.63 715.63 715.63 669.19 663.72 663.72 667.0785 601.74 601.74 601.74 569.8109 566.05 566.05 566.3914 559.75 559.75 559.75 543.611 541.71 541.71 541.71 632.086 631.23 631.23 863.5104 890.87 890.87 890.87 1186.944 1184.14 1184.14 1362.564 1383.58 1383.58 1383.58 1499.145 1498.05 1498.05 1188.465 1152 1152 1152 827.9304 -9999 -9999 -9999 -9999 -9999 -9999 -9999 -9999
400.27 412.37 412.37 412.37 409.5837 463.79 463.79 463.79 516.893 516.39 516.39 515.6677 529.72 529.72 529.72 530.7598 530.75 530.5706 533.0305 553.06 553.06 553.06 620.9026 620.26 620.26 615.0922 715.63 715.63 715.63 669.19 663.72 663.72 667.0785 601.74 601.74 601.74 569.8109 566.05 566.05 566.3914 559.75 559.75 559.75 543.611 541.71 541.71 541.71 632.086 631.23 631.23 863.5104 890.87 890.87 890.87 1186.944 1184.14 1184.14 1362.564 1383.58 1383.58 1383.58 1499.145 1498.05 1498.05 1188.465 1152 1152 1152 827.9304 -9999 -9999 -9999 -9999 -9999 -9999 -9999 -9999
400.27 412.37 412.37 412.37 409.5837 463.79 463.79 463.79 516.893 516.39 516.39 515.6677 529.72 529.72 529.72 530.7598 530.75 530.75 531.4008 518.74 518.74 518.74 562.5046 562.09 562.09 558.5342 627.71 627.71 627.71 647.4544 649.78 649.78 650.2753 640.64 640.64 640.64 571.8792 563.78 563.78 564.9196 542.75 542.75 542.75 522.7194 520.36 520.36 520.36 556.9465 556.6 556.6 693.3524 709.46 709.46 709.46 897.5314 895.75 895.75 1107.588 1132.54 1357.127 1383.58 1499.145 1498.05 1498.05 1188.465 1152 1152 1152 831 -9999 -9999 -9999 -9999 -9999 -9999 -9999 -9999
400.27 412.37 412.37 412.37 458.3716 463.79 463.79 463.79 516.893 516.39 516.39 515.6677 529.72 529.72 529.72 530.7598 530.75 530.75 531.4008 518.74 518.74 518.74 562.5046 562.09 562.09 620.7953 627.71 627.71 627.71 647.4544 649.78 649.78 650.2753 640.64 640.64 640.64 571.8792 563.78 563.78 564.9196 542.75 542.75 542.75 522.7194 520.36 520.36 518.3962 556.6 556.6 556.6 693.3524 709.46 709.46 709.46 897.5314 895.75 895.75 1107.588 1132.54 1132.54 1132.54 1351.191 1349.12 1349.12 1249.665 1237.95 1237.95 1237.95 811.1 -9999 -9999 -9999 -9999 -9999 -9999 -9999 -9999
400.27 412.37 412.37 412.37 458.3716 463.79 463.79 463.79 516.893 516.39 516.39 515.6677 529.72 529.72 529.72 530.7598 530.75 530.75 531.4008 518.74 518.74 518.74 562.5046 562.09 562.09 620.7953 627.71 627.71 627.71 647.4544 649.78 649.78 650.2753 640.64 640.64 640.64 571.8792 563.78 563.78 564.9196 542.75 542.75 542.75 522.7194 520.36 520.36 518.3962 556.6 556.6 556.6 693.3524 709.46 709.46 709.46 897.5314 895.75 895.75 1107.588 1132.54 1132.54 1132.54 1351.191 1349.12 1349.12 1249.665 1237.95 1237.95 1237.95 811.1 -9999 -9999 -9999 -9999 -9999 -9999 -9999 -9999
400.27 412.37 412.37 412.37 458.3716 463.79 463.79 460.9398 516.39 516.39 516.39 515.6677 529.72 529.72 529.72 530.7598 530.75 530.75 531.4008 518.74 518.74 518.74 562.5046 562.09 562.09 620.7953 627.71 627.71 627.71 649.9911 649.78 649.78 650.2753 640.64 640.64 640.64 571.8792 563.78 563.78 564.9196 542.75 542.75 542.75 522.7194 520.36 520.36 518.3962 556.6 556.6 556.6 710.9218 709.46 709.46 709.46 897.5314 895.75 895.75 1107.588 1132.54 1132.54 1132.54 1351.191 1349.12 1349.12 1249.665 1237.95 1237.95 1237.95 811.1 -9999 -9999 -9999 -9999 -9999 -9999 -9999 -9999
398.72 412.2 412.2 412.2 429.1621 431.16 431.16 429.8335 455.64 455.64 455.64 454.4484 477.63 477.63 477.63 467.9685 468.06 468.06 468.0784 467.72 467.72 467.72 490.7885 490.57 490.57 530.3719 535.06 535.06 535.06 551.2433 551.09 551.09 551.3989 545.39 545.39 630.603 571.8792 563.78 563.78 564.9196 542.75 542.75 542.75 522.7194 520.36 520.36 518.3962 556.6 556.6 556.6 710.9218 709.46 709.46 709.46 897.5314 895.75 895.75 1107.588 1132.54 1132.54 1132.54 1351.191 1349.12 1349.12 1249.665 1237.95 1237.95 1237.95 811.1 -9999 -9999 -9999 -9999 -9999 -9999 -9999 -9999
398.72 412.2 412.2 412.2 429.1621 431.16 431.16 429.8335 455.64 455.64 455.64 475.3128 477.63 477.63 477.63 467.9685 468.06 468.06 468.0784 467.72 467.72 467.72 490.7885 490.57 490.57 530.3719 535.06 535.06 535.06 551.2433 551.09 551.09 545.9907 545.39 545.39 545.39 531.5681 529.94 529.94 531.4562 501.96 501.96 501.96 500.0187 499.79 499.79 499.758 500.38 500.38 500.38 570.4537 569.79 569.79 569.79 756.2057 754.44 754.44 1051.652 1086.66 1086.66 1086.66 1348.49 1346.01 1346.01 1352.782 1353.58 1353.58 1353.58 929.01 -9999 -9999 -9999 -9999 -9999 -9999 -9999 -9999
398.72 412.2 412.2 412.2 429.1621 431.16 431.16 429.8335 455.64 455.64 455.64 475.3128 477.63 477.63 477.63 467.9685 468.06 468.06 468.0784 467.72 467.72 467.72 490.7885 490.57 490.57 530.3719 535.06 535.06 535.06 551.2433 551.09 551.09 545.9907 545.39 545.39 545.39 531.5681 529.94 529.94 531.4562 501.96 501.96 501.96 500.0187 499.79 499.79 499.758 500.38 500.38 500.38 570.4537 569.79 569.79 559.7842 754.44 754.44 754.44 1051.652 1086.66 1086.66 1086.66 1348.49 1346.01 1346.01 1352.782 1353.58 1353.58 1353.58 929.01 -9999 -9999 -9999 -9999 -9999 -9999 -9999 -9999
398.72 412.2 412.2 412.2 429.1621 431.16 431.16 429.8335 455.64 455.64 455.64 475.3128 477.63 477.63 478.1486 468.06 468.06 468.06 468.0784 467.72 467.72 467.72 490.7885 490.57 490.57 530.3719 535.06 535.06 535.06 551.2433 551.09 551.09 545.9907 545.39 545.39 545.39 529.7922 529.94 529.94 531.4562 501.96 501.96 501.96 500.0187 499.79 499.79 499.758 500.38 500.38 500.38 570.4537 569.79 569.79 559.7842 754.44 754.44 754.44 1051.652 1086.66 1086.66 1086.66 1348.49 1346.01 1346.01 1352.782 1353.58 1353.58 1353.58 929.01 -9999 -9999 -9999 -9999 -9999 -9999 -9999 -9999
471.46 459.02 459.02 459.02 459.8967 460 460 459.935 461.2 461.2 461.2 468.8491 469.75 469.75 478.2239 468.06 468.06 468.06 468.0784 467.72 467.72 467.72 490.7885 490.57 490.57 530.3719 535.06 535.06 535.06 551.2433 551.09 551.09 545.9907 545.39 545.39 545.39 529.7922 529.94 529.94 531.4562 501.96 501.96 501.96 500.0187 499.79 499.79 499.758 500.38 500.38 500.38 570.4537 569.79 569.79 559.7842 754.44 754.44 754.44 1089.837 1086.66 1086.66 1086.66 1348.49 1346.01 1346.01 1352.782 1353.58 1353.58 1353.58 929.01 -9999 -9999 -9999 -9999 -9999 -9999 -9999 -9999
471.46 459.02 459.02 459.02 459.8967 460 460 459.935 461.2 461.2 461.2 468.8491 469.75 469.75 469.6503 471.59 471.59 471.59 478.3444 479.14 479.14 479.14 483.0975 483.06 483.06 486.2985 486.68 486.68 486.68 492.6465 492.59 492.59 496.8931 497.4 497.4 497.4 515.0875 514.92 514.92 514.027 531.4 531.4 531.4 555.0986 557.89 557.89 552.701 653.65 653.65 653.65 594.5603 595.12 595.12 591.2694 666.18 745.1396 754.44 1089.837 1086.66 1086.66 1086.66 1348.49 1346.01 1346.01 1352.782 1353.58 1353.58 1353.58 929.01 -9999 -9999 -9999 -9999 -9999 -9999 -9999 -9999
472.1341 459.02 459.02 459.02 459.8967 460 460 459.935 461.2 461.2 461.2 468.8491 469.75 469.75 469.6503 471.59 471.59 471.59 478.3444 479.14 479.14 479.14 483.0975 483.06 483.06 486.2985 486.68 486.68 486.68 492.6465 492.59 492.59 496.8931 497.4 497.4 497.4 515.0875 514.92 514.92 529.6635 531.4 531.4 531.4 555.0986 557.89 557.89 552.701 653.65 653.65 653.65 594.5603 595.12 595.12 591.2694 666.18 666.18 666.18 1195.292 1190.28 1190.28 1190.28 1505.93 1502.94 1502.94 1460.061 1455.01 1455.01 1455.01 1055.98 -9999 -9999 -9999 -9999 -9999 -9999 -9999 -9999
472.1341 459.02 459.02 459.02 459.8967 460 460 459.935 461.2 461.2 461.2 468.8491 469.75 469.75 469.6503 471.59 471.59 471.59 478.3444 479.14 479.14 479.14 483.0975 483.06 483.06 486.2985 486.68 486.68 486.68 492.6465 492.59 492.59 496.8931 497.4 497.4 497.4 515.0875 514.92 514.92 529.6635 531.4 531.4 531.4 555.0986 557.89 557.89 552.701 653.65 653.65 653.65 594.5603 595.12 595.12 591.2694 666.18 666.18 666.18 1195.292 1190.28 1190.28 1173.338 1502.94 1502.94 1502.94 1460.061 1455.01 1455.01 1455.01 1055.98 -9999 -9999 -9999 -9999 -9999 -9999 -9999 -9999
472.1341 459.02 459.02 459.02 459.8967 460 460 459.935 461.2 461.2 461.2 468.8491 469.75 469.75 469.6503 471.59 471.59 471.59 478.3444 479.14 479.14 478.9276 483.06 483.06 483.06 486.2985 486.68 486.68 486.68 492.6465 492.59 492.59 496.8931 497.4 497.4 497.4 515.0875 514.92 514.92 529.6635 531.4 531.4 531.4 555.0986 557.89 557.89 552.701 653.65 653.65 653.65 594.5603 595.12 595.12 591.2694 666.18 666.18 666.18 1195.292 1190.28 1190.28 1173.338 1502.94 1502.94 1502.94 1460.061 1455.01 1455.01 1455.01 1055.98 -9999 -9999 -9999 -9999 -9999 -9999 -9999 -9999
