Model and model input files/precip_2008.asc
ncols         625
nrows         453
xllcorner     138621.56993419
yllcorner     4094031.9406744
cellsize      1000
NODATA_value  -9999
[rows 34 to 67 of 453, columns 154 to 230 of 625]
689.14 787.7724 799.39 799.39 799.39 999.1925 997.3 997.3 1126.502 1141.72 1141.72 1141.72 912.1861 885.15 885.15 887.4118 843.41 843.41 843.41 821.8356 822.04 822.04 825.5963 756.41 756.41 756.41 745.1332 745.24 745.24 728.5156 1053.88 1053.88 1053.88 1124.327 1123.66 1123.66 1123.66 821.5585 824.42 824.42 729.4197 718.23 718.23 718.23 698.93 698.93 698.93 696.774 696.52 696.52 698.1234 666.93 666.93 666.93 786.5861 800.68 800.68 786.1951 1067.99 1067.99 1067.99 1482.819 1531.68 1531.68 1531.68 1763.062 1760.87 1760.87 1496.303 -9999 -9999 -9999 -9999 -9999 -9999 -9999 -9999
671.6003 787.7724 799.39 799.39 799.39 999.1925 997.3 997.3 1126.502 1141.72 1141.72 1141.72 912.1861 885.15 885.15 887.4118 843.41 843.41 843.41 821.8356 822.04 822.04 825.5963 756.41 756.41 756.41 745.1332 745.24 745.24 728.5156 1053.88 1053.88 1053.88 1124.327 1123.66 1123.66 1139.875 824.42 824.42 824.42 729.4197 718.23 718.23 718.23 698.93 698.93 698.93 696.774 696.52 696.52 698.1234 666.93 666.93 666.93 786.5861 800.68 800.68 786.1951 1067.99 1067.99 1067.99 1482.819 1531.68 1531.68 1531.68 1763.062 1760.87 1760.87 1496.303 -9999 -9999 -9999 -9999 -9999 -9999 -9999 -9999
522.69 564.2095 569.1 569.1 569.1 649.2593 648.5 648.5 675.7324 678.94 678.94 678.94 655.1648 655.39 655.39 655.5781 651.92 651.92 651.92 681.4901 681.21 681.21 673.8979 816.15 816.15 816.15 824.6202 824.54 824.54 818.0624 944.08 944.08 944.08 873.4712 874.14 874.14 879.3686 777.65 824.42 824.42 729.4197 718.23 718.23 718.23 698.93 698.93 698.93 696.774 696.52 696.52 698.1234 666.93 666.93 666.93 786.5861 800.68 800.68 786.1951 1067.99 1067.99 1067.99 1482.819 1531.68 1531.68 1519.261 1760.87 1760.87 1760.87 1496.303 -9999 -9999 -9999 -9999 -9999 -9999 -9999 -9999
522.69 564.2095 569.1 569.1 569.1 649.2593 648.5 648.5 675.7324 678.94 678.94 678.94 655.1648 655.39 655.39 655.5781 651.92 651.92 651.92 681.4901 681.21 681.21 673.8979 816.15 816.15 816.15 824.6202 824.54 824.54 818.0624 944.08 944.08 944.08 873.4712 874.14 874.14 879.3686 777.65 777.65 777.65 659.1577 660.28 660.28 660.28 638.3 638.3 638.3 689.0968 695.08 695.08 691.0067 770.25 770.25 770.25 1047.02 1079.62 1079.62 1055.243 1529.48 1529.48 1529.48 1680.215 1697.97 1697.97 1696.982 1716.2 1716.2 1716.2 1390.539 -9999 -9999 -9999 -9999 -9999 -9999 -9999 -9999
522.69 564.2095 569.1 569.1 569.1 649.2593 648.5 648.5 675.7324 678.94 678.94 678.94 655.1648 655.39 655.39 652.2856 651.92 651.92 651.92 681.4901 681.21 681.21 673.8979 816.15 816.15 816.15 824.6202 824.54 824.54 818.0624 944.08 944.08 944.08 873.4712 874.14 874.14 879.3686 777.65 777.65 777.65 659.1577 660.28 660.28 660.28 638.3 638.3 638.3 689.0968 695.08 695.08 691.0067 770.25 770.25 770.25 1047.02 1079.62 1079.62 1055.243 1529.48 1529.48 1529.48 1680.215 1697.97 1697.97 1696.982 1716.2 1716.2 1716.2 1348.699 -9999 -9999 -9999 -9999 -9999 -9999 -9999 -9999
522.69 564.2095 569.1 569.1 569.1 649.2593 648.5 648.5 675.7324 678.94 678.94 678.94 655.1648 655.39 655.39 652.2856 651.92 651.92 651.92 681.21 681.21 681.21 673.8979 816.15 816.15 816.15 824.6202 824.54 824.54 818.0624 944.08 944.08 944.08 873.4712 874.14 874.14 879.3686 777.65 777.65 777.65 659.1577 660.28 660.28 661.4711 638.3 638.3 638.3 689.0968 695.08 695.08 691.0067 770.25 770.25 770.25 1047.02 1079.62 1079.62 1055.243 1529.48 1529.48 1529.48 1680.215 1697.97 1697.97 1696.982 1716.2 1716.2 1716.2 1348.699 -9999 -9999 -9999 -9999 -9999 -9999 -9999 -9999
439.56 488.1918 493.92 493.92 493.92 522.4503 522.18 522.18 556.6768 560.74 560.74 560.74 558.5189 558.54 558.54 582.1849 644.8651 651.92 651.92 681.21 681.21 681.21 673.8979 816.15 816.15 816.15 824.6202 824.54 824.54 818.0624 944.08 944.08 944.08 873.4712 874.14 874.14 879.3686 777.65 777.65 777.65 659.1577 660.28 660.28 661.4711 638.3 638.3 638.3 689.0968 695.08 695.08 691.0067 770.25 770.25 770.25 1047.02 1079.62 1079.62 1055.243 1529.48 1529.48 1529.48 1680.215 1697.97 1697.97 1696.982 1716.2 1716.2 1716.2 1348.699 -9999 -9999 -9999 -9999 -9999 -9999 -9999 -9999
439.56 488.1918 493.92 493.92 493.92 522.4503 522.18 522.18 556.6768 560.74 560.74 560.74 558.5189 558.54 558.54 582.1849 584.97 584.97 584.97 633.04 633.04 633.04 720.1944 730.46 730.46 730.46 910.2934 908.59 908.59 906.862 940.48 940.48 940.48 697.4783 699.78 699.78 700.3284 689.66 689.66 689.66 643.624 644.06 644.06 641.3279 694.48 694.48 694.48 730.693 730.35 730.35 720.6282 909.76 909.76 909.76 1283.731 1327.78 1327.78 1316.85 1529.48 1529.48 1529.48 1680.215 1697.97 1697.97 1696.982 1716.2 1716.2 1716.2 1348.699 -9999 -9999 -9999 -9999 -9999 -9999 -9999 -9999
439.56 488.1918 493.92 493.92 493.92 522.4503 522.18 522.18 556.6768 560.74 560.74 560.74 558.5189 558.54 558.54 582.1849 584.97 584.97 584.97 633.04 633.04 633.04 720.1944 730.46 730.46 730.46 910.2934 908.59 908.59 906.862 940.48 940.48 940.48 697.4783 699.78 699.78 700.3284 689.66 689.66 689.66 643.624 644.06 644.06 641.3279 694.48 694.48 694.48 730.693 730.35 730.35 720.6282 909.76 909.76 909.76 1283.731 1327.78 1327.78 1306.196 1726.1 1726.1 1726.1 1856.51 1871.87 1871.87 1879.325 1734.3 1734.3 1734.3 1394.451 -9999 -9999 -9999 -9999 -9999 -9999 -9999 -9999
439.56 494.4398 493.92 493.92 493.92 522.4503 522.18 522.18 556.6768 560.74 560.74 560.74 558.5189 558.54 558.54 582.1849 584.97 584.97 584.97 633.04 633.04 633.04 720.1944 730.46 730.46 720.8076 908.59 908.59 908.59 906.862 940.48 940.48 940.48 697.4783 699.78 699.78 700.3284 689.66 689.66 689.66 643.624 644.06 644.06 641.3279 694.48 694.48 694.48 730.693 730.35 730.35 890.8547 909.76 909.76 909.76 1283.731 1327.78 1327.78 1306.196 1726.1 1726.1 1726.1 1856.51 1871.87 1871.87 1879.325 1734.3 1734.3 1734.3 1394.451 -9999 -9999 -9999 -9999 -9999 -9999 -9999 -9999
439.56 494.4398 493.92 493.92 492.3887 522.18 522.18 522.18 556.6768 560.74 560.74 560.74 558.5189 558.54 558.54 582.1849 584.97 584.97 584.97 633.04 633.04 633.04 720.1944 730.46 730.46 720.8076 908.59 908.59 908.59 906.862 940.48 940.48 940.48 697.4783 699.78 699.78 700.3284 689.66 689.66 689.66 643.624 644.06 644.06 641.3279 694.48 694.48 694.48 730.693 730.35 730.35 890.8547 909.76 909.76 909.76 1283.731 1327.78 1327.78 1306.196 1726.1 1726.1 1726.1 1856.51 1871.87 1871.87 1879.325 1734.3 1734.3 1734.3 1394.451 -9999 -9999 -9999 -9999 -9999 -9999 -9999 -9999
410.53 451.7201 451.33 451.33 449.2888 489 489 489 500.5406 501.9 501.9 501.9 512.8841 512.78 512.78 521.95 523.03 523.03 523.03 575.06 575.06 575.06 631.4572 638.1 638.1 631.0978 767.32 767.32 767.32 721.6046 716.22 716.22 716.22 624.1782 700.4946 699.78 700.3284 689.66 689.66 689.66 643.624 644.06 644.06 641.3279 694.48 694.48 694.48 730.693 730.35 730.35 890.8547 909.76 909.76 909.76 1331.777 1327.78 1327.78 1306.196 1726.1 1726.1 1726.1 1856.51 1871.87 1871.87 1879.325 1734.3 1734.3 1734.3 1394.451 -9999 -9999 -9999 -9999 -9999 -9999 -9999 -9999
410.53 451.7201 451.33 451.33 449.2888 489 489 489 502.0233 501.9 501.9 501.9 512.8841 512.78 512.78 521.95 523.03 523.03 523.03 575.06 575.06 575.06 631.4572 638.1 638.1 631.0978 767.32 767.32 767.32 721.6046 716.22 716.22 716.22 624.1782 625.05 625.05 624.3353 638.24 638.24 638.24 623.9446 624.08 624.08 621.0282 680.4 680.4 680.4 737.1879 736.65 736.65 938.2001 961.94 961.94 961.94 1242.871 1240.21 1240.21 1221.936 1577.45 1577.45 1577.45 1745.809 1765.64 1765.64 1771.207 1662.91 1662.91 1662.91 1263.689 -9999 -9999 -9999 -9999 -9999 -9999 -9999 -9999
410.53 451.7201 451.33 451.33 449.2888 489 489 489 502.0233 501.9 501.9 501.9 512.8841 512.78 512.78 521.95 523.03 523.03 523.03 575.06 575.06 575.06 631.4572 638.1 638.1 631.0978 767.32 767.32 767.32 721.6046 716.22 716.22 721.1602 625.05 625.05 625.05 624.3353 638.24 638.24 638.24 623.9446 624.08 624.08 621.0282 680.4 680.4 680.4 737.1879 736.65 736.65 938.2001 961.94 961.94 961.94 1242.871 1240.21 1240.21 1541.913 1577.45 1577.45 1577.45 1745.809 1765.64 1765.64 1771.207 1662.91 1662.91 1662.91 1263.689 -9999 -9999 -9999 -9999 -9999 -9999 -9999 -9999
410.53 451.7201 451.33 451.33 449.2888 489 489 489 502.0233 501.9 501.9 501.3104 512.78 512.78 512.78 521.95 523.03 523.03 523.03 575.06 575.06 575.06 631.4572 638.1 638.1 631.0978 767.32 767.32 767.32 721.6046 716.22 716.22 721.1602 625.05 625.05 625.05 624.3353 638.24 638.24 638.24 623.9446 624.08 624.08 621.0282 680.4 680.4 680.4 737.1879 736.65 736.65 938.2001 961.94 961.94 961.94 1242.871 1240.21 1240.21 1541.913 1577.45 1577.45 1577.45 1745.809 1765.64 1765.64 1771.207 1662.91 1662.91 1662.91 1263.689 -9999 -9999 -9999 -9999 -9999 -9999 -9999 -9999
410.74 451.7181 451.33 451.33 449.2888 489 489 489 502.0233 501.9 501.9 501.3104 512.78 512.78 512.78 521.95 523.03 523.03 523.03 575.06 575.06 575.06 631.4572 638.1 638.1 631.0978 767.32 767.32 767.32 721.6046 716.22 716.22 721.1602 625.05 625.05 625.05 636.8501 638.24 638.24 638.24 623.9446 624.08 624.08 621.0282 680.4 680.4 680.4 737.1879 736.65 736.65 938.2001 961.94 961.94 961.94 1242.871 1240.21 1240.21 1541.913 1577.45 1577.45 1577.45 1745.809 1765.64 1765.64 1771.207 1662.91 1662.91 1662.91 1263.689 -9999 -9999 -9999 -9999 -9999 -9999 -9999 -9999
410.74 450.5874 450.21 450.21 449.6199 461.1 461.1 461.1 493.2142 492.91 492.91 492.0636 508.53 508.53 508.53 541.785 541.47 541.47 541.47 558.34 558.34 558.34 632.415 641.14 641.14 634.4842 763.97 763.97 763.97 715.6871 710 710 712.8172 658.01 658.01 658.01 645.8342 644.4 644.4 644.4 646.7523 646.73 646.73 647.8717 625.66 625.66 625.66 710.7661 709.96 709.96 948.306 976.38 976.38 977.1625 1242.871 1240.21 1240.21 1541.913 1577.45 1577.45 1577.45 1767.44 1765.64 1765.64 1771.207 1662.91 1662.91 1662.91 1263.689 -9999 -9999 -9999 -9999 -9999 -9999 -9999 -9999
410.74 450.5874 450.21 450.21 449.6199 461.1 461.1 461.1 493.2142 492.91 492.91 492.0636 508.53 508.53 508.53 541.785 541.47 541.47 541.47 558.34 558.34 558.34 632.415 641.14 641.14 634.4842 763.97 763.97 763.97 715.6871 710 710 712.8172 658.01 658.01 658.01 645.8342 644.4 644.4 644.2737 646.73 646.73 646.73 647.8717 625.66 625.66 625.66 710.7661 709.96 709.96 948.306 976.38 976.38 976.38 1286.417 1283.48 1283.48 1476.146 1498.84 1498.84 1498.84 1626.863 1625.65 1625.65 1644.235 1282.68 1282.68 1282.68 937.9447 -9999 -9999 -9999 -9999 -9999 -9999 -9999 -9999
410.74 450.5874 450.21 450.21 449.6199 461.1 461.1 461.1 493.2142 492.91 492.91 492.0636 508.53 508.53 508.53 541.785 541.47 541.47 540.5558 558.34 558.34 558.34 632.415 641.14 641.14 634.4842 763.97 763.97 763.97 715.6871 710 710 712.8172 658.01 658.01 658.01 645.8342 644.4 644.4 644.2737 646.73 646.73 646.73 647.8717 625.66 625.66 625.66 710.7661 709.96 709.96 948.306 976.38 976.38 976.38 1286.417 1283.48 1283.48 1476.146 1498.84 1498.84 1498.84 1626.863 1625.65 1625.65 1318.821 1282.68 1282.68 1282.68 937.9447 -9999 -9999 -9999 -9999 -9999 -9999 -9999 -9999
410.74 450.5874 450.21 450.21 449.6199 461.1 461.1 461.1 493.2142 492.91 492.91 492.0636 508.53 508.53 508.53 541.785 541.47 541.47 540.5558 558.34 558.34 558.34 632.415 641.14 641.14 634.4842 763.97 763.97 763.97 715.6871 710 710 712.8172 658.01 658.01 658.01 645.8342 644.4 644.4 644.2737 646.73 646.73 646.73 627.8802 625.66 625.66 625.66 710.7661 709.96 709.96 948.306 976.38 976.38 976.38 1286.417 1283.48 1283.48 1476.146 1498.84 1498.84 1498.84 1626.863 1625.65 1625.65 1318.821 1282.68 1282.68 1282.68 937.9447 -9999 -9999 -9999 -9999 -9999 -9999 -9999 -9999
399.31 409.68 409.68 409.68 406.8427 462.04 462.04 462.04 522.1695 521.6 521.6 520.7384 537.5 537.5 537.5 537.601 537.6 537.3903 540.5558 558.34 558.34 558.34 641.9318 641.14 641.14 634.4842 763.97 763.97 763.97 715.6871 710 710 712.8172 658.01 658.01 658.01 645.8342 644.4 644.4 644.2737 646.73 646.73 646.73 627.8802 625.66 625.66 625.66 710.7661 709.96 709.96 948.306 976.38 976.38 976.38 1286.417 1283.48 1283.48 1476.146 1498.84 1498.84 1498.84 1626.863 1625.65 1625.65 1318.821 1282.68 1282.68 1282.68 937.9447 -9999 -9999 -9999 -9999 -9999 -9999 -9999 -9999
399.31 409.68 409.68 409.68 406.8427 462.04 462.04 462.04 522.1695 521.6 521.6 520.7384 537.5 537.5 537.5 537.601 537.6 537.6 538.8859 513.87 513.87 513.87 557.6851 557.27 557.27 552.8906 638.09 638.09 638.09 673.0878 677.21 677.21 675.9496 700.47 700.47 700.47 643.9208 637.26 637.26 637.4551 633.66 633.66 633.66 614.7924 612.57 612.57 612.57 641.8473 641.57 641.57 770.3065 785.47 785.47 785.47 981.1232 979.27 979.27 1217.097 1245.11 1472.103 1498.84 1626.863 1625.65 1625.65 1318.821 1282.68 1282.68 1282.68 941.21 -9999 -9999 -9999 -9999 -9999 -9999 -9999 -9999
399.31 409.68 409.68 409.68 456.5226 462.04 462.04 462.04 522.1695 521.6 521.6 520.7384 537.5 537.5 537.5 537.601 537.6 537.6 538.8859 513.87 513.87 513.87 557.6851 557.27 557.27 629.5736 638.09 638.09 638.09 673.0878 677.21 677.21 675.9496 700.47 700.47 700.47 643.9208 637.26 637.26 637.4551 633.66 633.66 633.66 614.7924 612.57 612.57 610.9986 641.57 641.57 641.57 770.3065 785.47 785.47 785.47 981.1232 979.27 979.27 1217.097 1245.11 1245.11 1245.11 1490.313 1487.99 1487.99 1389.626 1378.04 1378.04 1378.04 932.48 -9999 -9999 -9999 -9999 -9999 -9999 -9999 -9999
399.31 409.68 409.68 409.68 456.5226 462.04 462.04 462.04 522.1695 521.6 521.6 520.7384 537.5 537.5 537.5 537.601 537.6 537.6 538.8859 513.87 513.87 513.87 557.6851 557.27 557.27 629.5736 638.09 638.09 638.09 673.0878 677.21 677.21 675.9496 700.47 700.47 700.47 643.9208 637.26 637.26 637.4551 633.66 633.66 633.66 614.7924 612.57 612.57 610.9986 641.57 641.57 641.57 770.3065 785.47 785.47 785.47 981.1232 979.27 979.27 1217.097 1245.11 1245.11 1245.11 1490.313 1487.99 1487.99 1389.626 1378.04 1378.04 1378.04 932.48 -9999 -9999 -9999 -9999 -9999 -9999 -9999 -9999
399.31 409.68 409.68 409.68 456.5226 462.04 462.04 458.8126 521.6 521.6 521.6 520.7384 537.5 537.5 537.5 537.601 537.6 537.6 538.8859 513.87 513.87 513.87 557.6851 557.27 557.27 629.5736 638.09 638.09 638.09 677.5841 677.21 677.21 675.9496 700.47 700.47 700.47 643.9208 637.26 637.26 637.4551 633.66 633.66 633.66 614.7924 612.57 612.57 610.9986 641.57 641.57 641.57 786.846 785.47 785.47 785.47 981.1232 979.27 979.27 1217.097 1245.11 1245.11 1245.11 1490.313 1487.99 1487.99 1389.626 1378.04 1378.04 1378.04 932.48 -9999 -9999 -9999 -9999 -9999 -9999 -9999 -9999
392.77 404.17 404.17 404.17 415.1471 416.44 416.44 414.7895 446.9 446.9 446.9 445.5984 470.92 470.92 470.92 456.7559 456.89 456.89 456.9415 455.94 455.94 455.94 483.1275 482.87 482.87 526.143 531.24 531.24 531.24 549.9573 549.78 549.78 548.6545 570.55 570.55 686.7797 643.9208 637.26 637.26 637.4551 633.66 633.66 633.66 614.7924 612.57 612.57 610.9986 641.57 641.57 641.57 786.846 785.47 785.47 785.47 981.1232 979.27 979.27 1217.097 1245.11 1245.11 1245.11 1490.313 1487.99 1487.99 1389.626 1378.04 1378.04 1378.04 932.48 -9999 -9999 -9999 -9999 -9999 -9999 -9999 -9999
392.77 404.17 404.17 404.17 415.1471 416.44 416.44 414.7895 446.9 446.9 446.9 468.3889 470.92 470.92 470.92 456.7559 456.89 456.89 456.9415 455.94 455.94 455.94 483.1275 482.87 482.87 526.143 531.24 531.24 531.24 549.9573 549.78 549.78 568.3613 570.55 570.55 570.55 604.4742 608.47 608.47 608.9083 600.38 600.38 600.38 594.2697 593.55 593.55 593.6508 591.69 591.69 591.69 621.9971 621.71 621.71 621.71 809.7208 807.94 807.94 1155.797 1196.77 1196.77 1196.77 1481.971 1479.27 1479.27 1491.41 1492.84 1492.84 1492.84 1042.8 -9999 -9999 -9999 -9999 -9999 -9999 -9999 -9999
392.77 404.17 404.17 404.17 415.1471 416.44 416.44 414.7895 446.9 446.9 446.9 468.3889 470.92 470.92 470.92 456.7559 456.89 456.89 456.9415 455.94 455.94 455.94 483.1275 482.87 482.87 526.143 531.24 531.24 531.24 549.9573 549.78 549.78 568.3613 570.55 570.55 570.55 604.4742 608.47 608.47 608.9083 600.38 600.38 600.38 594.2697 593.55 593.55 593.6508 591.69 591.69 591.69 621.9971 621.71 621.71 611.6187 807.94 807.94 807.94 1155.797 1196.77 1196.77 1196.77 1481.971 1479.27 1479.27 1491.41 1492.84 1492.84 1492.84 1042.8 -9999 -9999 -9999 -9999 -9999 -9999 -9999 -9999
392.77 404.17 404.17 404.17 415.1471 416.44 416.44 414.7895 446.9 446.9 446.9 468.3889 470.92 470.92 471.6803 456.89 456.89 456.89 456.9415 455.94 455.94 455.94 483.1275 482.87 482.87 526.143 531.24 531.24 531.24 549.9573 549.78 549.78 568.3613 570.55 570.55 570.55 608.8326 608.47 608.47 608.9083 600.38 600.38 600.38 594.2697 593.55 593.55 593.6508 591.69 591.69 591.69 621.9971 621.71 621.71 611.6187 807.94 807.94 807.94 1155.797 1196.77 1196.77 1196.77 1481.971 1479.27 1479.27 1491.41 1492.84 1492.84 1492.84 1042.8 -9999 -9999 -9999 -9999 -9999 -9999 -9999 -9999
468.52 447.64 447.64 447.64 449.6708 449.91 449.91 449.8244 451.49 451.49 451.49 459.3627 460.29 460.29 471.7819 456.89 456.89 456.89 456.9415 455.94 455.94 455.94 483.1275 482.87 482.87 526.143 531.24 531.24 531.24 549.9573 549.78 549.78 568.3613 570.55 570.55 570.55 608.8326 608.47 608.47 608.9083 600.38 600.38 600.38 594.2697 593.55 593.55 593.6508 591.69 591.69 591.69 621.9971 621.71 621.71 611.6187 807.94 807.94 807.94 1200.488 1196.77 1196.77 1196.77 1481.971 1479.27 1479.27 1491.41 1492.84 1492.84 1492.84 1042.8 -9999 -9999 -9999 -9999 -9999 -9999 -9999 -9999
468.52 447.64 447.64 447.64 449.6708 449.91 449.91 449.8244 451.49 451.49 451.49 459.3627 460.29 460.29 460.2607 460.83 460.83 460.83 469.1232 470.1 470.1 470.1 476.2281 476.17 476.17 479.5249 479.92 479.92 479.92 495.0634 494.92 494.92 514.3066 516.59 516.59 516.59 570.5309 570.02 570.02 567.9202 608.77 608.77 608.77 623.7908 625.56 625.56 620.5498 718.02 718.02 718.02 637.4973 638.26 638.26 634.306 711.23 797.7492 807.94 1200.488 1196.77 1196.77 1196.77 1481.971 1479.27 1479.27 1491.41 1492.84 1492.84 1492.84 1042.8 -9999 -9999 -9999 -9999 -9999 -9999 -9999 -9999
469.6514 447.64 447.64 447.64 449.6708 449.91 449.91 449.8244 451.49 451.49 451.49 459.3627 460.29 460.29 460.2607 460.83 460.83 460.83 469.1232 470.1 470.1 470.1 476.2281 476.17 476.17 479.5249 479.92 479.92 479.92 495.0634 494.92 494.92 514.3066 516.59 516.59 516.59 570.5309 570.02 570.02 604.6868 608.77 608.77 608.77 623.7908 625.56 625.56 620.5498 718.02 718.02 718.02 637.4973 638.26 638.26 634.306 711.23 711.23 711.23 1306.508 1300.87 1300.87 1300.87 1627.564 1624.47 1624.47 1581.277 1576.19 1576.19 1576.19 1155.16 -9999 -9999 -9999 -9999 -9999 -9999 -9999 -9999
469.6514 447.64 447.64 447.64 449.6708 449.91 449.91 449.8244 451.49 451.49 451.49 459.3627 460.29 460.29 460.2607 460.83 460.83 460.83 469.1232 470.1 470.1 470.1 476.2281 476.17 476.17 479.5249 479.92 479.92 479.92 495.0634 494.92 494.92 514.3066 516.59 516.59 516.59 570.5309 570.02 570.02 604.6868 608.77 608.77 608.77 623.7908 625.56 625.56 620.5498 718.02 718.02 718.02 637.4973 638.26 638.26 634.306 711.23 711.23 711.23 1306.508 1300.87 1300.87 1283.335 1624.47 1624.47 1624.47 1581.277 1576.19 1576.19 1576.19 1155.16 -9999 -9999 -9999 -9999 -9999 -9999 -9999 -9999
469.6514 447.64 447.64 447.64 449.6708 449.91 449.91 449.8244 451.49 451.49 451.49 459.3627 460.29 460.29 460.2607 460.83 460.83 460.83 469.1232 470.1 470.1 469.7711 476.17 476.17 476.17 479.5249 479.92 479.92 479.92 495.0634 494.92 494.92 514.3066 516.59 516.59 516.59 570.5309 570.02 570.02 604.6868 608.77 608.77 608.77 623.7908 625.56 625.56 620.5498 718.02 718.02 718.02 637.4973 638.26 638.26 634.306 711.23 711.23 711.23 1306.508 1300.87 1300.87 1283.335 1624.47 1624.47 1624.47 1581.277 1576.19 1576.19 1576.19 1155.16 -9999 -9999 -9999 -9999 -9999 -9999 -9999 -9999
