Model and model input files/precip_1983.asc
ncols         625
nrows         453
xllcorner     138621.56993419
yllcorner     4094031.9406744
cellsize      1000
NODATA_value  -9999
[rows 0 to 33 of 453, columns 154 to 230 of 625]
544.62 544.62 571.0312 574.6 574.6 574.6 631.81 631.81 631.81 700.9037 710.24 710.24 710.24 844.5 844.5 844.5 844.5 781.28 781.28 781.28 744.06 744.06 744.06 744.06 834.21 834.21 834.21 847.54 847.54 847.54 847.54 859.4 859.4 859.4 969.47 969.47 969.47 969.47 1163.67 1163.67 1163.67 1267.26 1267.26 1267.26 1370.817 1384.81 1384.81 1384.81 1252.41 1252.41 1252.41 1184.232 1175.02 1175.02 1175.02 1255.33 1255.33 1255.33 1258.01 1566.74 1566.74 1566.74 1877.16 1877.16 1877.16 1877.16 1712 1712 1712 -9999 -9999 -9999 -9999 -9999 -9999 -9999 -9999
544.62 544.62 571.4409 574.6 574.6 574.6 632.3571 631.81 631.81 701.9754 710.24 710.24 710.24 844.5 844.5 844.5 787.9418 781.28 781.28 781.28 743.7041 744.06 744.06 739.175 834.21 834.21 834.21 847.6674 847.54 847.54 846.8973 859.4 859.4 859.4 970.5225 969.47 969.47 958.9468 1163.67 1163.67 1163.67 1268.251 1267.26 1267.26 1372.423 1384.81 1384.81 1384.81 1251.144 1252.41 1252.41 1183.175 1175.02 1175.02 1175.02 1256.098 1255.33 1255.33 1533.925 1566.74 1566.74 1566.74 1880.128 1877.16 1877.16 1886.11 1712 1712 1712 -9999 -9999 -9999 -9999 -9999 -9999 -9999 -9999
544.62 544.62 571.4409 574.6 574.6 574.6 632.3571 631.81 631.81 701.9754 710.24 710.24 710.24 844.5 844.5 844.5 787.9418 781.28 781.28 783.2969 744.06 744.06 744.06 739.175 834.21 834.21 834.21 847.6674 847.54 847.54 846.8973 859.4 859.4 859.4 970.5225 969.47 969.47 958.9468 1163.67 1163.67 1163.67 1268.251 1267.26 1267.26 1372.423 1384.81 1384.81 1384.81 1251.144 1252.41 1252.41 1183.175 1175.02 1175.02 1175.02 1256.098 1255.33 1255.33 1533.925 1566.74 1566.74 1566.74 1877.16 1877.16 1877.16 1886.11 1712 1712 1712 -9999 -9999 -9999 -9999 -9999 -9999 -9999 -9999
540.07 540.07 567.0698 570.25 570.25 570.25 581.86 581.75 581.75 602.1921 604.6 604.6 604.6 657.33 657.33 657.33 650.2893 642.317 781.28 783.2969 744.06 744.06 744.06 824.7104 834.21 834.21 834.21 847.6674 847.54 847.54 846.8973 859.4 859.4 859.4 970.5225 969.47 969.47 958.9468 1163.67 1163.67 1163.67 1268.251 1267.26 1267.26 1372.423 1384.81 1384.81 1384.81 1251.144 1252.41 1252.41 1183.175 1175.02 1175.02 1175.02 1256.098 1255.33 1255.33 1533.925 1566.74 1566.74 1566.74 1877.16 1877.16 1877.16 1729.404 1712 1712 1712 -9999 -9999 -9999 -9999 -9999 -9999 -9999 -9999
540.07 540.07 567.0698 570.25 570.25 570.25 581.86 581.75 581.75 602.1921 604.6 604.6 604.6 657.33 657.33 657.33 650.2893 649.46 649.46 647.2101 690.98 690.98 690.98 700.1052 701.18 701.18 700.9551 705.33 705.33 705.33 704.8098 714.93 714.93 714.93 689.8525 690.09 690.09 675.2183 964.54 964.54 964.54 1345.256 1341.65 1341.65 1399.425 1406.23 1406.23 1406.23 1380.002 1380.25 1380.25 1216.623 1197.35 1197.35 1197.35 1231.726 1231.4 1231.4 1436.494 1566.74 1566.74 1566.74 1877.16 1877.16 1877.16 1729.404 1712 1712 1740.828 -9999 -9999 -9999 -9999 -9999 -9999 -9999 -9999
540.07 540.07 567.0698 570.25 570.25 570.25 581.86 581.75 581.75 602.1921 604.6 604.6 604.6 657.33 657.33 657.33 650.2893 649.46 649.46 647.2101 690.98 690.98 690.98 700.1052 701.18 701.18 700.9551 705.33 705.33 705.33 713.9184 714.93 714.93 714.93 689.8525 690.09 690.09 675.2183 964.54 964.54 964.54 1345.256 1341.65 1341.65 1399.425 1406.23 1406.23 1406.23 1380.002 1380.25 1380.25 1216.623 1197.35 1197.35 1197.35 1231.726 1231.4 1231.4 1441.914 1466.71 1466.71 1466.71 1760.55 1760.55 1760.55 1685.509 1676.67 1676.67 1699.435 -9999 -9999 -9999 -9999 -9999 -9999 -9999 -9999
540.07 540.07 567.0698 570.25 570.25 570.25 581.86 581.75 581.75 602.1921 604.6 604.6 604.6 657.33 657.33 657.33 650.2893 649.46 649.46 647.2101 690.98 690.98 690.98 700.1052 701.18 701.18 700.9551 705.33 705.33 705.33 713.9184 714.93 714.93 714.93 689.8525 690.09 690.09 675.2183 964.54 964.54 964.54 1345.256 1341.65 1341.65 1399.425 1406.23 1406.23 1406.23 1380.002 1380.25 1380.25 1216.623 1197.35 1197.35 1197.35 1231.726 1231.4 1231.4 1441.914 1466.71 1466.71 1466.71 1760.55 1760.55 1760.55 1685.509 1676.67 1676.67 1699.435 -9999 -9999 -9999 -9999 -9999 -9999 -9999 -9999
540.07 540.07 567.0698 570.25 570.25 570.25 581.86 581.75 581.75 602.1921 604.6 604.6 604.6 657.33 657.33 657.33 650.2893 649.46 649.46 647.2101 690.98 690.98 690.98 700.1052 701.18 701.18 700.9551 705.33 705.33 705.33 713.9184 714.93 714.93 716.276 690.09 690.09 690.09 675.2183 964.54 964.54 964.54 1345.256 1341.65 1341.65 1399.425 1406.23 1406.23 1406.23 1380.002 1380.25 1380.25 1216.623 1197.35 1197.35 1197.35 1231.726 1231.4 1231.4 1441.914 1466.71 1466.71 1466.71 1760.55 1760.55 1760.55 1685.509 1676.67 1676.67 1699.435 -9999 -9999 -9999 -9999 -9999 -9999 -9999 -9999
682.06 682.06 651.4399 651.73 651.73 651.73 664.1476 664.03 664.03 777.7905 791.19 791.19 791.19 761.01 761.01 761.01 752.7615 751.79 751.79 749.1526 800.46 800.46 800.46 752.1324 746.44 746.44 744.2112 787.57 787.57 787.57 808.8263 811.33 811.33 814.6013 750.96 696.5042 690.09 935.6198 964.54 964.54 964.54 1345.256 1341.65 1341.65 1399.425 1406.23 1406.23 1406.23 1380.002 1380.25 1380.25 1216.623 1197.35 1197.35 1197.35 1231.726 1231.4 1231.4 1441.914 1466.71 1466.71 1466.71 1760.55 1760.55 1760.55 1685.509 1676.67 1676.67 1699.435 -9999 -9999 -9999 -9999 -9999 -9999 -9999 -9999
682.06 682.06 651.4399 651.73 651.73 651.73 664.1476 664.03 664.03 777.7905 791.19 791.19 791.19 761.01 761.01 761.01 752.7615 751.79 751.79 749.1526 800.46 800.46 800.46 752.1324 746.44 746.44 744.2112 787.57 787.57 787.57 808.8263 811.33 811.33 814.6013 750.96 750.96 750.96 835.3589 845.3 845.3 831.661 1097 1097 1097 1154.927 1161.75 1161.75 1161.75 1458.188 1455.38 1455.38 1503.734 1509.43 1509.43 1509.43 1490.006 1490.19 1490.19 1741.794 1771.43 1771.43 1771.43 2165.8 2165.8 2165.8 1797.662 1754.3 1754.3 1776.132 -9999 -9999 -9999 -9999 -9999 -9999 -9999 -9999
682.06 682.06 651.4399 651.73 651.73 651.0635 664.03 664.03 664.03 777.7905 791.19 791.19 791.19 761.01 761.01 761.01 752.7615 751.79 751.79 749.1526 800.46 800.46 800.46 752.1324 746.44 746.44 744.2112 787.57 787.57 787.57 808.8263 811.33 811.33 814.6013 750.96 750.96 750.96 835.3589 845.3 845.3 831.661 1097 1097 1097 1162.369 1161.75 1161.75 1161.75 1458.188 1455.38 1455.38 1503.734 1509.43 1509.43 1509.43 1490.006 1490.19 1490.19 1741.794 1771.43 1771.43 1771.43 2165.8 2165.8 2165.8 1797.662 1754.3 1754.3 1776.132 -9999 -9999 -9999 -9999 -9999 -9999 -9999 -9999
682.06 682.06 651.4399 651.73 651.73 651.0635 664.03 664.03 664.03 792.4059 791.19 791.19 791.19 761.01 761.01 761.01 752.7615 751.79 751.79 749.1526 800.46 800.46 800.46 752.1324 746.44 746.44 744.2112 787.57 787.57 787.57 808.8263 811.33 811.33 814.6013 750.96 750.96 750.96 835.3589 845.3 845.3 831.661 1097 1097 1097 1162.369 1161.75 1161.75 1161.75 1458.188 1455.38 1455.38 1503.734 1509.43 1509.43 1509.43 1490.006 1490.19 1490.19 1741.794 1771.43 1771.43 1771.43 2165.8 2165.8 2165.8 1797.662 1754.3 1754.3 1776.132 -9999 -9999 -9999 -9999 -9999 -9999 -9999 -9999
961.46 961.46 866.7093 651.73 651.73 651.0635 664.03 664.03 664.03 792.4059 791.19 791.19 792.8254 761.01 761.01 761.01 752.7615 751.79 751.79 749.1526 800.46 800.46 800.46 752.1324 746.44 746.44 744.2112 787.57 787.57 787.57 808.8263 811.33 811.33 814.6013 750.96 750.96 750.96 835.3589 845.3 845.3 831.661 1097 1097 1097 1162.369 1161.75 1161.75 1145.839 1455.38 1455.38 1455.38 1503.734 1509.43 1509.43 1509.43 1490.006 1490.19 1490.19 1741.794 1771.43 1771.43 1771.43 2165.8 2165.8 2165.8 1797.662 1754.3 1754.3 1776.132 -9999 -9999 -9999 -9999 -9999 -9999 -9999 -9999
961.46 961.46 855.6074 856.61 856.61 865.5049 692.46 692.46 692.46 820.3312 819.12 819.12 817.0809 856.75 856.75 856.75 875.3765 875.2 875.2 878.9102 806.73 806.73 806.73 847.0597 851.81 851.81 851.6046 855.6 855.6 855.6 1048.633 1071.37 1071.37 1067.108 1150.03 1150.03 1150.03 929.2902 903.29 903.29 901.6757 933.08 933.08 933.08 1114.256 1112.54 1112.54 1104.522 1260.5 1260.5 1260.5 1628.496 1625.01 1625.01 1631.273 1490.006 1490.19 1490.19 1741.794 1771.43 1771.43 1771.43 2165.8 2165.8 2165.8 1797.662 1754.3 1754.3 1776.132 -9999 -9999 -9999 -9999 -9999 -9999 -9999 -9999
961.46 961.46 855.6074 856.61 856.61 865.5049 692.46 692.46 692.46 820.3312 819.12 819.12 817.0809 856.75 856.75 856.75 875.3765 875.2 875.2 813.945 806.73 806.73 806.73 847.0597 851.81 851.81 851.6046 855.6 855.6 855.6 1048.633 1071.37 1071.37 1067.108 1150.03 1150.03 1150.03 929.2902 903.29 903.29 901.6757 933.08 933.08 933.08 1114.256 1112.54 1112.54 1104.522 1260.5 1260.5 1260.5 1628.496 1625.01 1625.01 1617.463 1764.28 1764.28 1764.28 1911.347 1928.67 1928.67 1928.67 2177.95 2177.95 2177.95 2115.049 2107.64 2107.64 2139.824 -9999 -9999 -9999 -9999 -9999 -9999 -9999 -9999
961.46 961.46 855.6074 856.61 856.61 865.5049 692.46 692.46 692.46 820.3312 819.12 819.12 817.0809 856.75 856.75 856.75 875.3765 875.2 875.2 813.945 806.73 806.73 806.73 847.0597 851.81 851.81 851.6046 855.6 855.6 855.6 1048.633 1071.37 1071.37 1067.108 1150.03 1150.03 1150.03 929.2902 903.29 903.29 901.6757 933.08 933.08 933.08 1114.256 1112.54 1112.54 1104.522 1260.5 1260.5 1260.5 1628.496 1625.01 1625.01 1617.463 1764.28 1764.28 1764.28 1911.347 1928.67 1928.67 1928.67 2177.95 2177.95 2177.95 2115.049 2107.64 2107.64 2139.824 -9999 -9999 -9999 -9999 -9999 -9999 -9999 -9999
961.46 961.46 855.6074 856.61 856.61 865.5049 692.46 692.46 692.46 820.3312 819.12 819.12 817.0809 856.75 856.75 856.75 875.3765 875.2 875.2 813.945 806.73 806.73 806.73 852.2411 851.81 851.81 851.6046 855.6 855.6 855.6 1048.633 1071.37 1071.37 1067.108 1150.03 1150.03 1150.03 929.2902 903.29 903.29 901.6757 933.08 933.08 933.08 1114.256 1112.54 1112.54 1104.522 1260.5 1260.5 1260.5 1628.496 1625.01 1625.01 1617.463 1764.28 1764.28 1764.28 1930.242 1928.67 1928.67 1928.67 2177.95 2177.95 2177.95 2115.049 2107.64 2107.64 2139.824 -9999 -9999 -9999 -9999 -9999 -9999 -9999 -9999
809.52 809.52 883.9247 883.22 883.22 881.868 908.17 908.17 908.17 797.946 798.99 798.99 796.7797 839.78 839.78 839.78 1074.655 1072.43 1072.43 813.945 806.73 806.73 806.73 852.2411 851.81 851.81 855.2006 855.6 855.6 855.6 1048.633 1071.37 1071.37 1067.108 1150.03 1150.03 1150.03 929.2902 903.29 903.29 901.6757 933.08 933.08 933.08 1114.256 1112.54 1112.54 1104.522 1260.5 1260.5 1260.5 1628.496 1625.01 1625.01 1617.463 1764.28 1764.28 1764.28 1930.242 1928.67 1928.67 1928.67 2177.95 2177.95 2177.95 2115.049 2107.64 2107.64 2139.824 -9999 -9999 -9999 -9999 -9999 -9999 -9999 -9999
809.52 809.52 883.9247 883.22 883.22 881.868 908.17 908.17 908.17 797.946 798.99 798.99 796.7797 839.78 839.78 839.78 1074.655 1072.43 1072.43 1044.061 1040.72 1040.72 1040.72 1007.465 1007.78 1007.78 903.5204 891.24 891.24 891.24 990.6954 1002.41 1002.41 984.5427 1332.14 1332.14 1332.14 1113.914 1088.21 1088.21 1091.303 1031.13 1031.13 1031.13 1163.05 1161.8 1161.8 1155.396 1279.98 1279.98 1279.98 1669.893 1666.2 1666.2 1657.267 1831.05 1831.05 1831.05 2172.928 2169.69 1954.068 1915.162 2177.95 2177.95 2177.95 2115.049 2107.64 2107.64 2139.824 -9999 -9999 -9999 -9999 -9999 -9999 -9999 -9999
809.52 809.52 883.9247 883.22 883.22 881.868 908.17 908.17 908.17 797.946 798.99 798.99 796.7797 839.78 839.78 839.78 1074.655 1072.43 1072.43 1044.061 1040.72 1040.72 1040.72 1007.465 1007.78 1007.78 903.5204 891.24 891.24 891.24 1003.473 1002.41 1002.41 984.5427 1332.14 1332.14 1332.14 1113.914 1088.21 1088.21 1091.303 1031.13 1031.13 1031.13 1163.05 1161.8 1161.8 1155.396 1279.98 1279.98 1279.98 1669.893 1666.2 1666.2 1657.267 1831.05 1831.05 1831.05 2172.928 2169.69 2169.69 2166.32 2231.89 2231.89 2231.89 2333.159 2332.2 2332.2 2360.888 -9999 -9999 -9999 -9999 -9999 -9999 -9999 -9999
809.52 805.5264 883.22 883.22 883.22 881.868 908.17 908.17 908.17 797.946 798.99 798.99 796.7797 839.78 839.78 839.78 1074.655 1072.43 1072.43 1044.061 1040.72 1040.72 1040.72 1007.465 1007.78 1007.78 903.5204 891.24 891.24 891.24 1003.473 1002.41 1002.41 1297.395 1332.14 1332.14 1332.14 1113.914 1088.21 1088.21 1091.303 1031.13 1031.13 1031.13 1163.05 1161.8 1161.8 1155.396 1279.98 1279.98 1279.98 1669.893 1666.2 1666.2 1657.267 1831.05 1831.05 1831.05 2172.928 2169.69 2169.69 2166.32 2231.89 2231.89 2231.89 2333.159 2332.2 2332.2 2360.888 -9999 -9999 -9999 -9999 -9999 -9999 -9999 -9999
809.52 805.5264 883.22 883.22 883.22 905.5409 908.17 908.17 908.17 797.946 798.99 798.99 796.7797 839.78 839.78 839.78 1074.655 1072.43 1072.43 1044.061 1040.72 1040.72 1040.72 1007.465 1007.78 1007.78 903.5204 891.24 891.24 891.24 1003.473 1002.41 1002.41 1297.395 1332.14 1332.14 1332.14 1085.877 1088.21 1088.21 1091.303 1031.13 1031.13 1031.13 1163.05 1161.8 1161.8 1155.396 1279.98 1279.98 1279.98 1669.893 1666.2 1666.2 1657.267 1831.05 1831.05 1831.05 2172.928 2169.69 2169.69 2166.32 2231.89 2231.89 2231.89 2333.159 2332.2 2332.2 1858.568 -9999 -9999 -9999 -9999 -9999 -9999 -9999 -9999
1010.28 995.5134 1282.79 1282.79 1282.79 1417.467 1433.33 1433.33 1433.33 1123.142 1126.08 1126.08 1135.601 950.38 950.38 950.38 1001.211 1000.73 1000.73 975.5105 972.54 972.54 972.54 1012.922 1012.54 1012.54 978.1506 974.1 974.1 974.1 1090.876 1089.77 1089.77 1208.039 1221.97 1221.97 1320.531 1085.877 1088.21 1088.21 1091.303 1031.13 1031.13 1031.13 1163.05 1161.8 1161.8 1155.396 1279.98 1279.98 1279.98 1669.893 1666.2 1666.2 1657.267 1831.05 1831.05 1831.05 2172.928 2169.69 2169.69 2166.32 2231.89 2231.89 2231.89 2333.159 2332.2 2332.2 1858.568 -9999 -9999 -9999 -9999 -9999 -9999 -9999 -9999
1010.28 995.5134 1282.79 1282.79 1282.79 1417.467 1433.33 1433.33 1449.979 1126.08 1126.08 1126.08 1135.601 950.38 950.38 950.38 1001.211 1000.73 1000.73 975.5105 972.54 972.54 972.54 1012.922 1012.54 1012.54 978.1506 974.1 974.1 974.1 1090.876 1089.77 1089.77 1208.039 1221.97 1221.97 1221.97 1022.238 1024.13 1024.13 1057.965 1061.95 1061.95 1061.95 1167.035 1166.04 1166.04 1149.393 1473.25 1473.25 1473.25 1706.277 1704.07 1704.07 1721.58 1380.94 1380.94 1380.94 1673.764 1670.99 1670.99 1634.945 2336.18 2336.18 2336.18 2484.505 2483.1 2483.1 2192.481 -9999 -9999 -9999 -9999 -9999 -9999 -9999 -9999
1010.28 995.5134 1282.79 1282.79 1282.79 1417.467 1433.33 1433.33 1449.979 1126.08 1126.08 1126.08 968.8944 950.38 950.38 950.38 1001.211 1000.73 1000.73 975.5105 972.54 972.54 972.54 1012.922 1012.54 1012.54 978.1506 974.1 974.1 974.1 1090.876 1089.77 1089.77 1208.039 1221.97 1221.97 1221.97 1022.238 1024.13 1024.13 1057.965 1061.95 1061.95 1061.95 1167.035 1166.04 1166.04 1149.393 1473.25 1473.25 1473.25 1706.277 1704.07 1704.07 1721.58 1380.94 1380.94 1380.94 1673.764 1670.99 1670.99 1634.945 2336.18 2336.18 2336.18 2484.505 2483.1 2483.1 2192.481 -9999 -9999 -9999 -9999 -9999 -9999 -9999 -9999
1010.28 995.5134 1282.79 1282.79 1282.79 1417.467 1433.33 1433.33 1449.979 1126.08 1126.08 1126.08 968.8944 950.38 950.38 947.6517 1000.73 1000.73 1000.73 975.5105 972.54 972.54 972.54 1012.922 1012.54 1012.54 978.1506 974.1 974.1 974.1 1090.876 1089.77 1089.77 1208.039 1221.97 1221.97 1221.97 1022.238 1024.13 1024.13 1057.965 1061.95 1061.95 1061.95 1166.04 1166.04 1166.04 1149.393 1473.25 1473.25 1473.25 1706.277 1704.07 1704.07 1721.58 1380.94 1380.94 1380.94 1673.764 1670.99 1670.99 1634.945 2336.18 2336.18 2336.18 2484.505 2483.1 2483.1 2192.481 -9999 -9999 -9999 -9999 -9999 -9999 -9999 -9999
1029.34 996.3425 1638.29 1638.29 1638.29 1959.747 1997.61 1997.61 2015.512 1667.23 1667.23 1667.23 1398.243 1366.56 1366.56 991.5067 1000.73 1000.73 1000.73 975.5105 972.54 972.54 972.54 1012.922 1012.54 1012.54 978.1506 974.1 974.1 974.1 1090.876 1089.77 1089.77 1208.039 1221.97 1221.97 1221.97 1022.238 1024.13 1024.13 1057.965 1061.95 1061.95 1061.95 1166.04 1166.04 1166.04 1440.878 1473.25 1473.25 1473.25 1706.277 1704.07 1704.07 1721.58 1380.94 1380.94 1380.94 1673.764 1670.99 1670.99 1634.945 2336.18 2336.18 2336.18 2484.505 2483.1 2483.1 2192.481 -9999 -9999 -9999 -9999 -9999 -9999 -9999 -9999
1029.34 996.3425 1638.29 1638.29 1638.29 1959.747 1997.61 1997.61 2015.512 1667.23 1667.23 1667.23 1398.243 1366.56 1366.56 1362.66 1438.53 1438.53 1438.53 1198.981 1201.25 1201.25 1201.25 1182.896 1183.07 1183.07 1016.58 996.97 996.97 996.97 1302.464 1299.57 1299.57 1155.875 1138.95 1138.95 1138.95 886.196 888.59 888.59 826.4493 819.13 819.13 819.13 838.36 838.36 838.36 970.2545 985.79 985.79 985.79 1031.372 1030.94 1030.94 1027.153 1100.83 1383.619 1380.94 1673.764 1670.99 1670.99 1634.945 2336.18 2336.18 2336.18 2484.505 2483.1 2483.1 2192.481 -9999 -9999 -9999 -9999 -9999 -9999 -9999 -9999
1029.34 996.3425 1638.29 1638.29 1638.29 1959.747 1997.61 1997.61 2015.512 1667.23 1667.23 1667.23 1398.243 1366.56 1366.56 1362.66 1438.53 1438.53 1438.53 1198.981 1201.25 1201.25 1202.235 1183.07 1183.07 1183.07 1016.58 996.97 996.97 996.97 1302.464 1299.57 1299.57 1155.875 1138.95 1138.95 1138.95 886.196 888.59 888.59 826.4493 819.13 819.13 819.13 838.36 838.36 838.36 970.2545 985.79 985.79 983.3434 1030.94 1030.94 1030.94 1027.153 1100.83 1100.83 1100.83 1327.739 1325.59 1325.59 1297.307 1847.53 1847.53 1847.53 2232.093 2228.45 2228.45 2288.998 -9999 -9999 -9999 -9999 -9999 -9999 -9999 -9999
1029.34 996.3425 1638.29 1638.29 1638.29 1959.747 1997.61 1997.61 2015.512 1667.23 1667.23 1667.23 1398.243 1366.56 1366.56 1362.66 1438.53 1438.53 1438.53 1198.981 1201.25 1201.25 1202.235 1183.07 1183.07 1183.07 1016.58 996.97 996.97 996.97 1302.464 1299.57 1299.57 1155.875 1138.95 1138.95 1138.95 886.196 888.59 888.59 826.4493 819.13 819.13 819.13 838.36 838.36 838.36 970.2545 985.79 985.79 983.3434 1030.94 1030.94 1030.94 1027.153 1100.83 1100.83 1100.83 1327.739 1325.59 1325.59 1297.307 1847.53 1847.53 1847.53 2232.093 2228.45 2228.45 2288.998 -9999 -9999 -9999 -9999 -9999 -9999 -9999 -9999
1029.34 996.3425 1638.29 1638.29 1638.29 1959.747 1997.61 1997.61 2015.512 1667.23 1667.23 1667.23 1398.243 1366.56 1366.56 1362.66 1438.53 1438.53 1438.53 1198.981 1201.25 1201.25 1202.235 1183.07 1183.07 1183.07 995.1904 996.97 996.97 996.97 1302.464 1299.57 1299.57 1155.875 1138.95 1138.95 1138.95 886.196 888.59 888.59 826.4493 819.13 819.13 819.13 838.36 838.36 838.36 970.2545 985.79 985.79 983.3434 1030.94 1030.94 1030.94 1093.465 1100.83 1100.83 1100.83 1327.739 1325.59 1325.59 1297.307 1847.53 1847.53 1847.53 2232.093 2228.45 2228.45 2288.998 -9999 -9999 -9999 -9999 -9999 -9999 -9999 -9999
916.08 1024.786 1037.59 1037.59 1037.59 1233.119 1256.15 1256.15 1247.107 1423.04 1423.04 1423.04 1150.09 1117.94 1117.94 1121.058 1060.39 1060.39 1060.39 1016.201 1016.62 1016.62 1021.65 923.8 923.8 923.8 906.4456 906.61 906.61 885.6113 1294.13 1294.13 1293.835 1155.875 1138.95 1138.95 1138.95 886.196 888.59 888.59 826.4493 819.13 819.13 819.13 838.36 838.36 838.36 970.2545 985.79 985.79 983.3434 1030.94 1030.94 1030.94 1093.465 1100.83 1100.83 1100.83 1327.739 1325.59 1325.59 1297.307 1847.53 1847.53 1847.53 2232.093 2228.45 2228.45 2288.998 -9999 -9999 -9999 -9999 -9999 -9999 -9999 -9999
916.08 1024.786 1037.59 1037.59 1037.59 1233.119 1256.15 1256.15 1247.107 1423.04 1423.04 1423.04 1150.09 1117.94 1117.94 1121.058 1060.39 1060.39 1060.39 1016.201 1016.62 1016.62 1021.65 923.8 923.8 923.8 906.4456 906.61 906.61 885.6113 1294.13 1294.13 1294.13 1365.637 1374.06 1374.06 1374.06 969.6293 973.46 973.46 833.9432 817.51 817.51 817.51 780.13 780.13 780.13 750.8668 747.42 747.42 749.8303 702.94 702.94 702.94 908.4443 932.65 932.65 910.1227 1348.38 1348.38 1348.38 1306.888 2114.1 2114.1 2114.1 2492.282 2488.7 2488.7 2056.909 -9999 -9999 -9999 -9999 -9999 -9999 -9999 -9999
916.08 1024.786 1037.59 1037.59 1037.59 1258.24 1256.15 1256.15 1247.107 1423.04 1423.04 1423.04 1150.09 1117.94 1117.94 1121.058 1060.39 1060.39 1060.39 1016.201 1016.62 1016.62 1021.65 923.8 923.8 923.8 906.4456 906.61 906.61 885.6113 1294.13 1294.13 1294.13 1374.824 1374.06 1374.06 1374.06 969.6293 973.46 973.46 833.9432 817.51 817.51 817.51 780.13 780.13 780.13 750.8668 747.42 747.42 749.8303 702.94 702.94 702.94 908.4443 932.65 932.65 910.1227 1348.38 1348.38 1348.38 1306.888 2114.1 2114.1 2114.1 2492.282 2488.7 2488.7 2056.909 -9999 -9999 -9999 -9999 -9999 -9999 -9999 -9999
