Model and model input files/precip_2005.asc
ncols         625
nrows         453
xllcorner     138621.56993419
yllcorner     4094031.9406744
cellsize      1000
NODATA_value  -9999
[rows 68 to 101 of 453, columns 0 to 76 of 625]
-9999 -9999 -9999 -9999 -9999 -9999 -9999 -9999 -9999 -9999 -9999 -9999 -9999 -9999 -9999 -9999 -9999 448.95 448.95 448.95 461.6503 461.53 461.53 461.9565 453.66 453.66 453.66 460.3332 460.27 460.27 459.1413 481.1 481.1 481.1 534.1691 540.42 540.42 540.42 552.51 552.51 552.51 546.346 545.62 545.62 545.8156 542.01 542.01 542.01 522.8113 520.55 520.55 520.55 490.0814 490.37 490.37 492.7976 445.57 445.57 445.57 397.6057 398.06 398.06 392.907 392.3 392.3 392.3 392.9461 392.94 392.94 390.6121 435.9 435.9 435.9 446.9576 448.26 448.26 448.1056
-9999 -9999 -9999 -9999 -9999 -9999 -9999 -9999 -9999 -9999 -9999 -9999 -9999 -9999 -9999 -9999 -9999 448.95 448.95 448.95 461.6503 461.53 461.53 461.9565 453.66 453.66 453.66 460.3332 460.27 460.27 459.1413 481.1 481.1 481.1 540.9872 540.42 540.42 540.42 552.51 552.51 552.51 546.346 545.62 545.62 545.3897 549.87 549.87 549.87 528.2469 525.7 525.7 527.4525 493.36 493.36 493.36 494.2373 477.17 477.17 477.17 458.0994 458.28 458.28 446.0684 444.63 444.63 444.63 442.2373 442.26 392.94 431.3731 435.9 435.9 435.9 446.9576 448.26 448.26 448.1056
-9999 -9999 -9999 -9999 -9999 -9999 -9999 -9999 -9999 -9999 -9999 -9999 -9999 -9999 -9999 -9999 -9999 448.95 448.95 448.2683 461.53 461.53 461.53 461.9565 453.66 453.66 453.66 460.3332 460.27 460.27 459.1413 481.1 481.1 481.1 540.9872 540.42 540.42 539.7648 552.51 552.51 552.51 546.346 545.62 545.62 545.3897 549.87 549.87 549.87 528.2469 525.7 525.7 527.4525 493.36 493.36 493.36 494.2373 477.17 477.17 477.17 458.0994 458.28 458.28 446.0684 444.63 444.63 444.63 442.2373 442.26 442.26 472.9725 476.59 476.59 476.59 501.228 504.13 504.13 503.9057
-9999 -9999 -9999 -9999 -9999 -9999 -9999 -9999 -9999 -9999 -9999 -9999 -9999 -9999 -9999 -9999 -9999 448.95 448.95 448.2683 461.53 461.53 461.53 461.9565 453.66 453.66 453.66 460.3332 460.27 460.27 459.1413 481.1 481.1 481.1 540.9872 540.42 540.42 539.7648 552.51 552.51 552.51 546.346 545.62 545.62 545.3897 549.87 549.87 549.87 528.2469 525.7 525.7 527.4525 493.36 493.36 493.36 478.876 477.17 477.17 477.17 458.0994 458.28 458.28 446.0684 444.63 444.63 444.63 442.2373 442.26 442.26 472.9725 476.59 476.59 476.59 504.3933 504.13 504.13 503.9057
-9999 -9999 -9999 -9999 -9999 -9999 -9999 -9999 -9999 -9999 -9999 -9999 -9999 -9999 -9999 -9999 -9999 363.14 363.14 361.1768 399.37 399.37 399.37 464.7492 472.45 455.64 453.66 460.3332 460.27 460.27 459.1413 481.1 481.1 481.1 540.9872 540.42 540.42 539.7648 552.51 552.51 552.51 545.5541 545.62 545.62 545.3897 549.87 549.87 549.87 528.2469 525.7 525.7 527.4525 493.36 493.36 493.36 478.876 477.17 477.17 477.17 458.0994 458.28 458.28 446.0684 444.63 444.63 444.63 442.2373 442.26 442.26 472.9725 476.59 476.59 476.59 504.3933 504.13 504.13 503.9057
-9999 -9999 -9999 -9999 -9999 -9999 -9999 -9999 -9999 -9999 -9999 -9999 -9999 -9999 -9999 -9999 -9999 363.14 363.14 361.1768 399.37 399.37 399.37 464.7492 472.45 472.45 464.6346 616.68 616.68 616.68 616.1387 626.67 626.67 626.67 590.1541 590.5 590.5 589.4612 609.67 609.67 609.67 626.4086 626.25 626.25 629.8892 559.09 559.09 550.8416 528.2469 525.7 525.7 527.4525 493.36 493.36 493.36 478.876 477.17 477.17 478.1936 458.28 458.28 458.28 446.0684 444.63 444.63 444.63 442.2373 442.26 442.26 472.9725 476.59 476.59 476.59 504.3933 504.13 504.13 507.8337
-9999 -9999 -9999 -9999 -9999 -9999 -9999 -9999 -9999 -9999 -9999 -9999 -9999 -9999 -9999 -9999 -9999 363.14 363.14 361.1768 399.37 399.37 399.37 464.7492 472.45 472.45 464.6346 616.68 616.68 616.68 616.1387 626.67 626.67 626.67 590.1541 590.5 590.5 589.4612 609.67 609.67 609.67 626.4086 626.25 626.25 566.167 559.09 559.09 559.09 531.294 528.02 528.02 530.427 483.6 483.6 483.6 448.5218 444.39 444.39 444.9503 434.05 434.05 434.05 418.2201 418.37 418.37 418.37 430.9592 430.84 430.84 466.285 470.1278 476.59 476.59 504.3933 504.13 504.13 507.8337
-9999 -9999 -9999 -9999 -9999 -9999 -9999 -9999 -9999 -9999 -9999 -9999 -9999 -9999 -9999 -9999 -9999 363.14 363.14 361.1768 399.37 399.37 399.37 464.7492 472.45 472.45 464.6346 616.68 616.68 616.68 625.6173 626.67 626.67 626.67 590.1541 590.5 590.5 589.4612 609.67 609.67 609.67 626.4086 626.25 626.25 566.167 559.09 559.09 559.09 527.7229 528.02 528.02 530.427 483.6 483.6 483.6 448.5218 444.39 444.39 444.9503 434.05 434.05 434.05 418.2201 418.37 418.37 418.37 430.9592 430.84 430.84 466.285 470.46 470.46 470.46 490.9137 490.72 490.72 474.0979
-9999 -9999 -9999 -9999 -9999 -9999 -9999 -9999 -9999 -9999 -9999 -9999 -9999 -9999 -9999 -9999 -9999 363.14 363.14 361.1768 399.37 399.37 399.37 464.7492 472.45 472.45 464.6346 616.68 616.68 616.68 625.6173 626.67 626.67 628.6299 590.5 590.5 590.5 589.4612 609.67 609.67 609.67 626.4086 626.25 626.25 566.167 559.09 559.09 559.09 527.7229 528.02 528.02 530.427 483.6 483.6 483.6 448.5218 444.39 444.39 444.9503 434.05 434.05 434.05 418.2201 418.37 418.37 417.6943 430.84 430.84 430.84 466.285 470.46 470.46 470.46 490.9137 490.72 490.72 474.0979
-9999 -9999 -9999 -9999 -9999 -9999 -9999 -9999 -9999 -9999 -9999 -9999 -9999 -9999 -9999 -9999 -9999 322.86 322.86 353.6709 357.3 357.3 357.3 412.0869 418.54 418.54 413.5125 511.32 511.32 511.32 538.9818 542.24 542.24 545.8462 475.69 591.5979 590.5 589.4612 609.67 609.67 609.67 626.4086 626.25 626.25 566.167 559.09 559.09 559.09 527.7229 528.02 528.02 488.2808 483.6 483.6 483.6 448.5218 444.39 444.39 444.9503 434.05 434.05 434.05 418.2201 418.37 418.37 417.6943 430.84 430.84 430.84 466.285 470.46 470.46 470.46 490.9137 490.72 490.72 474.0979
-9999 -9999 -9999 -9999 -9999 -9999 -9999 -9999 -9999 -9999 -9999 -9999 -9999 -9999 -9999 -9999 -9999 322.86 322.86 353.6709 357.3 357.3 357.3 412.0869 418.54 418.54 413.5125 511.32 511.32 511.32 538.9818 542.24 542.24 545.8462 475.69 475.69 475.69 479.4474 479.89 479.89 479.89 478.9511 478.96 478.96 454.5099 451.63 451.63 451.63 456.8091 456.76 456.76 479.0183 481.64 481.64 481.64 438.367 433.27 432.6674 444.9503 434.05 434.05 434.05 418.2201 418.37 418.37 417.6943 430.84 430.84 430.84 470.8389 470.46 470.46 470.46 490.9137 490.72 490.72 474.0979
-9999 -9999 -9999 -9999 -9999 -9999 -9999 -9999 -9999 -9999 -9999 -9999 -9999 -9999 -9999 -9999 -9999 322.86 322.86 353.6709 357.3 357.3 357.3 419.1256 418.54 418.54 413.5125 511.32 511.32 511.32 538.9818 542.24 542.24 545.8462 475.69 475.69 475.69 479.4474 479.89 479.89 479.89 478.9511 478.96 478.96 454.5099 451.63 451.63 451.63 456.8091 456.76 456.76 479.0183 481.64 481.64 481.64 432.8075 433.27 433.27 435.1167 399.19 399.19 399.19 378.3223 378.52 378.52 378.0681 386.86 386.86 386.86 436.7425 436.27 436.27 434.3279 472.11 472.11 472.11 440.6371
-9999 -9999 -9999 -9999 -9999 -9999 -9999 -9999 -9999 -9999 -9999 -9999 -9999 -9999 -9999 -9999 -9999 322.86 322.86 353.6709 357.3 357.3 357.3 419.1256 418.54 418.54 501.5433 511.32 511.32 511.32 538.9818 542.24 542.24 545.8462 475.69 475.69 475.69 479.4474 479.89 479.89 479.9404 478.96 478.96 478.96 454.5099 451.63 451.63 451.63 456.8091 456.76 456.76 479.0183 481.64 481.64 481.64 432.8075 433.27 433.27 402.7812 399.19 399.19 399.19 378.3223 378.52 378.52 378.0681 386.86 386.86 386.86 436.7425 436.27 436.27 434.3279 472.11 472.11 472.11 440.6371
-9999 -9999 -9999 -9999 -9999 -9999 -9999 -9999 -9999 -9999 -9999 -9999 -9999 -9999 -9999 -9999 -9999 325.14 325.14 340.5186 342.33 342.33 342.33 411.9449 418.54 418.54 501.5433 511.32 511.32 511.32 538.9818 542.24 542.24 545.8462 475.69 475.69 475.69 479.4474 479.89 479.89 479.9404 478.96 478.96 478.96 451.3687 451.63 451.63 451.63 456.8091 456.76 456.76 479.0183 481.64 481.64 481.64 432.8075 433.27 433.27 402.7812 399.19 399.19 399.19 378.3223 378.52 378.52 378.0681 386.86 386.86 386.86 436.7425 436.27 436.27 434.3279 472.11 472.11 472.11 436.5936
-9999 -9999 -9999 -9999 -9999 -9999 -9999 -9999 -9999 -9999 -9999 -9999 -9999 -9999 -9999 -9999 -9999 325.14 325.14 340.5186 342.33 342.33 342.33 354.9395 354.82 354.82 369.8497 371.62 371.62 371.62 373.7502 373.73 373.73 373.9061 370.48 370.48 370.48 368.2792 368.02 368.02 367.5063 377.5 377.5 377.5 359.4203 451.63 451.63 451.63 456.8091 456.76 456.76 479.0183 481.64 481.64 481.64 432.8075 433.27 433.27 402.7812 399.19 399.19 399.19 378.52 378.52 378.52 378.0681 386.86 386.86 386.86 436.7425 436.27 436.27 434.3279 472.11 472.11 472.11 436.5936
-9999 -9999 -9999 -9999 -9999 -9999 -9999 -9999 -9999 -9999 -9999 -9999 -9999 -9999 -9999 -9999 -9999 325.14 325.14 340.5186 342.33 342.33 342.33 354.9395 354.82 354.82 369.8497 371.62 371.62 371.62 373.7502 373.73 373.73 370.8225 370.48 370.48 370.48 368.2792 368.02 368.02 367.5063 377.5 377.5 377.5 364.1536 364.28 364.28 363.459 379.43 379.43 379.43 413.0232 416.98 416.98 416.98 399.6155 399.78 399.78 377.7275 375.13 375.13 375.13 358.88 358.88 358.88 357.968 375.71 375.71 385.6851 436.7425 436.27 436.27 434.3279 472.11 472.11 472.11 436.5936
-9999 -9999 -9999 -9999 -9999 -9999 -9999 -9999 -9999 -9999 -9999 -9999 -9999 -9999 -9999 -9999 -9999 325.14 325.14 342.4944 342.33 342.33 342.33 354.9395 354.82 354.82 369.8497 371.62 371.62 371.62 373.7502 373.73 373.73 370.8225 370.48 370.48 370.48 368.2792 368.02 368.02 367.5063 377.5 377.5 377.5 364.1536 364.28 364.28 363.459 379.43 379.43 379.43 413.0232 416.98 416.98 416.98 399.6155 399.78 399.78 377.7275 375.13 375.13 375.13 358.88 358.88 358.88 373.9365 375.71 375.71 375.71 438.101 437.51 437.51 437.6368 435.17 435.17 435.17 397.1398
-9999 -9999 -9999 -9999 -9999 -9999 -9999 -9999 -9999 -9999 -9999 -9999 -9999 -9999 -9999 -9999 -9999 325.14 325.14 342.4944 342.33 342.33 342.33 354.9395 354.82 354.82 369.8497 371.62 371.62 371.62 373.7502 373.73 373.73 370.8225 370.48 370.48 370.48 367.9965 368.02 368.02 367.5063 377.5 377.5 377.5 364.1536 364.28 364.28 363.459 379.43 379.43 379.43 417.3391 416.98 416.98 416.98 399.6155 399.78 399.78 377.7275 375.13 375.13 375.13 358.88 358.88 358.88 373.9365 375.71 375.71 375.71 438.101 437.51 437.51 437.6368 435.17 435.17 435.17 397.1398
-9999 -9999 -9999 -9999 -9999 -9999 -9999 -9999 -9999 -9999 -9999 -9999 -9999 -9999 -9999 -9999 -9999 337.14 337.14 336.2213 336.23 336.23 336.036 339.81 339.81 353.2383 369.8497 371.62 371.62 371.62 373.7502 373.73 373.73 370.8225 370.48 370.48 370.48 367.9965 368.02 368.02 367.5063 377.5 377.5 377.5 364.1536 364.28 364.28 363.459 379.43 379.43 379.43 417.3391 416.98 416.98 417.912 399.78 399.78 399.78 377.7275 375.13 375.13 375.13 358.88 358.88 358.88 373.9365 375.71 375.71 372.3612 437.51 437.51 437.51 437.6368 435.17 435.17 435.17 397.1398
-9999 -9999 -9999 -9999 -9999 -9999 -9999 -9999 -9999 -9999 -9999 -9999 -9999 -9999 -9999 -9999 -9999 337.14 337.14 336.2213 336.23 336.23 336.036 339.81 339.81 339.81 333.8839 333.94 333.94 333.94 334.9496 334.94 334.94 357.3056 359.94 359.94 359.94 374.8815 374.74 374.74 367.5562 366.71 366.71 366.71 337.0188 337.3 337.3 337.4095 335.28 335.28 335.28 362.1142 361.86 361.86 361.2872 396.898 399.78 399.78 377.7275 375.13 375.13 375.13 358.88 358.88 358.88 373.9365 375.71 375.71 372.3612 437.51 437.51 437.51 435.4166 435.17 435.17 435.17 397.1398
-9999 -9999 -9999 -9999 -9999 -9999 -9999 -9999 -9999 -9999 -9999 -9999 -9999 -9999 -9999 -9999 -9999 337.14 337.14 336.2213 336.23 336.23 336.036 339.81 339.81 339.81 333.8839 333.94 333.94 333.94 334.9496 334.94 334.94 357.3056 359.94 359.94 359.94 374.8815 374.74 374.74 367.5562 366.71 366.71 366.71 337.0188 337.3 337.3 337.4095 335.28 335.28 335.28 362.1142 361.86 361.86 361.2872 372.43 372.43 372.43 366.7361 366.79 366.79 366.79 358.62 358.62 358.62 373.0771 374.78 374.78 371.7141 431.36 431.36 431.36 408.6813 406.01 406.01 406.01 377.8735
-9999 -9999 -9999 -9999 -9999 -9999 -9999 -9999 -9999 -9999 -9999 -9999 -9999 -9999 -9999 -9999 -9999 337.14 337.14 336.2213 336.23 336.23 336.036 339.81 339.81 339.81 333.8839 333.94 333.94 333.8858 334.94 334.94 334.94 357.3056 359.94 359.94 359.94 374.8815 374.74 374.74 367.5562 366.71 366.71 366.71 337.3 337.3 337.3 337.4095 335.28 335.28 335.28 362.1142 361.86 361.86 361.2872 372.43 372.43 372.43 366.7361 366.79 366.79 366.79 358.62 358.62 358.62 373.0771 374.78 374.78 371.7141 431.36 431.36 431.36 408.6813 406.01 406.01 407.5202 378.14
-9999 -9999 -9999 -9999 -9999 -9999 -9999 -9999 -9999 -9999 -9999 -9999 -9999 -9999 -9999 -9999 -9999 337.14 337.14 336.2213 336.23 336.23 336.036 339.81 339.81 339.81 333.8839 333.94 333.94 333.8858 334.94 334.94 334.94 357.3056 359.94 359.94 359.94 374.8815 374.74 374.74 367.5562 366.71 366.71 366.71 337.3 337.3 337.3 335.4929 335.28 335.28 335.28 362.1142 361.86 361.86 361.2872 372.43 372.43 372.43 366.7361 366.79 366.79 367.2327 358.62 358.62 358.62 373.0771 374.78 374.78 371.7141 431.36 431.36 431.36 408.6813 406.01 406.01 407.5202 378.14
-9999 -9999 -9999 -9999 -9999 -9999 -9999 -9999 -9999 -9999 -9999 -9999 -9999 -9999 -9999 -9999 -9999 316.46 316.46 316.47 316.47 316.47 315.3781 336.62 336.62 336.62 314.3188 314.53 314.53 314.5587 314 314 314 332.5558 332.38 357.0359 359.94 374.8815 374.74 374.74 367.5562 366.71 366.71 366.71 337.3 337.3 337.3 335.4929 335.28 335.28 335.28 362.1142 361.86 361.86 361.2872 372.43 372.43 372.43 366.7361 366.79 366.79 367.2327 358.62 358.62 358.62 373.0771 374.78 374.78 371.7141 431.36 431.36 431.36 408.6813 406.01 406.01 407.5202 378.14
-9999 -9999 -9999 -9999 -9999 -9999 -9999 -9999 -9999 -9999 -9999 -9999 -9999 -9999 -9999 -9999 -9999 316.46 316.46 316.47 316.47 316.47 315.3781 336.62 336.62 336.62 314.3188 314.53 314.53 314.5587 314 314 314 332.5558 332.38 332.38 332.38 373.7822 373.39 373.39 368.9258 368.4 368.4 368.4 339.98 339.98 339.98 331.8658 330.91 330.91 330.3806 340.68 340.68 340.68 339.8065 356.8 356.8 356.8 366.8855 366.79 366.79 367.2327 358.62 358.62 358.62 374.9345 374.78 374.78 371.7141 431.36 431.36 431.36 408.6813 406.01 406.01 407.5202 378.14
-9999 -9999 -9999 -9999 -9999 -9999 -9999 -9999 -9999 -9999 -9999 -9999 -9999 -9999 -9999 -9999 -9999 316.46 316.46 316.47 316.47 316.47 334.4967 336.62 336.62 336.62 314.3188 314.53 314.53 314.5587 314 314 314 332.5558 332.38 332.38 330.1578 373.39 373.39 373.39 368.9258 368.4 368.4 368.4 339.98 339.98 339.98 331.8658 330.91 330.91 330.3806 340.68 340.68 340.68 339.8065 356.8 356.8 356.8 378.1926 377.99 377.99 376.5822 403.97 403.97 403.97 412.4907 412.41 412.41 413.8779 385.32 385.32 385.32 368.6531 366.69 366.69 366.6835 366.81
-9999 -9999 -9999 -9999 -9999 -9999 -9999 -9999 -9999 -9999 -9999 -9999 -9999 -9999 -9999 -9999 -9999 316.46 316.46 316.47 316.47 316.47 334.4967 336.62 336.62 337.817 314.53 314.53 314.53 314.5587 314 314 314 332.5558 332.38 332.38 330.1578 373.39 373.39 373.39 368.3523 368.4 368.4 368.4 339.98 339.98 339.98 331.8658 330.91 330.91 330.3806 340.68 340.68 340.68 355.1013 356.8 356.8 356.8 378.1926 377.99 377.99 376.5822 403.97 403.97 403.97 412.4907 412.41 412.41 388.1746 385.32 385.32 385.32 368.6531 366.69 366.69 366.6835 366.81
-9999 -9999 -9999 -9999 -9999 -9999 -9999 -9999 -9999 -9999 -9999 -9999 -9999 -9999 -9999 -9999 -9999 275.51 275.51 287.97 287.97 287.97 315.7481 334.7654 336.62 337.817 314.53 314.53 314.53 314.5587 314 314 314 332.5558 332.38 332.38 330.1578 373.39 373.39 373.39 368.3523 368.4 368.4 368.4 339.98 339.98 339.98 331.8658 330.91 330.91 330.3806 340.68 340.68 340.68 355.1013 356.8 356.8 356.8 378.1926 377.99 377.99 376.5822 403.97 403.97 403.97 412.4907 412.41 412.41 388.1746 385.32 385.32 385.32 368.6531 366.69 366.69 366.6835 366.81
-9999 -9999 -9999 -9999 -9999 -9999 -9999 -9999 -9999 -9999 -9999 -9999 -9999 -9999 -9999 -9999 -9999 275.51 275.51 287.97 287.97 287.97 315.7481 319.02 319.02 319.5787 308.71 308.71 308.71 305.1673 304.75 304.75 304.75 315.8451 315.74 315.74 315.2501 324.78 324.78 324.78 336.1275 336.02 336.02 335.9279 337.72 340.0016 339.98 331.8658 330.91 330.91 330.3806 340.68 340.68 340.68 355.1013 356.8 356.8 355.6518 377.99 377.99 377.99 376.5822 403.97 403.97 403.97 412.4907 412.41 412.41 388.1746 385.32 385.32 385.32 366.5118 366.69 366.69 366.6835 366.81
-9999 -9999 -9999 -9999 -9999 -9999 -9999 -9999 -9999 -9999 -9999 -9999 -9999 -9999 -9999 -9999 -9999 275.51 275.51 287.97 287.97 287.97 315.7481 319.02 319.02 319.5787 308.71 308.71 308.71 305.1673 304.75 304.75 304.75 315.8451 315.74 315.74 315.2501 324.78 324.78 324.78 336.1275 336.02 336.02 335.9279 337.72 337.72 337.72 348.9475 350.27 350.27 350.0494 354.34 354.34 354.34 375.65 378.16 378.16 371.6765 497.81 497.81 497.81 497.1755 509.52 509.52 509.52 460.112 460.58 460.58 427.2749 385.32 385.32 385.32 366.5118 366.69 366.69 366.6835 366.81
-9999 -9999 -9999 -9999 -9999 -9999 -9999 -9999 -9999 -9999 -9999 -9999 -9999 -9999 -9999 -9999 -9999 275.51 274.8348 287.97 287.97 287.97 315.7481 319.02 319.02 319.5787 308.71 308.71 308.71 305.1673 304.75 304.75 304.1545 315.74 315.74 315.74 315.2501 324.78 324.78 324.78 336.1275 336.02 336.02 335.9279 337.72 337.72 337.72 350.39 350.27 350.27 350.0494 354.34 354.34 354.34 375.65 378.16 378.16 371.6765 497.81 497.81 497.81 508.286 509.52 509.52 509.52 460.112 460.58 460.58 425.3318 421.18 421.18 421.18 406.3495 406.49 406.49 418.6569 420.09
-9999 -9999 -9999 -9999 -9999 -9999 -9999 -9999 -9999 -9999 -9999 -9999 -9999 -9999 -9999 -9999 -9999 275.51 274.8348 287.97 287.97 287.97 315.7481 319.02 319.02 319.5787 308.71 308.71 308.71 305.1673 304.75 304.75 304.1545 315.74 315.74 315.74 315.2501 324.78 324.78 324.78 336.1275 336.02 336.02 335.9279 337.72 337.72 337.72 350.39 350.27 350.27 350.0494 354.34 354.34 354.34 375.65 378.16 378.16 371.6765 497.81 497.81 497.81 508.286 509.52 509.52 509.52 460.112 460.58 460.58 425.3318 421.18 421.18 421.18 406.3495 406.49 406.49 418.6569 420.09
-9999 -9999 -9999 -9999 -9999 -9999 -9999 -9999 -9999 -9999 -9999 -9999 -9999 -9999 -9999 -9999 -9999 268.19 267.2693 285.18 285.18 285.18 314.4472 314.17 314.17 314.6604 305.12 305.12 305.12 305.281 305.3 305.3 304.7343 315.74 315.74 315.74 323.8274 324.78 324.78 324.78 336.1275 336.02 336.02 335.9279 337.72 337.72 337.72 350.39 350.27 350.27 353.9111 354.34 354.34 354.34 375.65 378.16 378.16 371.6765 497.81 497.81 497.81 508.286 509.52 509.52 512.1719 460.58 460.58 460.58 425.3318 421.18 421.18 421.18 406.3495 406.49 406.49 418.6569 420.09
-9999 -9999 -9999 -9999 -9999 -9999 -9999 -9999 -9999 -9999 -9999 -9999 -9999 -9999 -9999 -9999 -9999 268.19 267.2693 285.18 285.18 285.18 314.4472 314.17 314.17 314.6604 305.12 305.12 305.12 305.281 305.3 305.3 304.9537 311.69 311.69 311.69 314.1771 314.47 314.47 314.47 321.1735 321.11 321.11 319.4535 351.68 351.68 351.68 368.3681 368.21 368.21 370.8134 371.12 371.12 371.12 455.2684 469.8954 378.16 371.6765 497.81 497.81 497.81 508.286 509.52 509.52 512.1719 460.58 460.58 460.58 425.3318 421.18 421.18 421.18 406.3495 406.49 406.49 418.6569 420.09
