Model and model input files/precip_1984.asc
ncols         625
nrows         453
xllcorner     138621.56993419
yllcorner     4094031.9406744
cellsize      1000
NODATA_value  -9999
[rows 68 to 101 of 453, columns 0 to 76 of 625]
-9999 -9999 -9999 -9999 -9999 -9999 -9999 -9999 -9999 -9999 -9999 -9999 -9999 -9999 -9999 -9999 -9999 442.63 442.63 442.63 455.6635 455.54 455.54 455.7877 450.97 450.97 450.97 454.0492 454.02 454.02 452.7352 477.73 477.73 477.73 511.18 515.12 515.12 515.12 519.55 519.55 519.55 518.7806 518.69 518.69 518.0864 529.83 529.83 529.83 508.3858 505.86 505.86 505.86 488.8085 488.97 488.97 491.2432 447.02 447.02 447.02 392.0089 392.53 392.53 378.3681 376.7 376.7 376.7 385.2308 385.15 385.15 381.4945 452.61 452.61 452.61 468.2659 470.11 470.11 470.0775
-9999 -9999 -9999 -9999 -9999 -9999 -9999 -9999 -9999 -9999 -9999 -9999 -9999 -9999 -9999 -9999 -9999 442.63 442.63 442.63 455.6635 455.54 455.54 455.7877 450.97 450.97 450.97 454.0492 454.02 454.02 452.7352 477.73 477.73 477.73 515.4775 515.12 515.12 515.12 519.55 519.55 519.55 518.7806 518.69 518.69 518.7166 518.2 518.2 518.2 499.3681 497.15 497.15 498.12 479.25 479.25 479.25 480.0585 464.33 464.33 464.33 447.8237 447.98 447.98 440.6799 439.82 439.82 439.82 443.828 443.79 385.15 445.5014 452.61 452.61 452.61 468.2659 470.11 470.11 470.0775
-9999 -9999 -9999 -9999 -9999 -9999 -9999 -9999 -9999 -9999 -9999 -9999 -9999 -9999 -9999 -9999 -9999 442.63 442.63 441.9305 455.54 455.54 455.54 455.7877 450.97 450.97 450.97 454.0492 454.02 454.02 452.7352 477.73 477.73 477.73 515.4775 515.12 515.12 514.8799 519.55 519.55 519.55 518.7806 518.69 518.69 518.7166 518.2 518.2 518.2 499.3681 497.15 497.15 498.12 479.25 479.25 479.25 480.0585 464.33 464.33 464.33 447.8237 447.98 447.98 440.6799 439.82 439.82 439.82 443.828 443.79 443.79 493.5669 499.43 499.43 499.43 546.1652 551.67 551.67 551.7697
-9999 -9999 -9999 -9999 -9999 -9999 -9999 -9999 -9999 -9999 -9999 -9999 -9999 -9999 -9999 -9999 -9999 442.63 442.63 441.9305 455.54 455.54 455.54 455.7877 450.97 450.97 450.97 454.0492 454.02 454.02 452.7352 477.73 477.73 477.73 515.4775 515.12 515.12 514.8799 519.55 519.55 519.55 518.7806 518.69 518.69 518.7166 518.2 518.2 518.2 499.3681 497.15 497.15 498.12 479.25 479.25 479.25 465.9022 464.33 464.33 464.33 447.8237 447.98 447.98 440.6799 439.82 439.82 439.82 443.828 443.79 443.79 493.5669 499.43 499.43 499.43 552.1696 551.67 551.67 551.7697
-9999 -9999 -9999 -9999 -9999 -9999 -9999 -9999 -9999 -9999 -9999 -9999 -9999 -9999 -9999 -9999 -9999 350.96 350.96 348.4717 396.88 396.88 396.88 456.4441 463.46 452.2861 450.97 454.0492 454.02 454.02 452.7352 477.73 477.73 477.73 515.4775 515.12 515.12 514.8799 519.55 519.55 519.55 518.6818 518.69 518.69 518.7166 518.2 518.2 518.2 499.3681 497.15 497.15 498.12 479.25 479.25 479.25 465.9022 464.33 464.33 464.33 447.8237 447.98 447.98 440.6799 439.82 439.82 439.82 443.828 443.79 443.79 493.5669 499.43 499.43 499.43 552.1696 551.67 551.67 551.7697
-9999 -9999 -9999 -9999 -9999 -9999 -9999 -9999 -9999 -9999 -9999 -9999 -9999 -9999 -9999 -9999 -9999 350.96 350.96 348.4717 396.88 396.88 396.88 456.4441 463.46 463.46 456.6096 589.88 589.88 589.88 590.2772 582.55 582.55 582.55 539.0681 539.48 539.48 538.3529 560.28 560.28 560.28 566.8422 566.78 566.78 570.1407 504.76 504.76 516.7838 499.3681 497.15 497.15 498.12 479.25 479.25 479.25 465.9022 464.33 464.33 465.2159 447.98 447.98 447.98 440.6799 439.82 439.82 439.82 443.828 443.79 443.79 493.5669 499.43 499.43 499.43 552.1696 551.67 551.67 550.0239
-9999 -9999 -9999 -9999 -9999 -9999 -9999 -9999 -9999 -9999 -9999 -9999 -9999 -9999 -9999 -9999 -9999 350.96 350.96 348.4717 396.88 396.88 396.88 456.4441 463.46 463.46 456.6096 589.88 589.88 589.88 590.2772 582.55 582.55 582.55 539.0681 539.48 539.48 538.3529 560.28 560.28 560.28 566.8422 566.78 566.78 511.2954 504.76 504.76 504.76 484.6399 482.27 482.27 483.8382 453.33 453.33 453.33 411.7389 406.84 406.84 407.4447 395.68 395.68 395.68 393.2369 393.26 393.26 393.26 425.1925 424.89 424.89 483.7832 490.248 499.43 499.43 552.1696 551.67 551.67 550.0239
-9999 -9999 -9999 -9999 -9999 -9999 -9999 -9999 -9999 -9999 -9999 -9999 -9999 -9999 -9999 -9999 -9999 350.96 350.96 348.4717 396.88 396.88 396.88 456.4441 463.46 463.46 456.6096 589.88 589.88 589.88 583.3224 582.55 582.55 582.55 539.0681 539.48 539.48 538.3529 560.28 560.28 560.28 566.8422 566.78 566.78 511.2954 504.76 504.76 504.76 482.0549 482.27 482.27 483.8382 453.33 453.33 453.33 411.7389 406.84 406.84 407.4447 395.68 395.68 395.68 393.2369 393.26 393.26 393.26 425.1925 424.89 424.89 483.7832 490.72 490.72 490.72 527.6498 527.3 527.3 507.6003
-9999 -9999 -9999 -9999 -9999 -9999 -9999 -9999 -9999 -9999 -9999 -9999 -9999 -9999 -9999 -9999 -9999 350.96 350.96 348.4717 396.88 396.88 396.88 456.4441 463.46 463.46 456.6096 589.88 589.88 589.88 583.3224 582.55 582.55 584.8839 539.48 539.48 539.48 538.3529 560.28 560.28 560.28 566.8422 566.78 566.78 511.2954 504.76 504.76 504.76 482.0549 482.27 482.27 483.8382 453.33 453.33 453.33 411.7389 406.84 406.84 407.4447 395.68 395.68 395.68 393.2369 393.26 393.26 391.5461 424.89 424.89 424.89 483.7832 490.72 490.72 490.72 527.6498 527.3 527.3 507.6003
-9999 -9999 -9999 -9999 -9999 -9999 -9999 -9999 -9999 -9999 -9999 -9999 -9999 -9999 -9999 -9999 -9999 319.5 319.5 355.8397 360.12 360.12 360.12 409.4675 415.28 415.28 410.8393 497.23 497.23 497.23 511.4724 513.15 513.15 516.5162 451.03 540.3258 539.48 538.3529 560.28 560.28 560.28 566.8422 566.78 566.78 511.2954 504.76 504.76 504.76 482.0549 482.27 482.27 456.3795 453.33 453.33 453.33 411.7389 406.84 406.84 407.4447 395.68 395.68 395.68 393.2369 393.26 393.26 391.5461 424.89 424.89 424.89 483.7832 490.72 490.72 490.72 527.6498 527.3 527.3 507.6003
-9999 -9999 -9999 -9999 -9999 -9999 -9999 -9999 -9999 -9999 -9999 -9999 -9999 -9999 -9999 -9999 -9999 319.5 319.5 355.8397 360.12 360.12 360.12 409.4675 415.28 415.28 410.8393 497.23 497.23 497.23 511.4724 513.15 513.15 516.5162 451.03 451.03 451.03 447.2278 446.78 446.78 446.78 433.7466 433.87 433.87 405.412 402.06 402.06 402.06 406.1689 406.13 406.13 436.8156 440.43 440.43 440.43 389.5527 383.56 382.2985 407.4447 395.68 395.68 395.68 393.2369 393.26 393.26 391.5461 424.89 424.89 424.89 491.3495 490.72 490.72 490.72 527.6498 527.3 527.3 507.6003
-9999 -9999 -9999 -9999 -9999 -9999 -9999 -9999 -9999 -9999 -9999 -9999 -9999 -9999 -9999 -9999 -9999 319.5 319.5 355.8397 360.12 360.12 360.12 415.8075 415.28 415.28 410.8393 497.23 497.23 497.23 511.4724 513.15 513.15 516.5162 451.03 451.03 451.03 447.2278 446.78 446.78 446.78 433.7466 433.87 433.87 405.412 402.06 402.06 402.06 406.1689 406.13 406.13 436.8156 440.43 440.43 440.43 383.0162 383.56 383.56 384.2612 370.62 370.62 370.62 365.0169 365.07 365.07 364.0058 384.71 384.71 384.71 456.6413 455.96 455.96 453.0062 510.47 510.47 510.47 476.9484
-9999 -9999 -9999 -9999 -9999 -9999 -9999 -9999 -9999 -9999 -9999 -9999 -9999 -9999 -9999 -9999 -9999 319.5 319.5 355.8397 360.12 360.12 360.12 415.8075 415.28 415.28 488.5945 497.23 497.23 497.23 511.4724 513.15 513.15 516.5162 451.03 451.03 451.03 447.2278 446.78 446.78 447.4796 433.87 433.87 433.87 405.412 402.06 402.06 402.06 406.1689 406.13 406.13 436.8156 440.43 440.43 440.43 383.0162 383.56 383.56 371.9836 370.62 370.62 370.62 365.0169 365.07 365.07 364.0058 384.71 384.71 384.71 456.6413 455.96 455.96 453.0062 510.47 510.47 510.47 476.9484
-9999 -9999 -9999 -9999 -9999 -9999 -9999 -9999 -9999 -9999 -9999 -9999 -9999 -9999 -9999 -9999 -9999 329.51 329.51 350.4174 352.88 352.88 352.88 410.2632 415.28 415.28 488.5945 497.23 497.23 497.23 511.4724 513.15 513.15 516.5162 451.03 451.03 451.03 447.2278 446.78 446.78 447.4796 433.87 433.87 433.87 401.7558 402.06 402.06 402.06 406.1689 406.13 406.13 436.8156 440.43 440.43 440.43 383.0162 383.56 383.56 371.9836 370.62 370.62 370.62 365.0169 365.07 365.07 364.0058 384.71 384.71 384.71 456.6413 455.96 455.96 453.0062 510.47 510.47 510.47 472.6417
-9999 -9999 -9999 -9999 -9999 -9999 -9999 -9999 -9999 -9999 -9999 -9999 -9999 -9999 -9999 -9999 -9999 329.51 329.51 350.4174 352.88 352.88 352.88 366.5697 366.44 366.44 376.6745 377.88 377.88 377.88 375.3561 375.38 375.38 375.6938 369.59 369.59 369.59 361.6368 360.7 360.7 360.9904 355.34 355.34 355.34 336.5011 402.06 402.06 402.06 406.1689 406.13 406.13 436.8156 440.43 440.43 440.43 383.0162 383.56 383.56 371.9836 370.62 370.62 370.62 365.07 365.07 365.07 364.0058 384.71 384.71 384.71 456.6413 455.96 455.96 453.0062 510.47 510.47 510.47 472.6417
-9999 -9999 -9999 -9999 -9999 -9999 -9999 -9999 -9999 -9999 -9999 -9999 -9999 -9999 -9999 -9999 -9999 329.51 329.51 350.4174 352.88 352.88 352.88 366.5697 366.44 366.44 376.6745 377.88 377.88 377.88 375.3561 375.38 375.38 370.2001 369.59 369.59 369.59 361.6368 360.7 360.7 360.9904 355.34 355.34 355.34 339.8634 340.01 340.01 339.7136 345.48 345.48 345.48 374.2959 377.69 377.69 377.69 372.3797 372.43 372.43 361.5692 360.29 360.29 360.29 361.94 361.94 361.94 359.9204 399.21 399.21 386.2379 456.6413 455.96 455.96 453.0062 510.47 510.47 510.47 472.6417
-9999 -9999 -9999 -9999 -9999 -9999 -9999 -9999 -9999 -9999 -9999 -9999 -9999 -9999 -9999 -9999 -9999 329.51 329.51 353.1035 352.88 352.88 352.88 366.5697 366.44 366.44 376.6745 377.88 377.88 377.88 375.3561 375.38 375.38 370.2001 369.59 369.59 369.59 361.6368 360.7 360.7 360.9904 355.34 355.34 355.34 339.8634 340.01 340.01 339.7136 345.48 345.48 345.48 374.2959 377.69 377.69 377.69 372.3797 372.43 372.43 361.5692 360.29 360.29 360.29 361.94 361.94 361.94 395.2827 399.21 399.21 399.21 473.3523 472.65 472.65 472.0274 484.14 484.14 484.14 443.3234
-9999 -9999 -9999 -9999 -9999 -9999 -9999 -9999 -9999 -9999 -9999 -9999 -9999 -9999 -9999 -9999 -9999 329.51 329.51 353.1035 352.88 352.88 352.88 366.5697 366.44 366.44 376.6745 377.88 377.88 377.88 375.3561 375.38 375.38 370.2001 369.59 369.59 369.59 360.615 360.7 360.7 360.9904 355.34 355.34 355.34 339.8634 340.01 340.01 339.7136 345.48 345.48 345.48 377.998 377.69 377.69 377.69 372.3797 372.43 372.43 361.5692 360.29 360.29 360.29 361.94 361.94 361.94 395.2827 399.21 399.21 399.21 473.3523 472.65 472.65 472.0274 484.14 484.14 484.14 443.3234
-9999 -9999 -9999 -9999 -9999 -9999 -9999 -9999 -9999 -9999 -9999 -9999 -9999 -9999 -9999 -9999 -9999 340.31 340.31 345.0045 344.96 344.96 344.3574 356.08 356.08 365.3483 376.6745 377.88 377.88 377.88 375.3561 375.38 375.38 370.2001 369.59 369.59 369.59 360.615 360.7 360.7 360.9904 355.34 355.34 355.34 339.8634 340.01 340.01 339.7136 345.48 345.48 345.48 377.998 377.69 377.69 377.975 372.43 372.43 372.43 361.5692 360.29 360.29 360.29 361.94 361.94 361.94 395.2827 399.21 399.21 395.2305 472.65 472.65 472.65 472.0274 484.14 484.14 484.14 443.3234
-9999 -9999 -9999 -9999 -9999 -9999 -9999 -9999 -9999 -9999 -9999 -9999 -9999 -9999 -9999 -9999 -9999 340.31 340.31 345.0045 344.96 344.96 344.3574 356.08 356.08 356.08 351.0221 351.07 351.07 351.07 348.7985 348.82 348.82 358.1688 359.27 359.27 359.27 371.5665 371.45 371.45 364.2036 363.35 363.35 363.35 349.2969 349.43 349.43 349.8738 341.24 341.24 341.24 360.1289 359.95 359.95 359.2548 372.4669 372.43 372.43 361.5692 360.29 360.29 360.29 361.94 361.94 361.94 395.2827 399.21 399.21 395.2305 472.65 472.65 472.65 482.9293 484.14 484.14 484.14 443.3234
-9999 -9999 -9999 -9999 -9999 -9999 -9999 -9999 -9999 -9999 -9999 -9999 -9999 -9999 -9999 -9999 -9999 340.31 340.31 345.0045 344.96 344.96 344.3574 356.08 356.08 356.08 351.0221 351.07 351.07 351.07 348.7985 348.82 348.82 358.1688 359.27 359.27 359.27 371.5665 371.45 371.45 364.2036 363.35 363.35 363.35 349.2969 349.43 349.43 349.8738 341.24 341.24 341.24 360.1289 359.95 359.95 359.2548 372.78 372.78 372.78 376.3135 376.28 376.28 376.28 378.72 378.72 378.72 400.021 402.53 402.53 398.4789 477.29 477.29 477.29 463.808 462.22 462.22 462.22 419.0612
-9999 -9999 -9999 -9999 -9999 -9999 -9999 -9999 -9999 -9999 -9999 -9999 -9999 -9999 -9999 -9999 -9999 340.31 340.31 345.0045 344.96 344.96 344.3574 356.08 356.08 356.08 351.0221 351.07 351.07 351.1919 348.82 348.82 348.82 358.1688 359.27 359.27 359.27 371.5665 371.45 371.45 364.2036 363.35 363.35 363.35 349.43 349.43 349.43 349.8738 341.24 341.24 341.24 360.1289 359.95 359.95 359.2548 372.78 372.78 372.78 376.3135 376.28 376.28 376.28 378.72 378.72 378.72 400.021 402.53 402.53 398.4789 477.29 477.29 477.29 463.808 462.22 462.22 464.5365 419.47
-9999 -9999 -9999 -9999 -9999 -9999 -9999 -9999 -9999 -9999 -9999 -9999 -9999 -9999 -9999 -9999 -9999 340.31 340.31 345.0045 344.96 344.96 344.3574 356.08 356.08 356.08 351.0221 351.07 351.07 351.1919 348.82 348.82 348.82 358.1688 359.27 359.27 359.27 371.5665 371.45 371.45 364.2036 363.35 363.35 363.35 349.43 349.43 349.43 342.103 341.24 341.24 341.24 360.1289 359.95 359.95 359.2548 372.78 372.78 372.78 376.3135 376.28 376.28 376.1478 378.72 378.72 378.72 400.021 402.53 402.53 398.4789 477.29 477.29 477.29 463.808 462.22 462.22 464.5365 419.47
-9999 -9999 -9999 -9999 -9999 -9999 -9999 -9999 -9999 -9999 -9999 -9999 -9999 -9999 -9999 -9999 -9999 324.02 324.02 327.79 327.79 327.79 326.4364 352.77 352.77 352.77 334.8402 335.01 335.01 334.7759 339.33 339.33 339.33 353.1307 353 358.6093 359.27 371.5665 371.45 371.45 364.2036 363.35 363.35 363.35 349.43 349.43 349.43 342.103 341.24 341.24 341.24 360.1289 359.95 359.95 359.2548 372.78 372.78 372.78 376.3135 376.28 376.28 376.1478 378.72 378.72 378.72 400.021 402.53 402.53 398.4789 477.29 477.29 477.29 463.808 462.22 462.22 464.5365 419.47
-9999 -9999 -9999 -9999 -9999 -9999 -9999 -9999 -9999 -9999 -9999 -9999 -9999 -9999 -9999 -9999 -9999 324.02 324.02 327.79 327.79 327.79 326.4364 352.77 352.77 352.77 334.8402 335.01 335.01 334.7759 339.33 339.33 339.33 353.1307 353 353 353 387.6583 387.33 387.33 383.9394 383.54 383.54 383.54 363.15 363.15 363.15 353.6938 352.58 352.58 352.4499 354.98 354.98 354.98 354.6934 360.27 360.27 360.27 376.4331 376.28 376.28 376.1478 378.72 378.72 378.72 402.7577 402.53 402.53 398.4789 477.29 477.29 477.29 463.808 462.22 462.22 464.5365 419.47
-9999 -9999 -9999 -9999 -9999 -9999 -9999 -9999 -9999 -9999 -9999 -9999 -9999 -9999 -9999 -9999 -9999 324.02 324.02 327.79 327.79 327.79 350.1377 352.77 352.77 352.77 334.8402 335.01 335.01 334.7759 339.33 339.33 339.33 353.1307 353 353 351.1397 387.33 387.33 387.33 383.9394 383.54 383.54 383.54 363.15 363.15 363.15 353.6938 352.58 352.58 352.4499 354.98 354.98 354.98 354.6934 360.27 360.27 360.27 384.1765 383.95 383.95 382.4143 412.29 412.29 412.29 429.8867 429.72 429.72 430.8368 409.11 409.11 409.11 408.3675 408.28 408.28 408.2068 409.63
-9999 -9999 -9999 -9999 -9999 -9999 -9999 -9999 -9999 -9999 -9999 -9999 -9999 -9999 -9999 -9999 -9999 324.02 324.02 327.79 327.79 327.79 350.1377 352.77 352.77 353.7324 335.01 335.01 335.01 334.7759 339.33 339.33 339.33 353.1307 353 353 351.1397 387.33 387.33 387.33 383.5038 383.54 383.54 383.54 363.15 363.15 363.15 353.6938 352.58 352.58 352.4499 354.98 354.98 354.98 359.7126 360.27 360.27 360.27 384.1765 383.95 383.95 382.4143 412.29 412.29 412.29 429.8867 429.72 429.72 411.2818 409.11 409.11 409.11 408.3675 408.28 408.28 408.2068 409.63
-9999 -9999 -9999 -9999 -9999 -9999 -9999 -9999 -9999 -9999 -9999 -9999 -9999 -9999 -9999 -9999 -9999 270.16 270.16 289.01 289.01 289.01 327.0405 350.5308 352.77 353.7324 335.01 335.01 335.01 334.7759 339.33 339.33 339.33 353.1307 353 353 351.1397 387.33 387.33 387.33 383.5038 383.54 383.54 383.54 363.15 363.15 363.15 353.6938 352.58 352.58 352.4499 354.98 354.98 354.98 359.7126 360.27 360.27 360.27 384.1765 383.95 383.95 382.4143 412.29 412.29 412.29 429.8867 429.72 429.72 411.2818 409.11 409.11 409.11 408.3675 408.28 408.28 408.2068 409.63
-9999 -9999 -9999 -9999 -9999 -9999 -9999 -9999 -9999 -9999 -9999 -9999 -9999 -9999 -9999 -9999 -9999 270.16 270.16 289.01 289.01 289.01 327.0405 331.52 331.52 332.0559 321.63 321.63 321.63 324.8238 325.2 325.2 325.2 342.5443 342.38 342.38 341.5694 357.34 357.34 357.34 368.2635 368.16 368.16 368.4467 362.87 363.1527 363.15 353.6938 352.58 352.58 352.4499 354.98 354.98 354.98 359.7126 360.27 360.27 358.9868 383.95 383.95 383.95 382.4143 412.29 412.29 412.29 429.8867 429.72 429.72 411.2818 409.11 409.11 409.11 408.2721 408.28 408.28 408.2068 409.63
-9999 -9999 -9999 -9999 -9999 -9999 -9999 -9999 -9999 -9999 -9999 -9999 -9999 -9999 -9999 -9999 -9999 270.16 270.16 289.01 289.01 289.01 327.0405 331.52 331.52 332.0559 321.63 321.63 321.63 324.8238 325.2 325.2 325.2 342.5443 342.38 342.38 341.5694 357.34 357.34 357.34 368.2635 368.16 368.16 368.4467 362.87 362.87 362.87 363.702 363.8 363.8 363.8965 362.02 362.02 362.02 389.5029 392.74 392.74 385.468 526.94 526.94 526.94 525.9446 545.31 545.31 545.31 500.4753 500.9 500.9 463.2722 409.11 409.11 409.11 408.2721 408.28 408.28 408.2068 409.63
-9999 -9999 -9999 -9999 -9999 -9999 -9999 -9999 -9999 -9999 -9999 -9999 -9999 -9999 -9999 -9999 -9999 270.16 269.1386 289.01 289.01 289.01 327.0405 331.52 331.52 332.0559 321.63 321.63 321.63 324.8238 325.2 325.2 324.2691 342.38 342.38 342.38 341.5694 357.34 357.34 357.34 368.2635 368.16 368.16 368.4467 362.87 362.87 362.87 363.8089 363.8 363.8 363.8965 362.02 362.02 362.02 389.5029 392.74 392.74 385.468 526.94 526.94 526.94 543.3743 545.31 545.31 545.31 500.4753 500.9 500.9 460.7313 456 456 456 452.1536 452.19 452.19 483.5645 487.26
-9999 -9999 -9999 -9999 -9999 -9999 -9999 -9999 -9999 -9999 -9999 -9999 -9999 -9999 -9999 -9999 -9999 270.16 269.1386 289.01 289.01 289.01 327.0405 331.52 331.52 332.0559 321.63 321.63 321.63 324.8238 325.2 325.2 324.2691 342.38 342.38 342.38 341.5694 357.34 357.34 357.34 368.2635 368.16 368.16 368.4467 362.87 362.87 362.87 363.8089 363.8 363.8 363.8965 362.02 362.02 362.02 389.5029 392.74 392.74 385.468 526.94 526.94 526.94 543.3743 545.31 545.31 545.31 500.4753 500.9 500.9 460.7313 456 456 456 452.1536 452.19 452.19 483.5645 487.26
-9999 -9999 -9999 -9999 -9999 -9999 -9999 -9999 -9999 -9999 -9999 -9999 -9999 -9999 -9999 -9999 -9999 255.87 254.6714 277.99 277.99 277.99 319.0792 318.69 318.69 318.9387 314.1 314.1 314.1 322.1695 323.12 323.12 322.0764 342.38 342.38 342.38 355.7636 357.34 357.34 357.34 368.2635 368.16 368.16 368.4467 362.87 362.87 362.87 363.8089 363.8 363.8 362.2076 362.02 362.02 362.02 389.5029 392.74 392.74 385.468 526.94 526.94 526.94 543.3743 545.31 545.31 547.7165 500.9 500.9 500.9 460.7313 456 456 456 452.1536 452.19 452.19 483.5645 487.26
-9999 -9999 -9999 -9999 -9999 -9999 -9999 -9999 -9999 -9999 -9999 -9999 -9999 -9999 -9999 -9999 -9999 255.87 254.6714 277.99 277.99 277.99 319.0792 318.69 318.69 318.9387 314.1 314.1 314.1 322.1695 323.12 323.12 322.3283 337.73 337.73 337.73 347.7051 348.88 348.88 348.88 355.9066 355.84 355.84 354.9421 372.41 372.41 372.41 387.0991 386.96 386.96 386.4411 386.38 386.38 386.38 489.7181 507.8046 392.74 385.468 526.94 526.94 526.94 543.3743 545.31 545.31 547.7165 500.9 500.9 500.9 460.7313 456 456 456 452.1536 452.19 452.19 483.5645 487.26
