Model and model input files/precip_2007.asc
ncols         625
nrows         453
xllcorner     138621.56993419
yllcorner     4094031.9406744
cellsize      1000
NODATA_value  -9999
[rows 68 to 101 of 453, columns 154 to 230 of 625]
598.2826 575.86 575.86 575.86 546.0072 546.29 546.29 547.1196 530.98 530.98 530.98 530.9084 530.9 530.9 530.5901 536.62 536.62 536.62 525.634 524.34 524.34 524.6153 519.26 519.26 519.26 517.1576 516.91 516.91 516.91 517.0412 517.04 535.0041 545.8605 546.89 546.89 546.89 598.2161 597.73 597.73 632.4236 636.51 636.51 636.51 655.7624 655.58 655.58 651.5392 730.15 730.15 730.15 675.4115 675.93 675.93 673.0586 728.92 728.92 728.92 1165.788 1161.65 1161.65 1151.062 1357.05 1357.05 1357.05 1325.336 1321.6 1321.6 1321.6 1013.39 -9999 -9999 -9999 -9999 -9999 -9999 -9999 -9999
598.2826 575.86 575.86 575.86 546.0072 546.29 546.29 547.1196 530.98 530.98 530.98 530.9084 530.9 530.9 530.5901 536.62 536.62 536.62 525.634 524.34 524.34 524.6153 519.26 519.26 519.26 516.8875 516.91 516.91 516.91 517.0412 517.04 517.04 517.2368 517.26 517.26 517.26 577.9852 577.41 577.41 613.2129 617.43 617.43 617.43 638.5703 638.37 638.37 637.0327 663.05 663.05 663.05 606.666 607.2 607.2 604.618 654.85 654.85 654.85 948.138 945.36 945.36 934.6038 1143.86 1143.86 1143.86 1237.699 1236.81 1236.81 1236.81 1177.79 -9999 -9999 -9999 -9999 -9999 -9999 -9999 -9999
598.2826 575.86 575.86 575.86 546.0072 546.29 546.29 532.5933 530.98 530.98 530.98 530.9084 530.9 530.9 530.5901 536.62 536.62 536.62 525.634 524.34 524.34 524.6153 519.26 519.26 519.26 516.8875 516.91 516.91 516.91 517.0412 517.04 517.04 517.2368 517.26 517.26 517.26 577.9852 577.41 577.41 613.2129 617.43 617.43 617.43 638.5703 638.37 638.37 660.4493 663.05 663.05 663.05 606.666 607.2 607.2 604.618 654.85 654.85 654.85 948.138 945.36 945.36 934.6038 1143.86 1143.86 1143.86 1237.699 1236.81 1236.81 1236.81 1177.79 -9999 -9999 -9999 -9999 -9999 -9999 -9999 -9999
598.2826 575.86 575.86 575.86 546.0072 546.29 546.29 532.5933 530.98 530.98 530.98 530.9084 530.9 530.9 530.5901 536.62 536.62 536.62 525.634 524.34 524.34 524.6153 519.26 519.26 519.26 516.8875 516.91 516.91 516.903 517.04 517.04 517.04 517.2368 517.26 517.26 517.26 577.9852 577.41 577.41 613.2129 617.43 617.43 617.43 638.5703 638.37 638.37 660.4493 663.05 663.05 663.05 606.666 607.2 607.2 604.618 654.85 654.85 654.85 948.138 945.36 945.36 934.6038 1143.86 1143.86 1143.86 1237.699 1236.81 1236.81 1236.81 1177.79 -9999 -9999 -9999 -9999 -9999 -9999 -9999 -9999
598.2826 575.86 575.86 575.86 546.0072 546.29 546.29 532.5933 530.98 530.98 530.98 530.8992 530.9 530.9 530.5901 536.62 536.62 536.62 525.634 524.34 524.34 524.6153 519.26 519.26 519.26 516.8875 516.91 516.91 516.903 517.04 517.04 517.04 517.2368 517.26 517.26 517.26 577.9852 577.41 577.41 613.2129 617.43 617.43 617.43 638.5703 638.37 638.37 660.4493 663.05 663.05 663.05 606.666 607.2 607.2 604.618 654.85 654.85 654.85 948.138 945.36 945.36 934.6038 1143.86 1143.86 1143.86 1237.699 1236.81 1236.81 1240.008 1177.79 -9999 -9999 -9999 -9999 -9999 -9999 -9999 -9999
561.4166 578.02 578.02 578.02 570.9732 571.04 571.04 552.0114 549.77 549.77 549.77 534.7073 534.85 534.85 534.4517 542.2 542.2 542.2 551.8173 552.95 552.95 554.3638 526.86 526.86 526.86 502.5901 502.82 502.82 503.4275 491.61 491.61 491.61 488.5146 488.15 488.15 488.15 527.7035 577.41 577.41 613.2129 617.43 617.43 617.43 638.5703 638.37 638.37 660.4493 663.05 663.05 663.05 607.2 607.2 607.2 604.618 654.85 654.85 654.85 948.138 945.36 945.36 934.6038 1143.86 1143.86 1143.86 1237.699 1236.81 1236.81 1240.008 1177.79 -9999 -9999 -9999 -9999 -9999 -9999 -9999 -9999
561.4166 578.02 578.02 578.02 570.9732 571.04 571.04 552.0114 549.77 549.77 549.77 534.7073 534.85 534.85 534.4517 542.2 542.2 542.2 551.8173 552.95 552.95 554.3638 526.86 526.86 526.86 502.5901 502.82 502.82 503.4275 491.61 491.61 491.61 488.1169 488.15 488.15 488.15 530.2791 529.88 529.88 558.6064 561.99 561.99 561.99 585.2604 585.04 585.04 571.6475 570.07 570.07 570.07 560.07 560.07 560.07 554.7997 657.33 657.33 657.33 991.0409 987.88 987.88 980.2255 1129.14 1129.14 1129.14 1146.918 1146.75 1146.75 1156.929 958.91 -9999 -9999 -9999 -9999 -9999 -9999 -9999 -9999
561.4166 578.02 578.02 578.02 570.9732 571.04 571.04 552.0114 549.77 549.77 549.77 534.7073 534.85 534.85 541.4255 542.2 542.2 542.2 551.8173 552.95 552.95 554.3638 526.86 526.86 526.86 502.5901 502.82 502.82 503.4275 491.61 491.61 491.61 488.1169 488.15 488.15 488.15 530.2791 529.88 529.88 558.6064 561.99 561.99 561.99 585.2604 585.04 585.04 571.6475 570.07 570.07 570.07 560.07 560.07 560.07 554.7997 657.33 657.33 657.33 991.0409 987.88 987.88 980.2255 1129.14 1129.14 1129.14 1146.918 1146.75 1146.75 1156.929 958.91 -9999 -9999 -9999 -9999 -9999 -9999 -9999 -9999
561.4166 578.02 578.02 578.02 570.9732 571.04 571.04 552.0114 549.77 549.77 549.77 534.7073 534.85 534.85 541.4255 542.2 542.2 542.2 551.8173 552.95 552.95 554.3638 526.86 526.86 526.86 502.5901 502.82 502.82 503.4275 491.61 491.61 491.61 488.1169 488.15 488.15 485.8888 529.88 529.88 529.88 558.6064 561.99 561.99 561.99 585.2604 585.04 585.04 571.6475 570.07 570.07 570.07 560.07 560.07 560.07 647.0812 657.33 657.33 657.33 991.0409 987.88 987.88 980.2255 1129.14 1129.14 1129.14 1146.918 1146.75 1146.75 1156.929 958.91 -9999 -9999 -9999 -9999 -9999 -9999 -9999 -9999
540.9089 539.46 539.46 539.46 542.943 542.91 542.91 539.6625 539.28 539.28 539.28 552.6062 552.48 552.48 559.6012 542.0256 542.2 542.2 553.0528 552.95 552.95 554.3638 526.86 526.86 526.86 502.5901 502.82 502.82 503.4275 491.61 491.61 491.61 488.1169 488.15 488.15 485.8888 529.88 529.88 529.88 558.6064 561.99 561.99 561.99 585.2604 585.04 585.04 571.6475 570.07 570.07 570.07 560.07 560.07 560.07 647.0812 657.33 657.33 657.33 991.0409 987.88 987.88 980.2255 1129.14 1129.14 1129.14 1146.918 1146.75 1146.75 1156.929 958.91 -9999 -9999 -9999 -9999 -9999 -9999 -9999 -9999
540.9089 539.46 539.46 539.46 542.943 542.91 542.91 539.6625 539.28 539.28 539.28 552.6062 552.48 552.48 559.6012 560.44 560.44 560.44 548.8603 548.97 548.97 550.8129 514.96 514.96 514.96 497.3028 497.47 497.47 498.6556 475.59 475.59 475.59 462.5162 462.64 462.64 460.8789 495.14 495.14 495.14 531.8823 536.21 536.21 536.21 610.645 609.94 609.94 574.3518 570.16 570.16 570.16 550.37 550.37 550.37 667.6822 681.5 681.5 682.8097 991.0409 987.88 987.88 980.2255 1129.14 1129.14 1129.14 1146.918 1146.75 1146.75 1156.929 958.91 -9999 -9999 -9999 -9999 -9999 -9999 -9999 -9999
540.9089 539.46 539.46 539.2731 542.91 542.91 542.91 539.6625 539.28 539.28 539.28 552.6062 552.48 552.48 559.6012 560.44 560.44 560.44 548.8603 548.97 548.97 518.5438 514.96 514.96 514.96 497.3028 497.47 497.47 498.6556 475.59 475.59 475.59 462.5162 462.64 462.64 460.8789 495.14 495.14 495.14 536.6028 536.21 536.21 536.21 610.645 609.94 609.94 574.3518 570.16 570.16 570.16 550.37 550.37 550.37 667.6822 681.5 681.5 663.1749 1019.68 1019.68 1019.68 1013.173 1139.76 1139.76 1139.76 1046.012 1046.9 1046.9 1059.263 818.75 -9999 -9999 -9999 -9999 -9999 -9999 -9999 -9999
540.9089 539.46 539.46 539.2731 542.91 542.91 542.91 539.6625 539.28 539.28 539.28 552.6062 552.48 552.48 559.6012 560.44 560.44 560.44 548.8603 548.97 548.97 518.5438 514.96 514.96 514.96 497.3028 497.47 497.47 498.6556 475.59 475.59 475.59 462.5162 462.64 462.64 460.8789 495.14 495.14 495.14 536.6028 536.21 536.21 536.21 610.645 609.94 609.94 574.3518 570.16 570.16 570.16 550.37 550.37 550.37 667.6822 681.5 681.5 663.1749 1019.68 1019.68 1019.68 1013.173 1139.76 1139.76 1139.76 1046.012 1046.9 1046.9 1059.263 818.75 -9999 -9999 -9999 -9999 -9999 -9999 -9999 -9999
540.9089 539.46 539.46 539.2731 542.91 542.91 542.91 539.6625 539.28 539.28 539.28 552.6062 552.48 552.48 559.6012 560.44 560.44 560.44 548.8603 548.97 548.97 518.5438 514.96 514.96 514.96 497.3028 497.47 497.47 498.6556 475.59 475.59 475.59 462.5162 462.64 462.64 460.8789 495.14 495.14 495.14 536.6028 536.21 536.21 536.21 610.645 609.94 609.94 574.3518 570.16 570.16 570.16 550.37 550.37 550.37 667.6822 681.5 681.5 663.1749 1019.68 1019.68 1019.68 1013.173 1139.76 1139.76 1139.76 1046.012 1046.9 1046.9 1059.263 818.75 -9999 -9999 -9999 -9999 -9999 -9999 -9999 -9999
536.2864 532.71 532.71 532.6959 532.97 532.97 532.97 529.1942 529.23 529.23 529.23 532.2991 532.27 532.27 554.3314 556.93 556.93 556.93 546.2993 546.4 546.4 532.3812 530.73 530.73 530.73 535.34 535.34 535.34 536.7202 509.87 509.87 509.87 504.6213 462.64 462.64 460.8789 495.14 495.14 495.14 536.6028 536.21 536.21 532.2148 609.94 609.94 609.94 574.3518 570.16 570.16 570.16 550.37 550.37 550.37 667.6822 681.5 681.5 663.1749 1019.68 1019.68 1019.68 1127.107 1139.76 1139.76 1139.76 1046.012 1046.9 1046.9 1059.263 818.75 -9999 -9999 -9999 -9999 -9999 -9999 -9999 -9999
536.2864 532.71 532.71 532.6959 532.97 532.97 532.97 529.1942 529.23 529.23 529.23 532.2991 532.27 532.27 554.3314 556.93 556.93 556.93 546.2993 546.4 546.4 532.3812 530.73 530.73 530.73 535.34 535.34 535.34 536.7202 509.87 509.87 509.87 502.4598 502.53 502.53 501.301 525.21 525.21 525.21 539.6467 539.51 539.51 531.1381 694.01 694.01 694.01 575.9821 562.08 562.08 562.08 566.2 566.2 566.2 692.038 706.86 706.86 690.2429 1013.52 1013.52 1013.52 1084.482 1092.84 1092.84 1092.84 927.191 928.76 928.76 940.5263 711.62 -9999 -9999 -9999 -9999 -9999 -9999 -9999 -9999
536.2864 532.71 532.71 532.6959 532.97 532.97 532.97 529.1942 529.23 529.23 529.0652 532.27 532.27 532.27 554.3314 556.93 556.93 556.93 546.2993 546.4 546.4 532.3812 530.73 530.73 530.73 535.34 535.34 535.34 536.7202 509.87 509.87 509.87 502.4598 502.53 502.53 501.301 525.21 525.21 525.21 539.6467 539.51 539.51 531.1381 694.01 694.01 694.01 575.9821 562.08 562.08 562.08 566.2 566.2 566.2 692.038 706.86 706.86 690.2429 1013.52 1013.52 1013.52 1084.482 1092.84 1092.84 1092.84 927.191 928.76 928.76 940.5263 711.62 -9999 -9999 -9999 -9999 -9999 -9999 -9999 -9999
536.2864 532.71 532.71 532.6959 532.97 532.97 532.97 529.1942 529.23 529.23 529.0652 532.27 532.27 532.27 554.3314 556.93 556.93 556.93 546.2993 546.4 546.4 532.3812 530.73 530.73 530.73 535.34 535.34 535.34 512.5539 509.87 509.87 509.87 502.4598 502.53 502.53 501.301 525.21 525.21 525.21 539.6467 539.51 539.51 531.1381 694.01 694.01 694.01 560.8184 562.08 562.08 562.08 566.2 566.2 566.2 692.038 706.86 706.86 690.2429 1013.52 1013.52 1013.52 1084.482 1092.84 1092.84 1101.731 928.76 928.76 928.76 940.5263 711.62 -9999 -9999 -9999 -9999 -9999 -9999 -9999 -9999
536.3301 532.71 532.71 532.6959 532.97 532.97 532.97 529.1942 529.23 529.23 529.0652 532.27 532.27 532.27 554.3314 556.93 556.93 556.93 546.2993 546.4 546.4 532.3812 530.73 530.73 530.73 535.34 535.34 535.34 512.5539 509.87 509.87 509.87 502.4598 502.53 502.53 501.301 525.21 525.21 525.21 539.6467 539.51 539.51 531.1381 694.01 694.01 694.01 560.8184 562.08 562.08 562.08 566.2 566.2 566.2 692.038 706.86 706.86 690.2429 1013.52 1013.52 1013.52 1084.482 1092.84 1092.84 1101.731 928.76 928.76 928.76 940.5263 711.62 -9999 -9999 -9999 -9999 -9999 -9999 -9999 -9999
554.8693 554.02 554.02 550.577 617.56 617.56 617.56 626.7571 626.67 626.67 630.1526 562.4 562.4 562.4 661.6097 660.67 660.67 660.67 701.6683 701.28 701.28 648.846 642.67 642.67 642.67 592.52 592.52 592.52 575.7458 573.77 573.77 573.5917 577.06 577.06 577.06 578.7003 546.79 546.79 546.79 494.0605 494.56 494.56 495.1994 482.76 482.76 482.76 554.8528 554.17 554.17 554.17 560.6 560.6 560.2965 692.038 706.86 706.86 690.2429 1013.52 1013.52 1013.52 1084.482 1092.84 1092.84 1101.731 928.76 928.76 928.76 940.5263 711.62 -9999 -9999 -9999 -9999 -9999 -9999 -9999 -9999
553.9429 554.02 554.02 550.577 617.56 617.56 617.56 626.7571 626.67 626.67 630.1526 562.4 562.4 562.4 661.6097 660.67 660.67 660.67 701.6683 701.28 701.28 648.846 642.67 642.67 642.67 592.52 592.52 592.52 575.7458 573.77 573.77 573.5917 577.06 577.06 577.06 578.7003 546.79 546.79 546.79 494.0605 494.56 494.56 495.1994 482.76 482.76 482.76 554.8528 554.17 554.17 553.8215 560.6 560.6 560.6 671.1309 684.15 684.15 671.1516 924.03 924.03 924.03 952.2822 955.61 955.61 961.012 855.92 855.92 855.92 864.5206 697.2 -9999 -9999 -9999 -9999 -9999 -9999 -9999 -9999
553.9429 554.02 554.02 550.577 617.56 617.56 617.56 626.7571 626.67 626.67 630.1526 562.4 562.4 562.4 661.6097 660.67 660.67 658.4694 701.28 701.28 701.28 648.846 642.67 642.67 642.67 592.52 592.52 592.52 575.7458 573.77 573.77 573.5917 577.06 577.06 577.06 578.7003 546.79 546.79 546.79 494.0605 494.56 494.56 495.1994 482.76 482.76 482.76 554.8528 554.17 554.17 553.8215 560.6 560.6 560.6 671.1309 684.15 684.15 671.1516 924.03 924.03 924.03 952.2822 955.61 955.61 961.012 855.92 855.92 855.92 713.9251 697.2 -9999 -9999 -9999 -9999 -9999 -9999 -9999 -9999
553.9429 554.02 554.02 550.577 617.56 617.56 617.56 626.7571 626.67 626.67 630.1526 562.4 562.4 562.4 661.6097 660.67 660.67 658.4694 701.28 701.28 701.28 648.846 642.67 642.67 642.67 592.52 592.52 592.52 575.7458 573.77 573.77 573.5917 577.06 577.06 577.06 549.9797 546.79 546.79 546.79 494.0605 494.56 494.56 495.1994 482.76 482.76 482.76 554.8528 554.17 554.17 553.8215 560.6 560.6 560.6 671.1309 684.15 684.15 671.1516 924.03 924.03 924.03 952.2822 955.61 955.61 961.012 855.92 855.92 855.92 713.9251 697.2 -9999 -9999 -9999 -9999 -9999 -9999 -9999 -9999
607.8084 607.57 607.57 653.1959 658.57 658.57 658.57 706.0598 705.61 705.61 709.5321 633.23 633.23 633.23 575.3114 575.86 651.7332 658.4694 701.28 701.28 701.28 648.846 642.67 642.67 642.67 592.52 592.52 592.52 575.7458 573.77 573.77 573.5917 577.06 577.06 577.06 549.9797 546.79 546.79 546.79 494.0605 494.56 494.56 495.1994 482.76 482.76 482.76 554.8528 554.17 554.17 553.8215 560.6 560.6 560.6 685.3315 684.15 684.15 671.1516 924.03 924.03 924.03 952.2822 955.61 955.61 961.012 855.92 855.92 855.92 713.9251 697.2 -9999 -9999 -9999 -9999 -9999 -9999 -9999 -9999
607.8084 607.57 607.57 653.1959 658.57 658.57 658.57 706.0598 705.61 705.61 709.5321 633.23 633.23 633.23 575.3114 575.86 575.86 571.6171 654.16 654.16 654.16 729.1805 728.47 728.47 728.47 671.31 671.31 671.31 617.6504 611.33 611.33 614.202 558.33 558.33 558.33 516.882 512 512 512 447.0447 447.66 447.66 446.4489 470.01 470.01 470.01 739.2199 736.67 736.67 734.8021 771.14 771.14 771.14 603.6233 605.21 605.21 596.8917 758.72 906.6105 924.03 952.2822 955.61 955.61 961.012 855.92 855.92 855.92 713.9251 697.2 -9999 -9999 -9999 -9999 -9999 -9999 -9999 -9999
607.8084 607.57 607.57 653.1959 658.57 658.57 658.57 705.61 705.61 705.61 709.5321 633.23 633.23 633.23 575.3114 575.86 575.86 571.6171 654.16 654.16 654.16 729.1805 728.47 728.47 728.47 671.31 671.31 671.31 617.6504 611.33 611.33 614.202 558.33 558.33 558.33 516.882 512 512 515.4865 447.66 447.66 447.66 446.4489 470.01 470.01 470.01 739.2199 736.67 736.67 734.8021 771.14 771.14 771.14 603.6233 605.21 605.21 596.8917 758.72 758.72 758.72 908.3192 925.94 925.94 928.1622 884.93 884.93 884.93 780.241 767.91 -9999 -9999 -9999 -9999 -9999 -9999 -9999 -9999
607.8084 607.57 607.57 653.1959 658.57 658.57 658.57 705.61 705.61 705.61 709.5321 633.23 633.23 633.23 575.3114 575.86 575.86 571.6171 654.16 654.16 654.16 729.1805 728.47 728.47 728.47 671.31 671.31 671.31 617.6504 611.33 611.33 614.202 558.33 558.33 558.33 516.882 512 512 515.4865 447.66 447.66 447.66 446.4489 470.01 470.01 470.01 739.2199 736.67 736.67 734.8021 771.14 771.14 771.14 603.6233 605.21 605.21 596.8917 758.72 758.72 758.72 908.3192 925.94 925.94 928.1622 884.93 884.93 884.93 780.241 767.91 -9999 -9999 -9999 -9999 -9999 -9999 -9999 -9999
607.8084 607.57 607.57 653.1959 658.57 658.57 658.57 705.61 705.61 705.61 709.5321 633.23 633.23 633.23 575.3114 575.86 575.86 571.6171 654.16 654.16 654.16 729.1805 728.47 728.47 731.5673 671.31 671.31 671.31 617.6504 611.33 611.33 614.202 558.33 558.33 558.33 516.882 512 512 515.4865 447.66 447.66 447.66 446.4489 470.01 470.01 470.01 739.2199 736.67 736.67 734.8021 771.14 771.14 771.14 603.6233 605.21 605.21 742.5439 758.72 758.72 758.72 908.3192 925.94 925.94 928.1622 884.93 884.93 884.93 780.241 767.91 -9999 -9999 -9999 -9999 -9999 -9999 -9999 -9999
631.4686 631.8 631.8 720.1979 730.61 730.61 730.61 831.63 831.63 831.63 771.1354 764.01 764.01 764.01 641.015 642.18 642.18 643.125 624.74 624.74 624.74 706.7568 705.98 705.98 704.3115 736.77 736.77 736.77 711.5416 708.57 708.57 714.5165 598.83 598.83 562.5977 516.882 512 512 515.4865 447.66 447.66 447.66 446.4489 470.01 470.01 470.01 739.2199 736.67 736.67 734.8021 771.14 771.14 771.14 603.6233 605.21 605.21 742.5439 758.72 758.72 758.72 908.3192 925.94 925.94 928.1622 884.93 884.93 884.93 780.241 767.91 -9999 -9999 -9999 -9999 -9999 -9999 -9999 -9999
631.4686 631.8 631.8 720.1979 730.61 730.61 730.61 831.63 831.63 831.63 771.1354 764.01 764.01 764.01 641.015 642.18 642.18 643.125 624.74 624.74 624.74 706.7568 705.98 705.98 704.3115 736.77 736.77 736.77 711.5416 708.57 708.57 714.5165 598.83 598.83 598.83 514.118 504.14 504.14 507.9689 433.48 433.48 433.48 426.2425 425.39 425.39 425.39 587.8387 586.3 586.3 571.1481 865.92 865.92 865.92 819.8738 820.31 820.31 647.9963 627.7 627.7 627.7 800.9441 821.35 821.35 816.2986 914.57 914.57 914.57 848.8151 841.07 -9999 -9999 -9999 -9999 -9999 -9999 -9999 -9999
631.4686 631.8 631.8 720.1979 730.61 730.61 730.61 831.63 831.63 831.63 771.1354 764.01 764.01 764.01 641.015 642.18 642.18 643.125 624.74 624.74 624.74 706.7568 705.98 705.98 704.3115 736.77 736.77 736.77 708.3004 708.57 708.57 714.5165 598.83 598.83 598.83 514.118 504.14 504.14 507.9689 433.48 433.48 433.48 426.2425 425.39 425.39 425.39 587.8387 586.3 586.3 571.1481 865.92 865.92 865.92 819.8738 820.31 820.31 647.9963 627.7 627.7 627.7 823.2018 821.35 821.35 816.2986 914.57 914.57 914.57 848.8151 841.07 -9999 -9999 -9999 -9999 -9999 -9999 -9999 -9999
631.4686 631.8 631.8 720.1979 730.61 730.61 730.61 831.63 831.63 831.63 771.1354 764.01 764.01 770.6117 642.18 642.18 642.18 643.125 624.74 624.74 624.74 706.7568 705.98 705.98 704.3115 736.77 736.77 736.77 708.3004 708.57 708.57 714.5165 598.83 598.83 598.83 514.118 504.14 504.14 507.9689 433.48 433.48 433.48 426.2425 425.39 425.39 425.39 587.8387 586.3 586.3 571.1481 865.92 865.92 865.92 819.8738 820.31 820.31 647.9963 627.7 627.7 627.7 823.2018 821.35 821.35 816.2986 914.57 914.57 914.57 848.8151 841.07 -9999 -9999 -9999 -9999 -9999 -9999 -9999 -9999
729.15 729.15 729.15 860.5973 876.08 876.08 876.08 898.25 898.25 898.25 872.61 869.59 869.59 770.6117 642.18 642.18 642.18 643.125 624.74 624.74 624.74 706.7568 705.98 705.98 704.3115 736.77 736.77 736.77 708.3004 708.57 708.57 714.5165 598.83 598.83 598.83 514.118 504.14 504.14 507.9689 433.48 433.48 433.48 426.2425 425.39 425.39 416.6707 586.3 586.3 586.3 571.1481 865.92 865.92 865.92 819.8738 820.31 820.31 647.9963 627.7 627.7 627.7 823.2018 821.35 821.35 816.2986 914.57 914.57 914.57 848.8151 841.07 -9999 -9999 -9999 -9999 -9999 -9999 -9999 -9999
729.15 729.15 729.15 860.5973 876.08 876.08 876.08 898.25 898.25 898.25 872.61 869.59 869.59 874.4946 779.08 779.08 779.08 779.1315 778.13 778.13 778.13 922.4066 921.04 921.04 922.4418 895.17 895.17 895.17 825.6616 826.32 826.32 683.01 666.13 666.13 666.13 555.3754 542.33 542.33 545.5396 483.1 483.1 483.1 460.5107 457.85 457.85 455.3525 503.94 503.94 503.94 490.6874 748.51 748.51 748.51 837.9774 822.0824 820.31 647.9963 627.7 627.7 627.7 823.2018 821.35 821.35 816.2986 914.57 914.57 914.57 848.8151 841.07 -9999 -9999 -9999 -9999 -9999 -9999 -9999 -9999
