Model and model input files/precip_1988.asc
ncols         625
nrows         453
xllcorner     138621.56993419
yllcorner     4094031.9406744
cellsize      1000
NODATA_value  -9999
[rows 68 to 101 of 453, columns 77 to 153 of 625]
270.11 270.11 270.11 292.6009 295.25 295.25 295.1243 297.57 297.57 297.57 294.4567 294.09 294.09 294.09 285.8116 285.89 285.89 274.1704 272.79 272.79 272.79 294.1826 293.98 293.98 341.1894 346.75 346.75 346.75 316.8871 317.17 317.17 318.4077 294.33 294.33 294.33 260.3784 260.7 260.7 260.8474 257.98 257.98 257.98 317.312 316.75 316.75 316.75 324.5438 324.47 324.47 324.0585 324.01 324.01 324.01 316.08 316.08 316.08 338.8393 341.52 341.52 336.9536 425.79 425.79 425.79 504.4007 513.66 513.66 513.66 540.0601 539.81 539.81 540.988 518.07 518.07 518.07 532.5774 532.44 532.44
270.11 270.11 270.11 292.6009 295.25 295.25 295.1243 297.57 297.57 297.57 294.0567 294.09 294.09 294.09 285.8116 285.89 285.89 274.1704 272.79 272.79 272.79 294.1826 293.98 293.98 341.1894 346.75 346.75 346.75 317.17 317.17 317.17 318.4077 294.33 294.33 294.33 260.3784 260.7 260.7 260.8474 257.98 257.98 257.98 317.312 316.75 316.75 316.3317 324.47 324.47 324.47 324.0585 324.01 324.01 324.01 316.08 316.08 316.08 338.8393 341.52 341.52 336.9536 425.79 425.79 425.79 504.4007 513.66 513.66 513.66 540.0601 539.81 539.81 540.988 518.07 518.07 518.07 532.5774 532.44 532.44
329.36 329.36 329.36 381.3914 387.52 387.52 387.6538 385.05 385.05 385.05 377.1653 377.24 377.24 377.24 365.1454 365.26 294.2536 274.1704 272.79 272.79 272.79 294.1826 293.98 293.98 341.1894 346.75 346.75 346.75 317.17 317.17 317.17 318.4077 294.33 294.33 294.33 260.3784 260.7 260.7 260.8474 257.98 257.98 257.98 317.312 316.75 316.75 316.3317 324.47 324.47 324.47 324.0585 324.01 324.01 324.01 316.08 316.08 316.08 338.8393 341.52 341.52 336.9536 425.79 425.79 425.79 504.4007 513.66 513.66 512.243 539.81 539.81 539.81 540.988 518.07 518.07 518.07 532.5774 532.44 532.44
329.36 329.36 329.36 381.3914 387.52 387.52 387.6538 385.05 385.05 385.05 377.1653 377.24 377.24 377.8892 365.26 365.26 365.26 372.5691 373.43 373.43 373.43 453.0845 452.33 452.33 399.4398 393.21 393.21 393.21 352.44 352.44 352.44 323.6689 320.28 320.28 320.28 304.1674 304.32 304.32 304.2924 304.83 304.83 304.83 317.9038 317.78 316.8586 316.3317 324.47 324.47 324.47 324.0056 324.01 324.01 324.01 316.08 316.08 316.08 338.8393 341.52 341.52 336.9536 425.79 425.79 425.79 504.4007 513.66 513.66 512.243 539.81 539.81 539.81 540.988 518.07 518.07 518.07 532.5774 532.44 532.44
329.36 329.36 329.36 381.3914 387.52 387.52 387.6538 385.05 385.05 385.05 377.1653 377.24 377.24 377.8892 365.26 365.26 365.26 372.5691 373.43 373.43 373.43 453.0845 452.33 452.33 399.4398 393.21 393.21 393.21 352.44 352.44 352.44 323.6689 320.28 320.28 320.28 304.1674 304.32 304.32 304.2924 304.83 304.83 304.83 317.9038 317.78 317.78 314.3201 381.63 381.63 381.63 399.1055 398.94 398.94 398.94 478.81 478.81 478.81 527.9517 533.74 533.74 537.3066 467.92 467.92 467.92 494.544 497.68 497.68 498.1276 489.42 489.42 489.42 490.1711 475.56 475.56 475.56 492.5005 492.34 532.8235
329.36 329.36 329.36 381.3914 387.52 387.52 387.6538 385.05 385.05 385.05 377.1653 377.24 377.24 377.8892 365.26 365.26 365.26 373.5081 373.43 373.43 373.43 453.0845 452.33 452.33 399.4398 393.21 393.21 393.21 352.44 352.44 352.44 323.6689 320.28 320.28 320.28 304.32 304.32 304.32 304.2924 304.83 304.83 304.83 317.9038 317.78 317.78 314.3201 381.63 381.63 381.63 399.1055 398.94 398.94 394.6121 478.81 478.81 478.81 527.9517 533.74 533.74 537.3066 467.92 467.92 467.92 494.544 497.68 497.68 498.1276 489.42 489.42 489.42 477.0205 475.56 475.56 475.56 492.5005 492.34 492.34
329.36 329.36 329.36 381.3914 387.52 387.52 387.6538 385.05 385.05 385.05 377.1653 377.24 377.24 377.8892 365.26 365.26 365.26 373.5081 373.43 373.43 373.43 453.0845 452.33 452.33 399.4398 393.21 393.21 393.21 352.44 352.44 352.44 323.6689 320.28 320.28 320.28 304.32 304.32 304.32 304.2924 304.83 304.83 304.83 317.9038 317.78 317.78 314.3201 381.63 381.63 381.63 399.1055 398.94 398.94 394.6121 478.81 478.81 478.81 527.9517 533.74 533.74 537.3066 467.92 467.92 467.92 494.544 497.68 497.68 498.1276 489.42 489.42 489.42 477.0205 475.56 475.56 475.56 492.5005 492.34 492.34
300.51 300.51 300.51 309.1317 309.05 309.05 307.6985 333.99 333.99 333.99 418.2279 417.43 417.43 418.0076 406.77 406.77 406.77 453.4017 452.96 452.96 448.5237 534.83 534.83 534.83 541.4413 542.22 542.22 542.22 366.556 352.44 352.44 323.6689 320.28 320.28 320.28 304.32 304.32 304.32 304.7762 304.83 304.83 304.83 317.9038 317.78 317.78 314.3201 381.63 381.63 381.63 399.1055 398.94 398.94 394.6121 478.81 478.81 478.81 534.2653 533.74 533.74 537.3066 467.92 467.92 467.92 494.544 497.68 497.68 498.1276 489.42 489.42 489.42 477.0205 475.56 475.56 474.6507 492.34 492.34 492.34
300.51 300.51 300.51 309.1317 309.05 309.05 331.3619 333.99 333.99 333.99 418.2279 417.43 417.43 418.0076 406.77 406.77 406.77 453.4017 452.96 452.96 448.5237 534.83 534.83 534.83 541.4413 542.22 542.22 542.22 486.4 486.4 486.4 448.9689 444.56 444.56 444.56 407.57 407.57 407.57 373.7621 369.78 369.78 369.78 362.4102 362.48 362.48 363.4375 344.81 344.81 344.81 351.6952 351.63 351.63 349.1179 397.99 397.99 397.99 447.8018 447.33 524.6345 537.3066 467.92 467.92 467.92 494.544 497.68 497.68 498.1276 489.42 489.42 489.42 477.0205 475.56 475.56 474.6507 492.34 492.34 492.34
300.51 300.51 300.51 309.1317 309.05 309.05 331.3619 333.99 333.99 333.99 418.2279 417.43 417.43 418.0076 406.77 406.77 406.77 453.4017 452.96 452.96 448.5237 534.83 534.83 534.83 542.2906 542.22 542.22 542.22 486.4 486.4 486.4 448.9689 444.56 444.56 444.56 407.57 407.57 407.57 373.7621 369.78 369.78 370.1756 362.48 362.48 362.48 363.4375 344.81 344.81 344.81 351.6952 351.63 351.63 349.1179 397.99 397.99 397.99 447.8018 447.33 447.33 462.4581 464.24 464.24 464.24 519.6799 526.21 526.21 527.1529 508.81 508.81 508.81 495.3101 493.72 493.72 494.2304 484.3 484.3 484.3
300.51 300.51 300.51 309.1317 309.05 309.05 331.3619 333.99 333.99 333.99 417.43 417.43 417.43 418.0076 406.77 406.77 406.77 453.4017 452.96 452.96 448.5237 534.83 534.83 534.83 542.2906 542.22 542.22 542.22 486.4 486.4 486.4 448.9689 444.56 444.56 444.56 407.57 407.57 407.57 373.7621 369.78 369.78 370.1756 362.48 362.48 362.48 363.4375 344.81 344.81 344.81 351.6952 351.63 351.63 349.1179 397.99 397.99 397.99 447.8018 447.33 447.33 462.4581 464.24 464.24 464.24 519.6799 526.21 526.21 527.1529 508.81 508.81 508.81 495.3101 493.72 493.72 494.2304 484.3 484.3 484.3
274.53 274.53 274.53 262.809 262.92 309.4911 331.3619 333.99 333.99 333.99 417.43 417.43 417.43 418.0076 406.77 406.77 406.77 453.4017 452.96 452.96 448.5237 534.83 534.83 534.83 542.2906 542.22 542.22 545.2447 486.4 486.4 486.4 448.9689 444.56 444.56 444.56 407.57 407.57 407.57 373.7621 369.78 369.78 370.1756 362.48 362.48 362.48 346.672 344.81 344.81 344.81 351.6952 351.63 351.63 349.1179 397.99 397.99 397.99 447.8018 447.33 447.33 462.4581 464.24 464.24 464.24 526.8026 526.21 526.21 527.1529 508.81 508.81 508.81 495.3101 493.72 493.72 494.2304 484.3 484.3 484.3
274.53 274.53 274.53 262.809 262.92 262.92 284.8741 287.46 287.46 287.46 402.25 402.25 402.25 448.1622 453.57 453.57 453.57 432.6216 432.82 432.82 431.8246 451.19 451.19 451.19 515.0347 514.43 514.43 512.7437 545.55 545.55 545.55 516.7341 443.9023 444.56 444.56 407.57 407.57 407.57 373.7621 369.78 369.78 370.1756 362.48 362.48 362.48 346.672 344.81 344.81 344.81 351.6952 351.63 351.63 349.1179 397.99 397.99 397.99 447.8018 447.33 447.33 462.4581 464.24 464.24 464.24 526.8026 526.21 526.21 527.1529 508.81 508.81 508.81 495.3101 493.72 493.72 494.2304 484.3 484.3 484.3
274.53 274.53 274.53 262.809 262.92 262.92 284.8741 287.46 287.46 287.46 402.25 402.25 402.25 448.1622 453.57 453.57 453.57 432.6216 432.82 432.82 431.8246 451.19 451.19 451.19 515.0347 514.43 514.43 512.7437 545.55 545.55 545.55 513.032 513.34 513.34 513.34 483.55 483.55 483.55 480.5351 480.18 480.18 481.8051 450.19 450.19 450.19 426.5361 423.75 423.75 424.3872 411.99 411.99 411.99 411.8513 414.55 414.55 414.55 433.3077 433.13 433.13 502.204 510.34 510.34 510.34 572.7511 572.16 572.16 552.6572 550.36 550.36 550.36 547.3898 547.04 547.04 493.7206 484.3 484.3 484.3
274.53 274.53 274.53 262.809 262.92 262.92 284.8741 287.46 287.46 287.46 402.25 402.25 402.25 448.1622 453.57 453.57 454.6944 432.82 432.82 432.82 431.8246 451.19 451.19 451.19 515.0347 514.43 514.43 512.7437 545.55 545.55 545.55 513.032 513.34 513.34 514.9543 483.55 483.55 483.55 480.5351 480.18 480.18 481.8051 450.19 450.19 450.19 426.5361 423.75 423.75 424.3872 411.99 411.99 411.99 411.8513 414.55 414.55 414.55 433.3077 433.13 433.13 502.204 510.34 510.34 510.34 572.7511 572.16 572.16 552.6572 550.36 550.36 550.36 547.3898 547.04 547.04 548.1546 526.47 526.47 526.47
274.53 274.53 275.1591 262.92 262.92 262.92 284.8741 287.46 287.46 287.46 402.25 402.25 402.25 448.1622 453.57 453.57 454.6944 432.82 432.82 432.82 431.8246 451.19 451.19 451.19 515.0347 514.43 514.43 512.7437 545.55 545.55 545.55 513.032 513.34 513.34 514.9543 483.55 483.55 483.55 480.5351 480.18 480.18 481.8051 450.19 450.19 450.19 426.5361 423.75 423.75 424.3872 411.99 411.99 411.99 414.2802 414.55 414.55 414.55 433.3077 433.13 433.13 502.204 510.34 510.34 510.34 572.7511 572.16 572.16 552.6572 550.36 550.36 550.36 547.3898 547.04 547.04 548.1546 526.47 526.47 526.47
248.86 248.86 249.2502 241.66 241.66 241.66 260.134 262.31 262.31 262.31 301.23 301.23 301.23 353.5835 359.75 359.75 355.7905 432.82 432.82 432.82 449.2543 451.19 451.19 451.19 515.0347 514.43 514.43 512.7437 545.55 545.55 545.55 513.032 513.34 513.34 514.9543 483.55 483.55 483.55 480.5351 480.18 480.18 481.8051 450.19 450.19 450.19 426.5361 423.75 423.75 424.3872 411.99 411.99 411.99 414.2802 414.55 414.55 414.55 433.3077 433.13 433.13 502.204 510.34 510.34 510.34 572.7511 572.16 572.16 552.6572 550.36 550.36 550.36 547.0082 547.04 547.04 548.1546 526.47 526.47 526.47
248.86 248.86 249.2502 241.66 241.66 241.66 262.5075 262.31 262.31 262.31 301.23 301.23 301.23 353.5835 359.75 359.75 356.3443 422.6 422.6 422.6 425.0602 425.35 425.35 425.35 501.6426 500.92 500.92 498.1099 552.78 552.78 552.78 535.3651 535.53 535.53 534.6923 550.99 550.99 550.99 529.3551 529.56 529.56 530.0211 521.05 521.05 521.05 425.8585 423.75 423.75 424.3872 411.99 411.99 411.99 414.2802 414.55 414.55 413.5432 433.13 433.13 433.13 502.204 510.34 510.34 510.34 572.7511 572.16 572.16 552.6572 550.36 550.36 550.36 547.0082 547.04 547.04 548.1546 526.47 526.47 526.47
248.86 248.86 249.2502 241.66 241.66 241.66 262.5075 262.31 262.31 262.31 301.23 301.23 301.23 353.5835 359.75 359.75 356.3443 422.6 422.6 422.6 425.0602 425.35 425.35 421.2551 500.92 500.92 500.92 498.1099 552.78 552.78 552.78 535.3651 535.53 535.53 534.6923 550.99 550.99 550.99 529.3551 529.56 529.56 530.0211 521.05 521.05 521.05 494.8912 491.81 491.81 493.4909 460.79 460.79 460.79 497.7022 502.05 502.05 504.7415 452.38 452.38 452.38 477.2863 480.22 480.22 480.22 524.6105 524.19 524.19 584.9708 592.13 592.13 592.13 596.1683 596.13 596.13 541.6295 535.21 535.21 535.21
248.86 248.86 249.2502 241.66 241.66 241.66 262.5075 262.31 262.31 260.201 301.23 301.23 301.23 353.5835 359.75 359.75 356.3443 422.6 422.6 422.6 425.0602 425.35 425.35 421.2551 500.92 500.92 500.92 498.1099 552.78 552.78 552.78 535.3651 535.53 535.53 534.6923 550.99 550.99 550.99 529.3551 529.56 529.56 521.9467 521.05 521.05 521.05 494.8912 491.81 491.81 493.4909 460.79 460.79 460.79 497.7022 502.05 502.05 504.7415 452.38 452.38 452.38 480.4862 480.22 480.22 480.22 524.6105 524.19 524.19 584.9708 592.13 592.13 592.13 596.1683 596.13 596.13 541.6295 535.21 535.21 535.21
235.68 235.68 235.356 241.66 241.66 241.66 262.5075 262.31 262.31 260.201 301.23 301.23 301.23 353.5835 359.75 359.75 356.3443 422.6 422.6 422.6 425.0602 425.35 425.35 421.2551 500.92 500.92 500.92 547.3153 552.78 552.78 552.78 535.3651 535.53 535.53 534.6923 550.99 550.99 550.99 529.3551 529.56 529.56 521.9467 521.05 521.05 521.05 494.8912 491.81 491.81 493.4909 460.79 460.79 460.79 497.7022 502.05 502.05 504.7415 452.38 452.38 452.38 480.4862 480.22 480.22 480.22 524.6105 524.19 524.19 584.9708 592.13 592.13 592.13 596.1683 596.13 596.13 541.6295 535.21 535.21 535.21
235.68 235.68 235.3392 241.97 241.97 241.97 264.5337 264.32 264.32 262.5567 296.86 296.86 296.86 376.2924 375.54 375.54 371.4743 450.57 450.57 450.57 470.9048 473.3 473.3 474.5978 449.35 449.35 449.35 498.0355 503.77 553.2487 552.78 535.3651 535.53 535.53 534.6923 550.99 550.99 550.99 529.3551 529.56 529.56 521.9467 521.05 521.05 521.05 491.5304 491.81 491.81 493.4909 460.79 460.79 460.79 497.7022 502.05 502.05 504.7415 452.38 452.38 452.38 480.4862 480.22 480.22 480.22 524.6105 524.19 524.19 584.9708 592.13 592.13 592.13 596.1683 596.13 596.13 541.6295 535.21 535.21 535.21
235.68 235.68 235.3392 241.97 241.97 241.97 264.5337 264.32 264.32 262.5567 296.86 296.86 296.86 376.2924 375.54 375.54 371.4743 450.57 450.57 450.57 470.9048 473.3 473.3 474.5978 449.35 449.35 449.35 498.0355 503.77 503.77 499.4214 584.02 584.02 584.02 582.1798 617.98 617.98 617.98 597.5061 597.7 597.7 536.8834 529.72 529.72 529.72 524.7328 524.78 524.78 526.4327 494.28 494.28 494.28 477.4163 475.43 475.43 476.3198 459.01 459.01 459.01 480.4862 480.22 480.22 477.8374 524.19 524.19 524.19 584.9708 592.13 592.13 592.13 596.1683 596.13 596.13 541.6295 535.21 535.21 535.21
235.68 235.68 241.3072 241.97 241.97 241.97 264.5337 264.32 264.32 262.5567 296.86 296.86 296.86 376.2924 375.54 375.54 442.6637 450.57 450.57 450.57 470.9048 473.3 473.3 474.5978 449.35 449.35 449.35 498.0355 503.77 503.77 499.4214 584.02 584.02 584.02 582.1798 617.98 617.98 617.98 597.5061 597.7 597.7 536.8834 529.72 529.72 529.72 524.7328 524.78 524.78 497.4939 494.28 494.28 494.28 477.4163 475.43 475.43 476.3198 459.01 459.01 459.01 491.2655 490.96 490.96 485.6941 588.14 588.14 588.14 657.8134 666.02 666.02 666.02 659.9424 660 660 576.4509 566.61 566.61 566.61
235.68 235.68 241.3072 241.97 241.97 241.97 264.5337 264.32 264.32 262.5567 296.86 296.86 296.86 376.2924 375.54 375.54 442.6637 450.57 450.57 450.57 470.9048 473.3 473.3 474.5978 449.35 449.35 449.35 498.0355 503.77 503.77 499.4214 584.02 584.02 584.02 614.4014 617.98 617.98 617.98 597.5061 597.7 597.7 536.8834 529.72 529.72 529.72 524.7328 524.78 524.78 497.4939 494.28 494.28 494.28 477.4163 475.43 475.43 476.3198 459.01 459.01 459.01 491.2655 490.96 490.96 485.6941 588.14 588.14 588.14 666.7648 666.02 666.02 666.02 659.9424 660 660 576.4509 566.61 566.61 566.61
228.27 228.27 250.3672 252.97 252.97 251.0702 288.03 288.03 288.03 284.7202 349.11 349.11 349.11 382.89 376.2808 375.54 442.6637 450.57 450.57 450.57 473.5173 473.3 473.3 474.5978 449.35 449.35 449.35 498.0355 503.77 503.77 499.4214 584.02 584.02 584.02 614.4014 617.98 617.98 617.98 597.5061 597.7 597.7 536.8834 529.72 529.72 529.72 524.7328 524.78 524.78 497.4939 494.28 494.28 494.28 475.2497 475.43 475.43 476.3198 459.01 459.01 459.01 491.2655 490.96 490.96 485.6941 588.14 588.14 588.14 666.7648 666.02 666.02 666.02 659.9424 660 660 576.4509 566.61 566.61 566.61
228.27 228.27 250.3672 252.97 252.97 251.0702 288.03 288.03 288.03 284.7202 349.11 349.11 349.11 382.89 382.57 382.57 404.8372 407.46 407.46 407.46 448.5593 448.17 448.17 447.0321 469.17 469.17 469.17 422.8732 417.42 417.42 414.5903 469.64 469.64 469.64 549.0291 558.38 558.38 555.6701 608.39 608.39 608.39 553.7105 529.5521 529.72 529.72 524.7328 524.78 524.78 497.4939 494.28 494.28 494.28 475.2497 475.43 475.43 476.3198 459.01 459.01 459.01 491.2655 490.96 490.96 485.6941 588.14 588.14 588.14 666.7648 666.02 666.02 666.02 659.9424 660 660 576.4509 566.61 566.61 566.61
228.27 228.27 250.3672 252.97 252.97 251.0702 288.03 288.03 288.03 342.6737 349.11 349.11 349.11 382.89 382.57 382.57 404.8372 407.46 407.46 407.46 448.5593 448.17 448.17 466.9572 469.17 469.17 469.17 422.8732 417.42 417.42 414.5903 469.64 469.64 469.64 549.0291 558.38 558.38 555.6701 608.39 608.39 608.39 553.7105 547.27 547.27 547.27 567.8146 567.62 567.62 555.5247 554.1 554.1 554.1 530.5974 530.82 530.82 530.9739 527.98 527.98 527.98 555.2786 555.02 555.02 549.3867 658.98 658.98 658.98 797.6535 796.34 796.34 792.7637 862.34 862.34 862.34 724.7735 565.2525 566.61 566.61
228.27 228.27 250.3672 252.97 252.97 251.0702 288.03 288.03 288.03 342.6737 349.11 349.11 349.11 382.89 382.57 382.57 404.8372 407.46 407.46 407.46 448.5593 448.17 448.17 466.9572 469.17 469.17 469.17 422.8732 417.42 417.42 414.5903 469.64 469.64 469.64 549.0291 558.38 558.38 555.6701 608.39 608.39 608.39 546.6855 547.27 547.27 547.27 567.8146 567.62 567.62 555.5247 554.1 554.1 554.1 530.5974 530.82 530.82 528.2792 527.98 527.98 527.98 555.2786 555.02 555.02 549.3867 658.98 658.98 658.98 797.6535 796.34 796.34 792.7637 862.34 862.34 862.34 724.7735 708.57 708.57 708.57
228.27 228.27 250.3672 252.97 252.97 251.0702 288.03 288.03 288.03 342.6737 349.11 349.11 349.11 382.89 382.57 382.57 404.8372 407.46 407.46 407.46 448.5593 448.17 448.17 466.9572 469.17 469.17 469.17 416.9251 417.42 417.42 414.5903 469.64 469.64 469.64 549.0291 558.38 558.38 555.6701 608.39 608.39 608.39 546.6855 547.27 547.27 547.27 567.8146 567.62 567.62 555.5247 554.1 554.1 554.1 530.5974 530.82 530.82 528.2792 527.98 527.98 527.98 555.2786 555.02 555.02 549.3867 658.98 658.98 658.98 797.6535 796.34 796.34 792.7637 862.34 862.34 862.34 707.0996 708.57 708.57 708.57
278.14 278.14 249.4762 246.1 246.1 245.6448 254.5 254.5 254.5 263.1421 264.16 264.16 263.5704 275.04 275.04 275.04 317.1142 398.462 407.46 407.46 448.5593 448.17 448.17 466.9572 469.17 469.17 469.17 416.9251 417.42 417.42 414.5903 469.64 469.64 469.64 549.0291 558.38 558.38 555.6701 608.39 608.39 608.39 546.6855 547.27 547.27 547.27 567.8146 567.62 567.62 555.5247 554.1 554.1 554.1 530.5974 530.82 530.82 528.2792 527.98 527.98 527.98 555.02 555.02 555.02 549.3867 658.98 658.98 658.98 797.6535 796.34 796.34 792.7637 862.34 862.34 862.34 707.0996 708.57 708.57 708.57
278.14 278.14 249.4762 246.1 246.1 245.6448 254.5 254.5 254.5 263.1421 264.16 264.16 263.5704 275.04 275.04 275.04 322.5197 322.07 322.07 322.07 401.3913 400.64 400.64 454.2549 460.57 460.57 460.57 406.205 406.72 406.72 429.0677 431.7 431.7 431.7 489.5017 496.31 496.31 495.4083 512.95 512.95 512.95 512.3342 512.34 512.34 511.3332 530.92 530.92 530.92 520.9181 519.74 519.74 519.74 627.531 626.51 626.51 684.437 526.4186 527.98 527.98 555.02 555.02 555.02 549.3867 658.98 658.98 658.98 797.6535 796.34 796.34 792.7637 862.34 862.34 862.34 707.0996 708.57 708.57 708.57
278.14 278.14 245.7936 246.1 246.1 245.6448 254.5 254.5 254.5 263.1421 264.16 264.16 263.5704 275.04 275.04 275.04 322.5197 322.07 322.07 322.07 401.3913 400.64 400.64 454.2549 460.57 460.57 460.57 406.205 406.72 406.72 429.0677 431.7 431.7 431.7 489.5017 496.31 496.31 495.4083 512.95 512.95 512.95 512.3342 512.34 512.34 511.3332 530.92 530.92 530.92 520.9181 519.74 519.74 519.74 627.531 626.51 626.51 684.437 691.26 691.26 691.26 690.55 690.55 690.55 686.7579 760.53 760.53 760.53 1003.552 1001.25 1001.25 1004.434 942.5 942.5 942.5 705.2629 707.51 707.51 701.693
278.14 278.14 245.7936 246.1 246.1 245.6448 254.5 254.5 254.5 263.1421 264.16 264.16 263.5704 275.04 275.04 275.04 322.5197 322.07 322.07 322.07 401.3913 400.64 400.64 454.2549 460.57 460.57 460.57 406.205 406.72 406.72 429.0677 431.7 431.7 431.7 489.5017 496.31 496.31 495.4083 512.95 512.95 512.95 512.3342 512.34 512.34 511.3332 530.92 530.92 530.92 519.6331 519.74 519.74 519.74 627.531 626.51 626.51 684.437 691.26 691.26 691.26 690.55 690.55 690.55 753.1559 760.53 760.53 760.53 1003.552 1001.25 1001.25 1004.434 942.5 942.5 942.5 705.2629 707.51 707.51 701.693
