Model and model input files/precip_1998.asc
ncols         625
nrows         453
xllcorner     138621.56993419
yllcorner     4094031.9406744
cellsize      1000
NODATA_value  -9999
[rows 0 to 33 of 453, columns 77 to 153 of 625]
309.7629 309.7629 315.2612 316.0042 316.0042 315.9652 323.83 323.83 323.83 338.9385 340.98 340.98 340.98 350.82 350.82 350.82 351.5248 351.62 351.62 351.62 334.66 334.66 334.66 315.7194 313.16 313.16 313.16 303.05 303.05 303.05 300.5921 300.26 300.26 300.26 299.95 299.95 299.95 310.7242 312.18 312.18 312.18 317.97 317.97 317.97 324.7975 325.72 325.72 325.72 334.98 334.98 334.98 334.98 341.61 341.61 341.61 340.02 340.02 340.02 340.02 341.37 341.37 341.37 352.38 352.38 352.38 364.7134 366.38 366.38 366.38 383.31 383.31 383.31 399.1409 401.28 401.28 401.28 442.45
330.33 330.33 321.5179 320.48 320.48 320.6084 318.11 318.11 318.11 328.3893 329.6 329.6 329.5967 329.66 329.66 329.66 328.3678 328.38 328.38 328.38 321.7573 321.82 321.82 308.2843 306.69 306.69 306.69 300.5518 300.61 300.61 298.7492 298.4362 300.26 300.26 299.9471 299.95 299.95 310.8913 312.18 312.18 312.18 317.97 317.97 317.97 324.9034 325.72 325.72 325.2182 334.98 334.98 334.98 340.9113 341.61 341.61 341.61 340.0048 340.02 340.02 339.9468 341.37 341.37 341.37 352.4853 352.38 352.38 364.9048 366.38 366.38 366.38 383.4719 383.31 383.31 399.3864 401.28 401.28 401.28 442.8437
330.33 330.33 321.5179 320.48 320.48 320.6084 318.11 318.11 318.11 328.3893 329.6 329.6 329.5967 329.66 329.66 329.66 328.3678 328.38 328.38 328.7355 321.82 321.82 321.82 308.2843 306.69 306.69 306.69 300.5518 300.61 300.61 298.7492 298.53 298.53 298.53 303.487 303.44 303.44 316.7341 318.3 318.3 318.3 323.49 323.49 323.49 325.6192 325.87 325.87 325.6148 330.58 330.58 330.58 335.0621 335.59 335.59 335.5244 336.8 336.8 336.8 342.624 343.31 343.31 341.3514 352.4853 352.38 352.38 364.9048 366.38 366.38 366.38 383.4719 383.31 383.31 399.3864 401.28 401.28 401.28 442.8437
330.33 330.33 321.5179 320.48 320.48 320.6084 318.11 318.11 318.11 328.3893 329.6 329.6 329.5967 329.66 329.66 329.66 328.3678 328.38 328.38 328.7355 321.82 321.82 321.82 306.5453 306.69 306.69 306.69 300.5518 300.61 300.61 298.7492 298.53 298.53 298.53 303.487 303.44 303.44 316.7341 318.3 318.3 318.3 323.49 323.49 323.49 325.6192 325.87 325.87 325.6148 330.58 330.58 330.58 335.0621 335.59 335.59 335.5244 336.8 336.8 336.8 342.624 343.31 343.31 342.6175 356.09 356.09 356.09 364.9647 366.01 366.01 366.01 386.3022 386.11 386.11 407.08 409.55 409.55 409.55 442.4416
330.33 330.33 321.5179 320.48 320.48 320.6084 318.11 318.11 318.11 328.3893 329.6 329.6 329.5967 329.66 329.66 329.66 328.3678 328.38 328.38 328.7355 321.82 321.82 321.82 306.5453 306.69 306.69 307.0195 300.61 300.61 300.61 298.7492 298.53 298.53 298.53 303.487 303.44 303.44 316.7341 318.3 318.3 318.3 323.49 323.49 323.49 325.6192 325.87 325.87 325.6148 330.58 330.58 330.58 335.0621 335.59 335.59 335.5244 336.8 336.8 336.8 342.624 343.31 343.31 342.6175 356.09 356.09 356.09 366.1049 366.01 366.01 366.01 386.3022 386.11 386.11 407.08 409.55 409.55 409.55 442.4416
355.62 355.62 340.9392 339.21 339.21 339.8819 326.81 326.81 327.2814 328.3893 329.6 329.6 329.5967 329.66 329.66 329.66 328.3678 328.38 328.38 328.7355 321.82 321.82 321.82 306.5453 306.69 306.69 307.0195 300.61 300.61 300.61 298.5101 298.53 298.53 298.53 303.487 303.44 303.44 316.7341 318.3 318.3 318.3 323.49 323.49 323.49 325.6192 325.87 325.87 325.6148 330.58 330.58 330.58 335.0621 335.59 335.59 335.5244 336.8 336.8 336.8 342.624 343.31 343.31 342.6175 356.09 356.09 356.09 366.1049 366.01 366.01 366.01 386.3022 386.11 386.11 407.08 409.55 409.55 409.55 442.4416
355.62 355.62 340.9392 339.21 339.21 339.8819 326.81 326.81 326.81 326.7205 326.71 326.71 326.7848 325.33 325.33 325.33 318.1924 318.26 318.26 318.5721 312.5 312.5 312.5 301.728 301.83 301.83 301.9454 299.7 299.7 299.7 305.9088 305.85 305.85 305.2518 316.89 303.3114 303.44 316.7341 318.3 318.3 318.3 323.49 323.49 323.49 325.6192 325.87 325.87 325.6148 330.58 330.58 330.58 335.0621 335.59 335.59 335.5244 336.8 336.8 336.8 342.624 343.31 343.31 342.6175 356.09 356.09 356.09 366.1049 366.01 366.01 364.9208 386.11 386.11 386.11 407.08 409.55 409.55 409.55 442.4416
355.62 355.62 339.0531 339.21 339.21 328.1166 326.81 326.81 326.81 326.7205 326.71 326.71 326.7848 325.33 325.33 325.33 318.1924 318.26 318.26 318.5721 312.5 312.5 312.5 301.728 301.83 301.83 301.9454 299.7 299.7 299.7 305.9088 305.85 305.85 305.2518 316.89 316.89 316.89 325.0473 324.97 324.97 324.97 332.78 332.78 332.78 340.3933 341.29 341.29 341.3946 339.36 339.36 339.36 341.2119 341.43 341.43 341.2035 345.61 345.61 345.61 350.3336 350.89 350.89 350.5253 357.62 357.62 357.62 376.5695 376.39 376.39 374.3948 413.21 413.21 413.21 517.0536 516.07 516.07 520.0767 442.13
355.62 355.62 339.0531 339.21 339.21 328.1166 326.81 326.81 326.81 326.709 326.71 326.71 326.7848 325.33 325.33 325.33 318.1924 318.26 318.26 318.5721 312.5 312.5 312.5 301.728 301.83 301.83 301.9454 299.7 299.7 299.7 305.9088 305.85 305.85 305.2518 316.89 316.89 316.89 325.0473 324.97 324.97 324.5468 332.78 332.78 332.78 340.3933 341.29 341.29 341.3946 339.36 339.36 339.36 341.2119 341.43 341.43 341.2035 345.61 345.61 345.61 350.3336 350.89 350.89 350.5253 357.62 357.62 357.62 376.5695 376.39 376.39 374.3948 413.21 413.21 413.21 517.0536 516.07 516.07 513.8954 556.2
355.62 355.62 339.0531 339.21 339.21 328.1166 326.81 326.81 326.81 326.709 326.71 326.71 325.4754 325.33 325.33 325.33 318.1924 318.26 318.26 318.5721 312.5 312.5 312.5 301.728 301.83 301.83 301.9454 299.7 299.7 299.7 305.9088 305.85 305.85 305.2518 316.89 316.89 316.89 325.0473 324.97 324.97 324.5468 332.78 332.78 332.78 341.3714 341.29 341.29 341.3946 339.36 339.36 339.36 341.2119 341.43 341.43 341.2035 345.61 345.61 345.61 350.3336 350.89 350.89 350.5253 357.62 357.62 357.62 376.5695 376.39 376.39 374.3948 413.21 413.21 413.21 517.0536 516.07 516.07 513.8954 556.2
385.28 385.28 370.2375 370.38 370.38 359.7519 358.5 358.5 358.5 354.5021 354.54 354.54 342.6325 341.23 341.23 341.23 320.39 320.39 320.39 321.0435 312.5399 312.5 312.5 301.728 301.83 301.83 301.9454 299.7 299.7 299.7 305.9088 305.85 305.85 305.2518 316.89 316.89 316.89 325.0473 324.97 324.97 324.5468 332.78 332.78 332.78 341.3714 341.29 341.29 339.5634 339.36 339.36 339.36 341.2119 341.43 341.43 341.2035 345.61 345.61 345.61 350.3336 350.89 350.89 350.5253 357.62 357.62 357.62 376.5695 376.39 376.39 374.3948 413.21 413.21 413.21 517.0536 516.07 516.07 513.8954 556.2
385.28 385.28 370.2375 370.38 370.38 359.7519 358.5 358.5 358.5 354.5021 354.54 354.54 342.6325 341.23 341.23 341.23 320.39 320.39 320.39 309.6008 308.33 308.33 308.33 301.3741 301.44 301.44 300.9821 309.89 309.89 309.89 331.3634 331.16 331.16 330.8658 336.59 336.59 336.59 335.7823 335.79 335.79 335.3668 343.6 343.6 343.6 355.5734 355.46 355.46 361.5524 339.1409 339.36 339.36 341.4498 341.43 341.43 341.2035 345.61 345.61 345.61 350.3336 350.89 350.89 350.5253 357.62 357.62 357.62 376.5695 376.39 376.39 374.3948 413.21 413.21 413.21 517.0536 516.07 516.07 513.8954 556.2
385.28 385.28 370.2375 370.38 370.38 359.7519 358.5 358.5 358.5 354.5021 354.54 354.54 342.6325 341.23 341.23 341.23 320.39 320.39 320.39 309.6008 308.33 308.33 308.7033 301.44 301.44 301.44 300.9821 309.89 309.89 309.89 331.3634 331.16 331.16 330.8658 336.59 336.59 336.59 335.7823 335.79 335.79 335.3668 343.6 343.6 343.6 355.5734 355.46 355.46 361.5524 362.27 362.27 362.27 368.0851 368.03 368.03 370.687 371 371 371 372.6729 372.87 372.87 372.8407 373.41 373.41 373.41 388.0083 387.87 387.87 384.9336 442.06 442.06 442.06 591.8589 590.44 590.44 579.6442 789.67
385.28 385.28 370.2375 370.38 370.38 359.7519 358.5 358.5 358.5 354.5021 354.54 354.54 342.6325 341.23 341.23 341.23 320.39 320.39 320.39 309.6008 308.33 308.33 308.7033 301.44 301.44 301.44 308.9996 309.89 309.89 309.89 331.3634 331.16 331.16 330.8658 336.59 336.59 336.59 335.7823 335.79 335.79 335.3668 343.6 343.6 343.6 355.5734 355.46 355.46 361.5524 362.27 362.27 362.27 368.0851 368.03 368.03 370.687 371 371 371 372.8879 372.87 372.87 372.8407 373.41 373.41 373.41 388.0083 387.87 387.87 384.9336 442.06 442.06 442.06 591.8589 590.44 590.44 579.6442 789.67
373.39 373.39 377.509 377.47 377.47 401.4012 358.0628 358.5 358.5 354.5021 354.54 354.54 342.6325 341.23 341.23 341.23 320.39 320.39 320.39 309.6008 308.33 308.33 308.7033 301.44 301.44 301.44 308.9996 309.89 309.89 308.7375 331.16 331.16 331.16 330.8658 336.59 336.59 336.59 335.7823 335.79 335.79 335.3668 343.6 343.6 343.6 355.5734 355.46 355.46 361.5524 362.27 362.27 362.27 368.0851 368.03 368.03 370.687 371 371 371 372.8879 372.87 372.87 373.3531 373.41 373.41 373.41 388.0083 387.87 387.87 384.9336 442.06 442.06 442.06 591.8589 590.44 590.44 579.6442 789.67
373.39 373.1689 377.47 377.47 377.47 401.4012 404.22 404.22 404.22 403.2811 403.29 403.29 360.2407 355.17 355.17 355.17 320.45 320.45 320.45 311.7721 310.75 310.75 310.7451 310.84 310.84 310.84 325.0824 326.76 326.76 325.2438 354.74 354.74 333.6447 336.0178 336.59 336.59 336.59 335.7823 335.79 335.79 335.3668 343.6 343.6 343.6 355.5734 355.46 355.46 361.5524 362.27 362.27 362.27 368.0851 368.03 368.03 370.687 371 371 371 372.8879 372.87 372.87 373.3531 373.41 373.41 373.41 387.87 387.87 387.87 384.9336 442.06 442.06 442.06 591.8589 590.44 590.44 579.6442 789.67
373.39 373.1689 377.47 377.47 377.47 404.4758 404.22 404.22 404.22 403.2811 403.29 403.29 360.2407 355.17 355.17 355.17 320.45 320.45 320.45 311.7721 310.75 310.75 310.7451 310.84 310.84 310.84 325.0824 326.76 326.76 325.2438 354.74 354.74 354.74 353.3891 353.23 353.23 353.3292 351.4 351.4 351.4 350.9193 360.27 360.27 360.27 364.5102 364.47 364.47 373.0405 374.05 374.05 374.05 386.8816 386.76 386.76 389.4796 389.8 389.8 389.8 383.3287 383.39 383.39 391.2271 373.41 373.41 373.41 387.87 387.87 387.87 436.3497 442.06 442.06 442.06 591.8589 590.44 590.44 579.6442 789.67
373.39 373.1689 377.47 377.47 377.47 404.4758 404.22 404.22 404.2704 403.29 403.29 403.29 360.2407 355.17 355.17 355.17 320.45 320.45 320.45 311.7721 310.75 310.75 310.7451 310.84 310.84 310.84 325.0824 326.76 326.76 325.2438 354.74 354.74 354.74 353.3891 353.23 353.23 353.3292 351.4 351.4 351.4 359.3353 360.27 360.27 360.27 364.5102 364.47 364.47 373.0405 374.05 374.05 374.05 386.8816 386.76 386.76 389.4796 389.8 389.8 389.8 383.3287 383.39 383.39 390.2697 391.08 391.08 391.08 409.64 409.64 409.64 451.7679 456.73 456.73 451.7567 548.51 548.51 548.51 541.7355 673.53
373.39 373.1689 377.47 377.47 377.47 404.4758 404.22 404.22 404.2704 403.29 403.29 403.29 354.7099 355.17 355.17 355.17 320.45 320.45 320.45 311.7721 310.75 310.75 310.7451 310.84 310.84 310.84 325.0824 326.76 326.76 325.2438 354.74 354.74 354.74 353.3891 353.23 353.23 353.3292 351.4 351.4 351.4 359.3353 360.27 360.27 360.0424 364.47 364.47 364.47 373.0405 374.05 374.05 374.05 386.8816 386.76 386.76 389.4796 389.8 389.8 389.8 383.3287 383.39 383.39 390.2697 391.08 391.08 391.08 409.64 409.64 409.64 451.7679 456.73 456.73 451.7567 548.51 548.51 548.51 541.7355 673.53
363.82 364.1581 357.58 357.58 357.58 380.1034 379.89 379.89 379.7112 383.19 383.19 383.19 347.4515 347.79 347.79 349.2005 321.76 320.588 320.45 311.7721 310.75 310.75 310.7451 310.84 310.84 310.84 325.0824 326.76 326.76 325.2438 354.74 354.74 354.74 353.3891 353.23 353.23 353.3292 351.4 351.4 351.4 359.3353 360.27 360.27 360.0424 364.47 364.47 364.47 374.1416 374.05 374.05 374.05 386.8816 386.76 386.76 389.4796 389.8 389.8 389.8 383.3287 383.39 383.39 390.2697 391.08 391.08 391.08 409.64 409.64 409.64 451.7679 456.73 456.73 451.7567 548.51 548.51 548.51 660.356 673.53
363.82 364.1581 357.58 357.58 357.58 380.1034 379.89 379.89 379.7112 383.19 383.19 383.19 347.4515 347.79 347.79 349.2005 321.76 321.76 321.76 315.6724 315.73 315.73 315.394 321.93 321.93 321.93 335.5283 337.13 337.13 335.6442 364.55 364.55 364.55 371.0808 371.85 371.85 372.0993 367.25 367.25 367.25 377.8513 379.1 379.1 378.9634 381.62 366.2772 364.47 374.1416 374.05 374.05 374.05 386.8816 386.76 386.76 389.4796 389.8 389.8 389.8 383.3287 383.39 383.39 390.2697 391.08 391.08 391.08 409.64 409.64 409.64 451.7679 456.73 456.73 451.7567 548.51 548.51 548.51 660.356 673.53
363.82 364.1581 357.58 357.58 357.58 380.1034 379.89 379.89 379.7112 383.19 383.19 383.19 347.4515 347.79 347.79 349.2005 321.76 321.76 321.76 315.6724 315.73 315.73 321.2767 321.93 321.93 321.93 335.5283 337.13 337.13 335.6442 364.55 364.55 364.55 371.0808 371.85 371.85 372.0993 367.25 367.25 367.25 377.8513 379.1 379.1 378.9634 381.62 381.62 381.62 386.7688 386.72 386.72 386.3656 393.26 393.26 393.26 390.9787 390.71 390.71 390.71 399.8466 399.76 399.76 420.3543 422.78 422.78 422.78 430.19 430.19 430.19 479.5464 485.36 485.36 477.1555 636.77 636.77 636.77 808.037 836.5917
363.82 364.1581 357.58 357.58 357.58 380.1034 379.89 379.89 379.7112 383.19 383.19 383.19 347.4515 347.79 347.79 349.2005 321.76 321.76 321.76 315.6724 315.73 315.73 321.2767 321.93 321.93 321.93 337.2754 337.13 337.13 335.6442 364.55 364.55 364.55 371.0808 371.85 371.85 372.0993 367.25 367.25 367.25 377.8513 379.1 379.1 378.9634 381.62 381.62 381.62 386.7688 386.72 386.72 386.3656 393.26 393.26 393.26 390.6856 390.71 390.71 390.71 399.8466 399.76 399.76 420.3543 422.78 422.78 422.78 430.19 430.19 430.19 479.5464 485.36 485.36 477.1555 636.77 636.77 636.77 808.037 828.21
363.82 358.2375 357.58 357.58 357.58 380.1034 379.89 379.89 379.7112 383.19 383.19 383.19 347.4515 347.79 347.79 349.2005 321.76 321.76 321.76 315.6724 315.73 315.73 321.2767 321.93 321.93 321.93 337.2754 337.13 337.13 361.6606 364.55 364.55 364.55 371.0808 371.85 371.85 372.0993 367.25 367.25 367.25 377.8513 379.1 379.1 378.9634 381.62 381.62 381.62 386.7688 386.72 386.72 386.3656 393.26 393.26 393.26 390.6856 390.71 390.71 390.2196 399.76 399.76 399.76 420.3543 422.78 422.78 422.78 430.19 430.19 430.19 479.5464 485.36 485.36 477.1555 636.77 636.77 636.77 808.037 828.21
344.41 344.1953 344.17 344.17 343.5804 355.05 355.05 355.05 355.0755 354.58 354.58 354.58 334.1666 334.36 334.36 334.9875 322.78 322.78 322.78 323.2646 323.668 315.73 321.2767 321.93 321.93 321.93 337.2754 337.13 337.13 361.6606 364.55 364.55 364.55 371.0808 371.85 371.85 372.0993 367.25 367.25 367.25 377.8513 379.1 379.1 378.9634 381.62 381.62 381.62 386.7688 386.72 386.72 386.3656 393.26 393.26 393.26 390.6856 390.71 390.71 390.2196 399.76 399.76 399.76 423.0001 422.78 422.78 422.78 430.19 430.19 430.19 479.5464 485.36 485.36 477.1555 636.77 636.77 636.77 808.037 828.21
344.41 344.1953 344.17 344.17 343.5804 355.05 355.05 355.05 354.6295 354.58 354.58 354.58 334.1666 334.36 334.36 334.9875 322.78 322.78 322.78 323.2646 323.26 323.26 336.5541 338.12 338.12 338.12 347.0042 346.92 346.92 359.6237 361.12 361.12 361.12 379.5849 379.41 379.41 388.4457 389.51 389.51 389.51 390.2257 390.31 390.31 389.6825 401.89 401.89 401.89 416.8113 416.67 416.67 416.9783 410.98 410.98 410.98 401.7627 401.85 401.85 400.6882 423.29 399.76 399.76 423.0001 422.78 422.78 422.78 430.19 430.19 430.19 479.5464 485.36 485.36 477.1555 636.77 636.77 636.77 808.037 828.21
344.41 344.1953 344.17 344.17 343.5804 355.05 355.05 355.05 354.6295 354.58 354.58 355.6757 334.36 334.36 334.36 334.9875 322.78 322.78 322.78 323.2646 323.26 323.26 336.5541 338.12 338.12 338.12 347.0042 346.92 346.92 359.6237 361.12 361.12 361.12 379.5849 379.41 379.41 388.4457 389.51 389.51 389.51 390.2257 390.31 390.31 389.6825 401.89 401.89 401.89 416.8113 416.67 416.67 416.9783 410.98 410.98 410.98 401.7627 401.85 401.85 400.6882 423.29 423.29 423.29 451.4972 451.23 451.23 452.2168 433.02 433.02 433.02 456.2892 459.03 459.03 451.7423 593.52 593.52 593.52 810.6454 836.22
344.41 344.1953 344.17 344.17 343.5804 355.05 355.05 355.05 354.6295 354.58 354.58 355.6757 334.36 334.36 334.36 324.0002 322.78 322.78 322.78 323.2646 323.26 323.26 336.5541 338.12 338.12 338.12 347.0042 346.92 346.92 359.6237 361.12 361.12 361.12 379.5849 379.41 379.41 388.4457 389.51 389.51 389.51 390.3177 390.31 390.31 389.6825 401.89 401.89 401.89 416.8113 416.67 416.67 416.9783 410.98 410.98 410.98 401.7627 401.85 401.85 400.6882 423.29 423.29 423.29 451.4972 451.23 451.23 452.2168 433.02 433.02 433.02 459.2787 459.03 459.03 451.7423 593.52 593.52 593.52 810.6454 836.22
337.72 339.8939 340.15 340.15 339.3025 355.79 355.128 355.05 354.6295 354.58 354.58 355.6757 334.36 334.36 334.36 324.0002 322.78 322.78 322.78 323.2646 323.26 323.26 336.5541 338.12 338.12 338.12 347.0042 346.92 346.92 359.6237 361.12 361.12 361.12 379.5849 379.41 379.41 388.4457 389.51 389.51 389.51 390.3177 390.31 390.31 400.6698 401.89 401.89 401.89 416.8113 416.67 416.67 416.9783 410.98 410.98 410.98 401.7627 401.85 401.85 400.6882 423.29 423.29 423.29 451.4972 451.23 451.23 452.2168 433.02 433.02 433.02 459.2787 459.03 459.03 579.3481 593.52 593.52 593.52 810.6454 836.22
337.72 339.8939 340.15 340.15 339.3025 355.79 355.79 355.79 357.7939 358.03 358.03 359.2454 335.6 335.6 335.6 326.9042 325.88 325.88 325.3918 334.89 334.89 334.89 355.5201 357.95 357.95 357.95 377.9393 377.75 377.75 392.4487 394.18 394.18 394.18 379.2688 379.41 379.41 388.4457 389.51 389.51 389.51 390.3177 390.31 390.31 400.6698 401.89 401.89 401.89 416.67 416.67 416.67 416.9783 410.98 410.98 410.98 401.7627 401.85 401.85 400.6882 423.29 423.29 423.29 451.4972 451.23 451.23 452.2168 433.02 433.02 433.02 459.2787 459.03 459.03 579.3481 593.52 593.52 593.52 810.6454 836.22
337.72 339.8939 340.15 340.15 339.3025 355.79 355.79 355.79 357.7939 358.03 358.03 359.2454 335.6 335.6 335.6 326.9042 325.88 325.88 325.3918 334.89 334.89 334.89 358.1705 357.95 357.95 357.95 377.9393 377.75 377.75 392.4487 394.18 394.18 394.18 408.7278 408.59 408.59 415.7291 416.57 416.57 416.57 432.7533 432.6 432.6 448.0233 449.84 449.84 449.84 444.91 444.91 444.91 445.4822 434.35 434.35 434.35 435.2687 435.26 435.26 434.5269 448.79 448.79 448.79 449.1736 449.0584 451.23 452.2168 433.02 433.02 433.02 459.2787 459.03 459.03 579.3481 593.52 593.52 593.52 838.5408 836.22
337.72 340.1732 340.15 340.15 339.3025 355.79 355.79 355.79 357.7939 358.03 358.03 359.2454 335.6 335.6 335.6 326.9042 325.88 325.88 325.3918 334.89 334.89 334.89 358.1705 357.95 357.95 356.8771 377.75 377.75 377.75 392.4487 394.18 394.18 394.18 408.7278 408.59 408.59 415.7291 416.57 416.57 416.57 432.7533 432.6 432.6 448.0233 449.84 449.84 449.84 444.91 444.91 444.91 435.4628 434.35 434.35 434.35 435.2687 435.26 435.26 434.5269 448.79 448.79 448.79 449.1736 449.17 449.17 450.5865 423.03 423.03 423.03 445.624 445.41 445.41 582.0998 598.2 598.2 598.2 733.5117 732.23
337.72 340.1732 340.15 340.15 354.1419 355.79 355.79 355.79 357.7939 358.03 358.03 359.2454 335.6 335.6 335.6 326.9042 325.88 325.88 325.3918 334.89 334.89 334.89 358.1705 357.95 357.95 356.8771 377.75 377.75 377.75 394.3371 394.18 394.18 394.18 408.7278 408.59 408.59 415.7291 416.57 416.57 416.57 432.7533 432.6 432.6 448.0233 449.84 449.84 449.84 444.91 444.91 444.91 435.4628 434.35 434.35 434.3007 435.26 435.26 435.26 434.5269 448.79 448.79 448.79 449.1736 449.17 449.17 450.5865 423.03 423.03 423.03 445.624 445.41 445.41 582.0998 598.2 598.2 598.2 733.5117 732.23
335.63 343.1714 343.1 343.1 350.6059 351.49 351.49 351.49 352.5457 352.67 352.67 353.8822 330.3 330.3 330.3 334.4958 334.99 334.99 325.3047 334.89 334.89 334.89 358.1705 357.95 357.95 356.8771 377.75 377.75 377.75 394.3371 394.18 394.18 394.18 408.7278 408.59 408.59 415.7291 416.57 416.57 416.57 432.7533 432.6 432.6 448.0233 449.84 449.84 449.84 444.91 444.91 444.91 435.4628 434.35 434.35 434.3007 435.26 435.26 435.26 447.3643 448.79 448.79 448.79 449.1736 449.17 449.17 450.5865 423.03 423.03 423.03 445.624 445.41 445.41 582.0998 598.2 598.2 598.2 733.5117 732.23
