Model and model input files/precip_1986.asc
ncols         625
nrows         453
xllcorner     138621.56993419
yllcorner     4094031.9406744
cellsize      1000
NODATA_value  -9999
[rows 0 to 33 of 453, columns 77 to 153 of 625]
343.3783 343.3783 350.3316 351.2711 351.2711 351.2349 366.12 366.12 366.12 381.7394 383.85 383.85 383.85 393.2 393.2 393.2 387.2623 386.46 386.46 386.46 362.28 362.28 362.28 344.6608 342.28 342.28 342.28 331.83 331.83 331.83 322.0513 320.73 320.73 320.73 305.84 305.84 305.84 304.774 304.63 304.63 304.63 304.11 304.11 304.11 309.5279 310.26 310.26 310.26 318.3 318.3 318.3 318.3 321.99 321.99 321.99 318.3 318.3 318.3 318.3 313.18 313.18 313.18 322.45 322.45 322.45 342.9059 345.67 345.67 345.67 367.36 367.36 367.36 388.2916 391.12 391.12 391.12 427.22
363.48 363.48 356.2872 355.44 355.44 355.3988 356.2 356.2 356.2 365.4236 366.51 366.51 366.743 362.21 362.21 362.21 356.7987 356.85 356.85 356.85 348.8745 348.95 348.95 340.0127 338.96 338.96 338.96 329.2278 329.32 329.32 320.2396 319.0855 320.73 320.73 305.6976 305.84 305.84 304.7575 304.63 304.63 304.63 304.11 304.11 304.11 309.6119 310.26 310.26 309.8243 318.3 318.3 318.3 321.6012 321.99 321.99 321.99 318.2647 318.3 318.3 318.5774 313.18 313.18 313.18 322.5387 322.45 322.45 343.2232 345.67 345.67 345.67 367.5674 367.36 367.36 388.6163 391.12 391.12 391.12 427.5652
363.48 363.48 356.2872 355.44 355.44 355.3988 356.2 356.2 356.2 365.4236 366.51 366.51 366.743 362.21 362.21 362.21 356.7987 356.85 356.85 357.2781 348.95 348.95 348.95 340.0127 338.96 338.96 338.96 329.2278 329.32 329.32 320.2396 319.17 319.17 319.17 308.822 308.92 308.92 309.8951 310.01 310.01 310.01 307.72 307.72 307.72 309.9655 310.23 310.23 310.1016 312.6 312.6 312.6 314.0672 314.24 314.24 314.3554 312.11 312.11 312.11 317.2899 317.9 317.9 313.1349 322.5387 322.45 322.45 343.2232 345.67 345.67 345.67 367.5674 367.36 367.36 388.6163 391.12 391.12 391.12 427.5652
363.48 363.48 356.2872 355.44 355.44 355.3988 356.2 356.2 356.2 365.4236 366.51 366.51 366.743 362.21 362.21 362.21 356.7987 356.85 356.85 357.2781 348.95 348.95 348.95 338.8645 338.96 338.96 338.96 329.2278 329.32 329.32 320.2396 319.17 319.17 319.17 308.822 308.92 308.92 309.8951 310.01 310.01 310.01 307.72 307.72 307.72 309.9655 310.23 310.23 310.1016 312.6 312.6 312.6 314.0672 314.24 314.24 314.3554 312.11 312.11 312.11 317.2899 317.9 317.9 317.0921 332.81 332.81 332.81 350.2105 352.26 352.26 352.26 372.4916 372.3 372.3 395.7392 398.5 398.5 398.5 424.7688
363.48 363.48 356.2872 355.44 355.44 355.3988 356.2 356.2 356.2 365.4236 366.51 366.51 366.743 362.21 362.21 362.21 356.7987 356.85 356.85 357.2781 348.95 348.95 348.95 338.8645 338.96 338.96 339.4824 329.32 329.32 329.32 320.2396 319.17 319.17 319.17 308.822 308.92 308.92 309.8951 310.01 310.01 310.01 307.72 307.72 307.72 309.9655 310.23 310.23 310.1016 312.6 312.6 312.6 314.0672 314.24 314.24 314.3554 312.11 312.11 312.11 317.2899 317.9 317.9 317.0921 332.81 332.81 332.81 352.446 352.26 352.26 352.26 372.4916 372.3 372.3 395.7392 398.5 398.5 398.5 424.7688
386.95 386.95 374.9083 373.49 373.49 374.1386 361.52 361.52 361.8083 365.4236 366.51 366.51 366.743 362.21 362.21 362.21 356.7987 356.85 356.85 357.2781 348.95 348.95 348.95 338.8645 338.96 338.96 339.4824 329.32 329.32 329.32 319.073 319.17 319.17 319.17 308.822 308.92 308.92 309.8951 310.01 310.01 310.01 307.72 307.72 307.72 309.9655 310.23 310.23 310.1016 312.6 312.6 312.6 314.0672 314.24 314.24 314.3554 312.11 312.11 312.11 317.2899 317.9 317.9 317.0921 332.81 332.81 332.81 352.446 352.26 352.26 352.26 372.4916 372.3 372.3 395.7392 398.5 398.5 398.5 424.7688
386.95 386.95 374.9083 373.49 373.49 374.1386 361.52 361.52 361.52 362.0299 362.09 362.09 362.2591 358.97 358.97 358.97 348.7835 348.88 348.88 349.2344 342.34 342.34 342.34 331.3156 331.42 331.42 331.5988 328.12 328.12 328.12 331.9261 331.89 331.89 331.6787 335.79 308.6631 308.92 309.8951 310.01 310.01 310.01 307.72 307.72 307.72 309.9655 310.23 310.23 310.1016 312.6 312.6 312.6 314.0672 314.24 314.24 314.3554 312.11 312.11 312.11 317.2899 317.9 317.9 317.0921 332.81 332.81 332.81 352.446 352.26 352.26 351.1741 372.3 372.3 372.3 395.7392 398.5 398.5 398.5 424.7688
386.95 386.95 373.3613 373.49 373.49 362.7813 361.52 361.52 361.52 362.0299 362.09 362.09 362.2591 358.97 358.97 358.97 348.7835 348.88 348.88 349.2344 342.34 342.34 342.34 331.3156 331.42 331.42 331.5988 328.12 328.12 328.12 331.9261 331.89 331.89 331.6787 335.79 335.79 335.79 334.3867 334.4 334.4 334.4 337.78 337.78 337.78 347.2183 348.33 348.33 348.7098 341.32 341.32 341.32 337.9473 337.55 337.55 337.7353 334.13 334.13 334.13 333.6559 333.6 333.6 333.1437 342.02 342.02 342.02 364.4323 364.22 364.22 362.1132 403.1 403.1 403.1 501.3506 500.42 500.42 504.5328 424.52
386.95 386.95 373.3613 373.49 373.49 362.7813 361.52 361.52 361.52 362.0955 362.09 362.09 362.2591 358.97 358.97 358.97 348.7835 348.88 348.88 349.2344 342.34 342.34 342.34 331.3156 331.42 331.42 331.5988 328.12 328.12 328.12 331.9261 331.89 331.89 331.6787 335.79 335.79 335.79 334.3867 334.4 334.4 334.2168 337.78 337.78 337.78 347.2183 348.33 348.33 348.7098 341.32 341.32 341.32 337.9473 337.55 337.55 337.7353 334.13 334.13 334.13 333.6559 333.6 333.6 333.1437 342.02 342.02 342.02 364.4323 364.22 364.22 362.1132 403.1 403.1 403.1 501.3506 500.42 500.42 498.4633 536.53
386.95 386.95 373.3613 373.49 373.49 362.7813 361.52 361.52 361.52 362.0955 362.09 362.09 359.2988 358.97 358.97 358.97 348.7835 348.88 348.88 349.2344 342.34 342.34 342.34 331.3156 331.42 331.42 331.5988 328.12 328.12 328.12 331.9261 331.89 331.89 331.6787 335.79 335.79 335.79 334.3867 334.4 334.4 334.2168 337.78 337.78 337.78 348.4309 348.33 348.33 348.7098 341.32 341.32 341.32 337.9473 337.55 337.55 337.7353 334.13 334.13 334.13 333.6559 333.6 333.6 333.1437 342.02 342.02 342.02 364.4323 364.22 364.22 362.1132 403.1 403.1 403.1 501.3506 500.42 500.42 498.4633 536.53
419.48 419.48 402.479 402.64 402.64 394.4989 393.54 393.54 393.54 391.6319 391.65 391.65 377.4702 375.8 375.8 375.8 348.74 348.74 348.74 349.2889 342.3757 342.34 342.34 331.3156 331.42 331.42 331.5988 328.12 328.12 328.12 331.9261 331.89 331.89 331.6787 335.79 335.79 335.79 334.3867 334.4 334.4 334.2168 337.78 337.78 337.78 348.4309 348.33 348.33 342.0587 341.32 341.32 341.32 337.9473 337.55 337.55 337.7353 334.13 334.13 334.13 333.6559 333.6 333.6 333.1437 342.02 342.02 342.02 364.4323 364.22 364.22 362.1132 403.1 403.1 403.1 501.3506 500.42 500.42 498.4633 536.53
419.48 419.48 402.479 402.64 402.64 394.4989 393.54 393.54 393.54 391.6319 391.65 391.65 377.4702 375.8 375.8 375.8 348.74 348.74 348.74 339.6774 338.61 338.61 338.61 335.2482 335.28 335.28 334.6845 346.27 346.27 346.27 368.8539 368.64 368.64 368.5761 369.82 369.82 369.82 365.9231 365.96 365.96 365.5688 373.18 373.18 373.18 387.4855 387.35 387.35 389.5418 340.8564 341.32 341.32 337.5139 337.55 337.55 337.7353 334.13 334.13 334.13 333.6559 333.6 333.6 333.1437 342.02 342.02 342.02 364.4323 364.22 364.22 362.1132 403.1 403.1 403.1 501.3506 500.42 500.42 498.4633 536.53
419.48 419.48 402.479 402.64 402.64 394.4989 393.54 393.54 393.54 391.6319 391.65 391.65 377.4702 375.8 375.8 375.8 348.74 348.74 348.74 339.6774 338.61 338.61 338.7904 335.28 335.28 335.28 334.6845 346.27 346.27 346.27 368.8539 368.64 368.64 368.5761 369.82 369.82 369.82 365.9231 365.96 365.96 365.5688 373.18 373.18 373.18 387.4855 387.35 387.35 389.5418 389.8 389.8 389.8 387.8718 387.89 387.89 382.2807 381.62 381.62 381.62 373.8457 372.93 372.93 373.2118 367.73 367.73 367.73 388.638 388.44 388.44 385.9972 433.52 433.52 433.52 580.694 579.3 579.3 568.8082 772.92
419.48 419.48 402.479 402.64 402.64 394.4989 393.54 393.54 393.54 391.6319 391.65 391.65 377.4702 375.8 375.8 375.8 348.74 348.74 348.74 339.6774 338.61 338.61 338.7904 335.28 335.28 335.28 345.1119 346.27 346.27 346.27 368.8539 368.64 368.64 368.5761 369.82 369.82 369.82 365.9231 365.96 365.96 365.5688 373.18 373.18 373.18 387.4855 387.35 387.35 389.5418 389.8 389.8 389.8 387.8718 387.89 387.89 382.2807 381.62 381.62 381.62 372.8469 372.93 372.93 373.2118 367.73 367.73 367.73 388.638 388.44 388.44 385.9972 433.52 433.52 433.52 580.694 579.3 579.3 568.8082 772.92
404.3 404.3 408.631 408.59 408.59 417.3663 393.3023 393.54 393.54 391.6319 391.65 391.65 377.4702 375.8 375.8 375.8 348.74 348.74 348.74 339.6774 338.61 338.61 338.7904 335.28 335.28 335.28 345.1119 346.27 346.27 345.0578 368.64 368.64 368.64 368.5761 369.82 369.82 369.82 365.9231 365.96 365.96 365.5688 373.18 373.18 373.18 387.4855 387.35 387.35 389.5418 389.8 389.8 389.8 387.8718 387.89 387.89 382.2807 381.62 381.62 381.62 372.8469 372.93 372.93 368.278 367.73 367.73 367.73 388.638 388.44 388.44 385.9972 433.52 433.52 433.52 580.694 579.3 579.3 568.8082 772.92
404.3 404.0675 408.59 408.59 408.59 417.3663 418.4 418.4 418.4 410.9091 410.98 410.98 383.5597 380.33 380.33 380.33 348.92 348.92 348.92 342.3445 341.57 341.57 341.2259 347.92 347.92 347.92 366.6266 368.83 368.83 367.1225 400.34 400.34 371.9804 369.6957 369.82 369.82 369.82 365.9231 365.96 365.96 365.5688 373.18 373.18 373.18 387.4855 387.35 387.35 389.5418 389.8 389.8 389.8 387.8718 387.89 387.89 382.2807 381.62 381.62 381.62 372.8469 372.93 372.93 368.278 367.73 367.73 367.73 388.44 388.44 388.44 385.9972 433.52 433.52 433.52 580.694 579.3 579.3 568.8082 772.92
404.3 404.0675 408.59 408.59 408.59 418.4938 418.4 418.4 418.4 410.9091 410.98 410.98 383.5597 380.33 380.33 380.33 348.92 348.92 348.92 342.3445 341.57 341.57 341.2259 347.92 347.92 347.92 366.6266 368.83 368.83 367.1225 400.34 400.34 400.34 397.0478 396.66 396.66 396.7982 394.11 394.11 394.11 393.5388 404.65 404.65 404.65 409.2334 409.19 409.19 415.014 415.7 415.7 415.7 423.8169 423.74 423.74 420.0183 419.58 419.58 419.58 407.4047 407.52 407.52 410.3308 367.73 367.73 367.73 388.44 388.44 388.44 428.7697 433.52 433.52 433.52 580.694 579.3 579.3 568.8082 772.92
404.3 404.0675 408.59 408.59 408.59 418.4938 418.4 418.4 418.8021 410.98 410.98 410.98 383.5597 380.33 380.33 380.33 348.92 348.92 348.92 342.3445 341.57 341.57 341.2259 347.92 347.92 347.92 366.6266 368.83 368.83 367.1225 400.34 400.34 400.34 397.0478 396.66 396.66 396.7982 394.11 394.11 394.11 403.5393 404.65 404.65 404.65 409.2334 409.19 409.19 415.014 415.7 415.7 415.7 423.8169 423.74 423.74 420.0183 419.58 419.58 419.58 407.4047 407.52 407.52 408.1373 408.21 408.21 408.21 418.97 418.97 418.97 456.5443 460.97 460.97 456.2541 548 548 548 541.8812 660.92
404.3 404.0675 408.59 408.59 408.59 418.4938 418.4 418.4 418.8021 410.98 410.98 410.98 380.0369 380.33 380.33 380.33 348.92 348.92 348.92 342.3445 341.57 341.57 341.2259 347.92 347.92 347.92 366.6266 368.83 368.83 367.1225 400.34 400.34 400.34 397.0478 396.66 396.66 396.7982 394.11 394.11 394.11 403.5393 404.65 404.65 404.404 409.19 409.19 409.19 415.014 415.7 415.7 415.7 423.8169 423.74 423.74 420.0183 419.58 419.58 419.58 407.4047 407.52 407.52 408.1373 408.21 408.21 408.21 418.97 418.97 418.97 456.5443 460.97 460.97 456.2541 548 548 548 541.8812 660.92
390.27 390.3973 387.92 387.92 387.92 403.548 403.4 403.4 403.8817 394.51 394.51 394.51 374.5308 374.72 374.72 376.0416 350.33 349.0686 348.92 342.3445 341.57 341.57 341.2259 347.92 347.92 347.92 366.6266 368.83 368.83 367.1225 400.34 400.34 400.34 397.0478 396.66 396.66 396.7982 394.11 394.11 394.11 403.5393 404.65 404.65 404.404 409.19 409.19 409.19 415.7623 415.7 415.7 415.7 423.8169 423.74 423.74 420.0183 419.58 419.58 419.58 407.4047 407.52 407.52 408.1373 408.21 408.21 408.21 418.97 418.97 418.97 456.5443 460.97 460.97 456.2541 548 548 548 649.0211 660.92
390.27 390.3973 387.92 387.92 387.92 403.548 403.4 403.4 403.8817 394.51 394.51 394.51 374.5308 374.72 374.72 376.0416 350.33 350.33 350.33 348.5229 348.54 348.54 348.0507 357.57 357.57 357.57 375.5609 377.68 377.68 375.9259 410.05 410.05 410.05 418.6473 419.66 419.66 419.8106 416.88 416.88 416.88 432.6791 434.54 434.54 434.0995 442.67 412.718 409.19 415.7623 415.7 415.7 415.7 423.8169 423.74 423.74 420.0183 419.58 419.58 419.58 407.4047 407.52 407.52 408.1373 408.21 408.21 408.21 418.97 418.97 418.97 456.5443 460.97 460.97 456.2541 548 548 548 649.0211 660.92
390.27 390.3973 387.92 387.92 387.92 403.548 403.4 403.4 403.8817 394.51 394.51 394.51 374.5308 374.72 374.72 376.0416 350.33 350.33 350.33 348.5229 348.54 348.54 356.6185 357.57 357.57 357.57 375.5609 377.68 377.68 375.9259 410.05 410.05 410.05 418.6473 419.66 419.66 419.8106 416.88 416.88 416.88 432.6791 434.54 434.54 434.0995 442.67 442.67 442.67 443.7502 443.74 443.74 443.6609 445.2 445.2 445.2 436.5669 435.55 435.55 435.55 440.4262 440.38 440.38 457.3242 459.32 459.32 459.32 455.65 455.65 455.65 497.76 502.72 502.72 495.0443 644.37 644.37 644.37 798.6034 825.2151
390.27 390.3973 387.92 387.92 387.92 403.548 403.4 403.4 403.8817 394.51 394.51 394.51 374.5308 374.72 374.72 376.0416 350.33 350.33 350.33 348.5229 348.54 348.54 356.6185 357.57 357.57 357.57 377.8723 377.68 377.68 375.9259 410.05 410.05 410.05 418.6473 419.66 419.66 419.8106 416.88 416.88 416.88 432.6791 434.54 434.54 434.0995 442.67 442.67 442.67 443.7502 443.74 443.74 443.6609 445.2 445.2 445.2 435.4577 435.55 435.55 435.55 440.4262 440.38 440.38 457.3242 459.32 459.32 459.32 455.65 455.65 455.65 497.76 502.72 502.72 495.0443 644.37 644.37 644.37 798.6034 816.77
390.27 388.1676 387.92 387.92 387.92 403.548 403.4 403.4 403.8817 394.51 394.51 394.51 374.5308 374.72 374.72 376.0416 350.33 350.33 350.33 348.5229 348.54 348.54 356.6185 357.57 357.57 357.57 377.8723 377.68 377.68 406.639 410.05 410.05 410.05 418.6473 419.66 419.66 419.8106 416.88 416.88 416.88 432.6791 434.54 434.54 434.0995 442.67 442.67 442.67 443.7502 443.74 443.74 443.6609 445.2 445.2 445.2 435.4577 435.55 435.55 435.2883 440.38 440.38 440.38 457.3242 459.32 459.32 459.32 455.65 455.65 455.65 497.76 502.72 502.72 495.0443 644.37 644.37 644.37 798.6034 816.77
375.35 373.0776 372.81 372.81 371.9322 389.01 389.01 389.01 389.1086 387.19 387.19 387.19 363.0615 363.29 363.29 363.8796 352.41 352.41 352.41 360.8701 361.4538 348.54 356.6185 357.57 357.57 357.57 377.8723 377.68 377.68 406.639 410.05 410.05 410.05 418.6473 419.66 419.66 419.8106 416.88 416.88 416.88 432.6791 434.54 434.54 434.0995 442.67 442.67 442.67 443.7502 443.74 443.74 443.6609 445.2 445.2 445.2 435.4577 435.55 435.55 435.2883 440.38 440.38 440.38 459.5011 459.32 459.32 459.32 455.65 455.65 455.65 497.76 502.72 502.72 495.0443 644.37 644.37 644.37 798.6034 816.77
375.35 373.0776 372.81 372.81 371.9322 389.01 389.01 389.01 387.3818 387.19 387.19 387.19 363.0615 363.29 363.29 363.8796 352.41 352.41 352.41 360.8701 360.79 360.79 379.7113 381.94 381.94 381.94 395.5994 395.47 395.47 408.4063 409.93 409.93 409.93 434.0686 433.84 433.84 447.7603 449.4 449.4 449.4 453.0501 453.48 453.48 452.4548 472.4 472.4 472.4 489.7847 489.62 489.62 490.3775 475.64 475.64 475.64 459.4365 459.59 459.59 458.6526 476.89 440.38 440.38 459.5011 459.32 459.32 459.32 455.65 455.65 455.65 497.76 502.72 502.72 495.0443 644.37 644.37 644.37 798.6034 816.77
375.35 373.0776 372.81 372.81 371.9322 389.01 389.01 389.01 387.3818 387.19 387.19 388.4851 363.29 363.29 363.29 363.8796 352.41 352.41 352.41 360.8701 360.79 360.79 379.7113 381.94 381.94 381.94 395.5994 395.47 395.47 408.4063 409.93 409.93 409.93 434.0686 433.84 433.84 447.7603 449.4 449.4 449.4 453.0501 453.48 453.48 452.4548 472.4 472.4 472.4 489.7847 489.62 489.62 490.3775 475.64 475.64 475.64 459.4365 459.59 459.59 458.6526 476.89 476.89 476.89 500.7157 500.49 500.49 501.8609 475.19 475.19 475.19 490.0945 491.85 491.85 485.1703 615.12 615.12 615.12 807.8312 830.53
375.35 373.0776 372.81 372.81 371.9322 389.01 389.01 389.01 387.3818 387.19 387.19 388.4851 363.29 363.29 363.29 353.5565 352.41 352.41 352.41 360.8701 360.79 360.79 379.7113 381.94 381.94 381.94 395.5994 395.47 395.47 408.4063 409.93 409.93 409.93 434.0686 433.84 433.84 447.7603 449.4 449.4 449.4 453.519 453.48 453.48 452.4548 472.4 472.4 472.4 489.7847 489.62 489.62 490.3775 475.64 475.64 475.64 459.4365 459.59 459.59 458.6526 476.89 476.89 476.89 500.7157 500.49 500.49 501.8609 475.19 475.19 475.19 492.0093 491.85 491.85 485.1703 615.12 615.12 615.12 807.8312 830.53
365.95 373.2859 374.15 374.15 372.6756 401.36 390.3114 389.01 387.3818 387.19 387.19 388.4851 363.29 363.29 363.29 353.5565 352.41 352.41 352.41 360.8701 360.79 360.79 379.7113 381.94 381.94 381.94 395.5994 395.47 395.47 408.4063 409.93 409.93 409.93 434.0686 433.84 433.84 447.7603 449.4 449.4 449.4 453.519 453.48 453.48 470.4063 472.4 472.4 472.4 489.7847 489.62 489.62 490.3775 475.64 475.64 475.64 459.4365 459.59 459.59 458.6526 476.89 476.89 476.89 500.7157 500.49 500.49 501.8609 475.19 475.19 475.19 492.0093 491.85 491.85 602.1304 615.12 615.12 615.12 807.8312 830.53
365.95 373.2859 374.15 374.15 372.6756 401.36 401.36 401.36 407.5955 408.33 408.33 410.3002 371.97 371.97 371.97 360.8498 359.54 359.54 358.6687 375.62 375.62 375.62 405.7509 409.3 409.3 409.3 436.5178 436.26 436.26 459.225 461.93 461.93 461.93 433.5714 433.84 433.84 447.7603 449.4 449.4 449.4 453.519 453.48 453.48 470.4063 472.4 472.4 472.4 489.62 489.62 489.62 490.3775 475.64 475.64 475.64 459.4365 459.59 459.59 458.6526 476.89 476.89 476.89 500.7157 500.49 500.49 501.8609 475.19 475.19 475.19 492.0093 491.85 491.85 602.1304 615.12 615.12 615.12 807.8312 830.53
365.95 373.2859 374.15 374.15 372.6756 401.36 401.36 401.36 407.5955 408.33 408.33 410.3002 371.97 371.97 371.97 360.8498 359.54 359.54 358.6687 375.62 375.62 375.62 409.622 409.3 409.3 409.3 436.5178 436.26 436.26 459.225 461.93 461.93 461.93 480.5968 480.42 480.42 488.4895 489.44 489.44 489.44 510.5904 510.39 510.39 530.2059 532.54 532.54 532.54 528.04 528.04 528.04 529.0192 509.97 509.97 509.97 506.1841 506.22 506.22 505.6803 516.18 516.18 516.18 509.6178 510.178 500.49 501.8609 475.19 475.19 475.19 492.0093 491.85 491.85 602.1304 615.12 615.12 615.12 832.5899 830.53
365.95 374.2284 374.15 374.15 372.6756 401.36 401.36 401.36 407.5955 408.33 408.33 410.3002 371.97 371.97 371.97 360.8498 359.54 359.54 358.6687 375.62 375.62 375.62 409.622 409.3 409.3 407.8391 436.26 436.26 436.26 459.225 461.93 461.93 461.93 480.5968 480.42 480.42 488.4895 489.44 489.44 489.44 510.5904 510.39 510.39 530.2059 532.54 532.54 532.54 528.04 528.04 528.04 511.8741 509.97 509.97 509.97 506.1841 506.22 506.22 505.6803 516.18 516.18 516.18 509.6178 509.68 509.68 511.3138 479.53 479.53 479.53 492.2 492.08 492.08 616.6118 631.28 631.28 631.28 760.1304 758.91
365.95 374.2284 374.15 374.15 398.4927 401.36 401.36 401.36 407.5955 408.33 408.33 410.3002 371.97 371.97 371.97 360.8498 359.54 359.54 358.6687 375.62 375.62 375.62 409.622 409.3 409.3 407.8391 436.26 436.26 436.26 462.1755 461.93 461.93 461.93 480.5968 480.42 480.42 488.4895 489.44 489.44 489.44 510.5904 510.39 510.39 530.2059 532.54 532.54 532.54 528.04 528.04 528.04 511.8741 509.97 509.97 510.1732 506.22 506.22 506.22 505.6803 516.18 516.18 516.18 509.6178 509.68 509.68 511.3138 479.53 479.53 479.53 492.2 492.08 492.08 616.6118 631.28 631.28 631.28 760.1304 758.91
359.86 373.9131 373.78 373.78 389.3107 391.14 391.14 391.14 392.9203 393.13 393.13 394.8933 360.59 360.59 360.59 370.3504 371.5 371.5 358.5543 375.62 375.62 375.62 409.622 409.3 409.3 407.8391 436.26 436.26 436.26 462.1755 461.93 461.93 461.93 480.5968 480.42 480.42 488.4895 489.44 489.44 489.44 510.5904 510.39 510.39 530.2059 532.54 532.54 532.54 528.04 528.04 528.04 511.8741 509.97 509.97 510.1732 506.22 506.22 506.22 515.1304 516.18 516.18 516.18 509.6178 509.68 509.68 511.3138 479.53 479.53 479.53 492.2 492.08 492.08 616.6118 631.28 631.28 631.28 760.1304 758.91
