Model and model input files/precip_1987.asc
ncols         625
nrows         453
xllcorner     138621.56993419
yllcorner     4094031.9406744
cellsize      1000
NODATA_value  -9999
[rows 0 to 33 of 453, columns 154 to 230 of 625]
342.73 342.73 349.5046 350.42 350.42 350.42 367.52 367.52 367.52 395.006 398.72 398.72 398.72 468.37 468.37 468.37 468.37 429.36 429.36 429.36 414.51 414.51 414.51 414.51 480.75 480.75 480.75 496.3 496.3 496.3 496.3 504.37 504.37 504.37 558.59 558.59 558.59 558.59 652.77 652.77 652.77 699.72 699.72 699.72 745.7061 751.92 751.92 751.92 694.71 694.71 694.71 661.5242 657.04 657.04 657.04 691.08 691.08 691.08 692.3206 835.23 835.23 835.23 978.81 978.81 978.81 978.81 905.1 905.1 905.1 -9999 -9999 -9999 -9999 -9999 -9999 -9999 -9999
342.73 342.73 349.6097 350.42 350.42 350.42 367.6835 367.52 367.52 395.4323 398.72 398.72 398.72 468.37 468.37 468.37 433.4707 429.36 429.36 429.36 414.368 414.51 414.51 410.9206 480.75 480.75 480.75 496.4487 496.3 496.3 495.8627 504.37 504.37 504.37 559.1085 558.59 558.59 553.4866 652.77 652.77 652.77 700.1689 699.72 699.72 746.4194 751.92 751.92 751.92 694.163 694.71 694.71 661.0095 657.04 657.04 657.04 691.4055 691.08 691.08 820.0402 835.23 835.23 835.23 980.183 978.81 978.81 982.8041 905.1 905.1 905.1 -9999 -9999 -9999 -9999 -9999 -9999 -9999 -9999
342.73 342.73 349.6097 350.42 350.42 350.42 367.6835 367.52 367.52 395.4323 398.72 398.72 398.72 468.37 468.37 468.37 433.4707 429.36 429.36 430.1647 414.51 414.51 414.51 410.9206 480.75 480.75 480.75 496.4487 496.3 496.3 495.8627 504.37 504.37 504.37 559.1085 558.59 558.59 553.4866 652.77 652.77 652.77 700.1689 699.72 699.72 746.4194 751.92 751.92 751.92 694.163 694.71 694.71 661.0095 657.04 657.04 657.04 691.4055 691.08 691.08 820.0402 835.23 835.23 835.23 978.81 978.81 978.81 982.8041 905.1 905.1 905.1 -9999 -9999 -9999 -9999 -9999 -9999 -9999 -9999
337.02 337.02 346.4583 347.57 347.57 347.57 349.3065 349.29 349.29 353.4321 353.92 353.92 353.92 371.26 371.26 371.26 361.5891 356.7159 429.36 430.1647 414.51 414.51 414.51 473.77 480.75 480.75 480.75 496.4487 496.3 496.3 495.8627 504.37 504.37 504.37 559.1085 558.59 558.59 553.4866 652.77 652.77 652.77 700.1689 699.72 699.72 746.4194 751.92 751.92 751.92 694.163 694.71 694.71 661.0095 657.04 657.04 657.04 691.4055 691.08 691.08 820.0402 835.23 835.23 835.23 978.81 978.81 978.81 912.8672 905.1 905.1 905.1 -9999 -9999 -9999 -9999 -9999 -9999 -9999 -9999
337.02 337.02 346.4583 347.57 347.57 347.57 349.3065 349.29 349.29 353.4321 353.92 353.92 353.92 371.26 371.26 371.26 361.5891 360.45 360.45 359.1972 383.57 383.57 383.57 394.2518 395.51 395.51 395.1117 402.86 402.86 402.86 401.818 422.09 422.09 422.09 424.0889 424.07 424.07 416.8961 556.46 556.46 556.46 732.5479 730.88 730.88 748.4504 750.52 750.52 750.52 741.5248 741.61 741.61 669.0559 660.51 660.51 660.51 674.0381 673.91 673.91 768.3138 835.23 835.23 835.23 978.81 978.81 978.81 912.8672 905.1 905.1 919.1443 -9999 -9999 -9999 -9999 -9999 -9999 -9999 -9999
337.02 337.02 346.4583 347.57 347.57 347.57 349.3065 349.29 349.29 353.4321 353.92 353.92 353.92 371.26 371.26 371.26 361.5891 360.45 360.45 359.1972 383.57 383.57 383.57 394.2518 395.51 395.51 395.1117 402.86 402.86 402.86 420.0636 422.09 422.09 422.09 424.0889 424.07 424.07 416.8961 556.46 556.46 556.46 732.5479 730.88 730.88 748.4504 750.52 750.52 750.52 741.5248 741.61 741.61 669.0559 660.51 660.51 660.51 674.0381 673.91 673.91 771.1647 782.62 782.62 782.62 924.62 924.62 924.62 891.2326 887.3 887.3 898.448 -9999 -9999 -9999 -9999 -9999 -9999 -9999 -9999
337.02 337.02 346.4583 347.57 347.57 347.57 349.3065 349.29 349.29 353.4321 353.92 353.92 353.92 371.26 371.26 371.26 361.5891 360.45 360.45 359.1972 383.57 383.57 383.57 394.2518 395.51 395.51 395.1117 402.86 402.86 402.86 420.0636 422.09 422.09 422.09 424.0889 424.07 424.07 416.8961 556.46 556.46 556.46 732.5479 730.88 730.88 748.4504 750.52 750.52 750.52 741.5248 741.61 741.61 669.0559 660.51 660.51 660.51 674.0381 673.91 673.91 771.1647 782.62 782.62 782.62 924.62 924.62 924.62 891.2326 887.3 887.3 898.448 -9999 -9999 -9999 -9999 -9999 -9999 -9999 -9999
337.02 337.02 346.4583 347.57 347.57 347.57 349.3065 349.29 349.29 353.4321 353.92 353.92 353.92 371.26 371.26 371.26 361.5891 360.45 360.45 359.1972 383.57 383.57 383.57 394.2518 395.51 395.51 395.1117 402.86 402.86 402.86 420.0636 422.09 422.09 421.9827 424.07 424.07 424.07 416.8961 556.46 556.46 556.46 732.5479 730.88 730.88 748.4504 750.52 750.52 750.52 741.5248 741.61 741.61 669.0559 660.51 660.51 660.51 674.0381 673.91 673.91 771.1647 782.62 782.62 782.62 924.62 924.62 924.62 891.2326 887.3 887.3 898.448 -9999 -9999 -9999 -9999 -9999 -9999 -9999 -9999
407.83 407.83 389.3146 389.49 389.49 389.49 390.3885 390.38 390.38 441.9193 447.99 447.99 447.99 433.85 433.85 433.85 433.519 433.48 433.48 432.0971 459 459 459 426.6504 422.84 422.84 420.9982 456.83 456.83 456.83 475.7692 478 478 479.3948 452.26 427.0405 424.07 542.5094 556.46 556.46 556.46 732.5479 730.88 730.88 748.4504 750.52 750.52 750.52 741.5248 741.61 741.61 669.0559 660.51 660.51 660.51 674.0381 673.91 673.91 771.1647 782.62 782.62 782.62 924.62 924.62 924.62 891.2326 887.3 887.3 898.448 -9999 -9999 -9999 -9999 -9999 -9999 -9999 -9999
407.83 407.83 389.3146 389.49 389.49 389.49 390.3885 390.38 390.38 441.9193 447.99 447.99 447.99 433.85 433.85 433.85 433.519 433.48 433.48 432.0971 459 459 459 426.6504 422.84 422.84 420.9982 456.83 456.83 456.83 475.7692 478 478 479.3948 452.26 452.26 452.26 494.7368 499.74 499.74 492.9584 624.89 624.89 624.89 646.3968 648.93 648.93 648.93 792.51 791.15 791.15 812.1021 814.57 814.57 814.57 800.9611 801.09 801.09 917.6686 931.4 931.4 931.4 1122.36 1122.36 1122.36 951.6655 931.56 931.56 942.0767 -9999 -9999 -9999 -9999 -9999 -9999 -9999 -9999
407.83 407.83 389.3146 389.49 389.49 389.4418 390.38 390.38 390.38 441.9193 447.99 447.99 447.99 433.85 433.85 433.85 433.519 433.48 433.48 432.0971 459 459 459 426.6504 422.84 422.84 420.9982 456.83 456.83 456.83 475.7692 478 478 479.3948 452.26 452.26 452.26 494.7368 499.74 499.74 492.9584 624.89 624.89 624.89 649.1599 648.93 648.93 648.93 792.51 791.15 791.15 812.1021 814.57 814.57 814.57 800.9611 801.09 801.09 917.6686 931.4 931.4 931.4 1122.36 1122.36 1122.36 951.6655 931.56 931.56 942.0767 -9999 -9999 -9999 -9999 -9999 -9999 -9999 -9999
407.83 407.83 389.3146 389.49 389.49 389.4418 390.38 390.38 390.38 448.5409 447.99 447.99 447.99 433.85 433.85 433.85 433.519 433.48 433.48 432.0971 459 459 459 426.6504 422.84 422.84 420.9982 456.83 456.83 456.83 475.7692 478 478 479.3948 452.26 452.26 452.26 494.7368 499.74 499.74 492.9584 624.89 624.89 624.89 649.1599 648.93 648.93 648.93 792.51 791.15 791.15 812.1021 814.57 814.57 814.57 800.9611 801.09 801.09 917.6686 931.4 931.4 931.4 1122.36 1122.36 1122.36 951.6655 931.56 931.56 942.0767 -9999 -9999 -9999 -9999 -9999 -9999 -9999 -9999
548.84 548.84 501.0854 389.49 389.49 389.4418 390.38 390.38 390.38 448.5409 447.99 447.99 448.7562 433.85 433.85 433.85 433.519 433.48 433.48 432.0971 459 459 459 426.6504 422.84 422.84 420.9982 456.83 456.83 456.83 475.7692 478 478 479.3948 452.26 452.26 452.26 494.7368 499.74 499.74 492.9584 624.89 624.89 624.89 649.1599 648.93 648.93 641.2234 791.15 791.15 791.15 812.1021 814.57 814.57 814.57 800.9611 801.09 801.09 917.6686 931.4 931.4 931.4 1122.36 1122.36 1122.36 951.6655 931.56 931.56 942.0767 -9999 -9999 -9999 -9999 -9999 -9999 -9999 -9999
548.84 548.84 495.3231 495.83 495.83 500.3514 412.39 412.39 412.39 474.0742 473.49 473.49 472.7065 487.95 487.95 487.95 506.0313 505.86 505.86 507.8335 469.44 469.44 469.44 491.7788 494.41 494.41 494.17 498.84 498.84 498.84 602.867 615.12 615.12 612.7948 658.03 658.03 658.03 539.4564 525.49 525.49 524.7921 538.37 538.37 538.37 632.1078 631.22 631.22 627.4068 701.59 701.59 701.59 871.9436 870.33 870.33 873.3515 800.9611 801.09 801.09 917.6686 931.4 931.4 931.4 1122.36 1122.36 1122.36 951.6655 931.56 931.56 942.0767 -9999 -9999 -9999 -9999 -9999 -9999 -9999 -9999
548.84 548.84 495.3231 495.83 495.83 500.3514 412.39 412.39 412.39 474.0742 473.49 473.49 472.7065 487.95 487.95 487.95 506.0313 505.86 505.86 473.2778 469.44 469.44 469.44 491.7788 494.41 494.41 494.17 498.84 498.84 498.84 602.867 615.12 615.12 612.7948 658.03 658.03 658.03 539.4564 525.49 525.49 524.7921 538.37 538.37 538.37 632.1078 631.22 631.22 627.4068 701.59 701.59 701.59 871.9436 870.33 870.33 867.2272 927.59 927.59 927.59 1000.547 1009.14 1009.14 1009.14 1132.64 1132.64 1132.64 1129.849 1129.52 1129.52 1145.415 -9999 -9999 -9999 -9999 -9999 -9999 -9999 -9999
548.84 548.84 495.3231 495.83 495.83 500.3514 412.39 412.39 412.39 474.0742 473.49 473.49 472.7065 487.95 487.95 487.95 506.0313 505.86 505.86 473.2778 469.44 469.44 469.44 491.7788 494.41 494.41 494.17 498.84 498.84 498.84 602.867 615.12 615.12 612.7948 658.03 658.03 658.03 539.4564 525.49 525.49 524.7921 538.37 538.37 538.37 632.1078 631.22 631.22 627.4068 701.59 701.59 701.59 871.9436 870.33 870.33 867.2272 927.59 927.59 927.59 1000.547 1009.14 1009.14 1009.14 1132.64 1132.64 1132.64 1129.849 1129.52 1129.52 1145.415 -9999 -9999 -9999 -9999 -9999 -9999 -9999 -9999
548.84 548.84 495.3231 495.83 495.83 500.3514 412.39 412.39 412.39 474.0742 473.49 473.49 472.7065 487.95 487.95 487.95 506.0313 505.86 505.86 473.2778 469.44 469.44 469.44 494.6488 494.41 494.41 494.17 498.84 498.84 498.84 602.867 615.12 615.12 612.7948 658.03 658.03 658.03 539.4564 525.49 525.49 524.7921 538.37 538.37 538.37 632.1078 631.22 631.22 627.4068 701.59 701.59 701.59 871.9436 870.33 870.33 867.2272 927.59 927.59 927.59 1009.92 1009.14 1009.14 1009.14 1132.64 1132.64 1132.64 1129.849 1129.52 1129.52 1145.415 -9999 -9999 -9999 -9999 -9999 -9999 -9999 -9999
485.22 485.22 516.2136 515.92 515.92 515.2714 527.89 527.89 527.89 473.1818 473.7 473.7 472.7268 491.66 491.66 491.66 623.3069 622.06 622.06 473.2778 469.44 469.44 469.44 494.6488 494.41 494.41 498.3732 498.84 498.84 498.84 602.867 615.12 615.12 612.7948 658.03 658.03 658.03 539.4564 525.49 525.49 524.7921 538.37 538.37 538.37 632.1078 631.22 631.22 627.4068 701.59 701.59 701.59 871.9436 870.33 870.33 867.2272 927.59 927.59 927.59 1009.92 1009.14 1009.14 1009.14 1132.64 1132.64 1132.64 1129.849 1129.52 1129.52 1145.415 -9999 -9999 -9999 -9999 -9999 -9999 -9999 -9999
485.22 485.22 516.2136 515.92 515.92 515.2714 527.89 527.89 527.89 473.1818 473.7 473.7 472.7268 491.66 491.66 491.66 623.3069 622.06 622.06 607.1734 605.42 605.42 605.42 586.7935 586.97 586.97 529.6603 522.91 522.91 522.91 570.352 575.94 575.94 567.0717 739.6 739.6 739.6 624.4886 610.93 610.93 612.6011 580.09 580.09 580.09 651.0623 650.39 650.39 647.0835 711.41 711.41 711.41 893.7673 892.04 892.04 887.9244 967.99 967.99 967.99 1123.251 1121.78 1021.009 1002.448 1132.64 1132.64 1132.64 1129.849 1129.52 1129.52 1145.415 -9999 -9999 -9999 -9999 -9999 -9999 -9999 -9999
485.22 485.22 516.2136 515.92 515.92 515.2714 527.89 527.89 527.89 473.1818 473.7 473.7 472.7268 491.66 491.66 491.66 623.3069 622.06 622.06 607.1734 605.42 605.42 605.42 586.7935 586.97 586.97 529.6603 522.91 522.91 522.91 576.4471 575.94 575.94 567.0717 739.6 739.6 739.6 624.4886 610.93 610.93 612.6011 580.09 580.09 580.09 651.0623 650.39 650.39 647.0835 711.41 711.41 711.41 893.7673 892.04 892.04 887.9244 967.99 967.99 967.99 1123.251 1121.78 1121.78 1120.161 1151.65 1151.65 1151.65 1234.424 1233.64 1233.64 1247.258 -9999 -9999 -9999 -9999 -9999 -9999 -9999 -9999
485.22 483.5565 515.92 515.92 515.92 515.2714 527.89 527.89 527.89 473.1818 473.7 473.7 472.7268 491.66 491.66 491.66 623.3069 622.06 622.06 607.1734 605.42 605.42 605.42 586.7935 586.97 586.97 529.6603 522.91 522.91 522.91 576.4471 575.94 575.94 722.3543 739.6 739.6 739.6 624.4886 610.93 610.93 612.6011 580.09 580.09 580.09 651.0623 650.39 650.39 647.0835 711.41 711.41 711.41 893.7673 892.04 892.04 887.9244 967.99 967.99 967.99 1123.251 1121.78 1121.78 1120.161 1151.65 1151.65 1151.65 1234.424 1233.64 1233.64 1247.258 -9999 -9999 -9999 -9999 -9999 -9999 -9999 -9999
485.22 483.5565 515.92 515.92 515.92 526.6287 527.89 527.89 527.89 473.1818 473.7 473.7 472.7268 491.66 491.66 491.66 623.3069 622.06 622.06 607.1734 605.42 605.42 605.42 586.7935 586.97 586.97 529.6603 522.91 522.91 522.91 576.4471 575.94 575.94 722.3543 739.6 739.6 739.6 609.6996 610.93 610.93 612.6011 580.09 580.09 580.09 651.0623 650.39 650.39 647.0835 711.41 711.41 711.41 893.7673 892.04 892.04 887.9244 967.99 967.99 967.99 1123.251 1121.78 1121.78 1120.161 1151.65 1151.65 1151.65 1234.424 1233.64 1233.64 1008.803 -9999 -9999 -9999 -9999 -9999 -9999 -9999 -9999
585.39 578.1961 718.15 718.15 718.15 788.8254 797.15 797.15 797.15 648.4314 649.84 649.84 654.5728 562.5 562.5 562.5 587.7391 587.5 587.5 575.2615 573.82 573.82 573.82 593.2036 593.02 593.02 572.1395 569.68 569.68 569.68 624.2872 623.77 623.77 679.5767 686.15 686.15 733.9677 609.6996 610.93 610.93 612.6011 580.09 580.09 580.09 651.0623 650.39 650.39 647.0835 711.41 711.41 711.41 893.7673 892.04 892.04 887.9244 967.99 967.99 967.99 1123.251 1121.78 1121.78 1120.161 1151.65 1151.65 1151.65 1234.424 1233.64 1233.64 1008.803 -9999 -9999 -9999 -9999 -9999 -9999 -9999 -9999
585.39 578.1961 718.15 718.15 718.15 788.8254 797.15 797.15 805.1324 649.84 649.84 649.84 654.5728 562.5 562.5 562.5 587.7391 587.5 587.5 575.2615 573.82 573.82 573.82 593.2036 593.02 593.02 572.1395 569.68 569.68 569.68 624.2872 623.77 623.77 679.5767 686.15 686.15 686.15 577.0768 578.11 578.11 594.5085 596.44 596.44 596.44 654.0557 653.51 653.51 645.4469 802.31 802.31 802.31 912.423 911.38 911.38 919.5412 760.77 760.77 760.77 901.7756 900.44 900.44 883.6733 1209.86 1209.86 1209.86 1306.909 1305.99 1305.99 1168.907 -9999 -9999 -9999 -9999 -9999 -9999 -9999 -9999
585.39 578.1961 718.15 718.15 718.15 788.8254 797.15 797.15 805.1324 649.84 649.84 649.84 571.7034 562.5 562.5 562.5 587.7391 587.5 587.5 575.2615 573.82 573.82 573.82 593.2036 593.02 593.02 572.1395 569.68 569.68 569.68 624.2872 623.77 623.77 679.5767 686.15 686.15 686.15 577.0768 578.11 578.11 594.5085 596.44 596.44 596.44 654.0557 653.51 653.51 645.4469 802.31 802.31 802.31 912.423 911.38 911.38 919.5412 760.77 760.77 760.77 901.7756 900.44 900.44 883.6733 1209.86 1209.86 1209.86 1306.909 1305.99 1305.99 1168.907 -9999 -9999 -9999 -9999 -9999 -9999 -9999 -9999
585.39 578.1961 718.15 718.15 718.15 788.8254 797.15 797.15 805.1324 649.84 649.84 649.84 571.7034 562.5 562.5 561.1453 587.5 587.5 587.5 575.2615 573.82 573.82 573.82 593.2036 593.02 593.02 572.1395 569.68 569.68 569.68 624.2872 623.77 623.77 679.5767 686.15 686.15 686.15 577.0768 578.11 578.11 594.5085 596.44 596.44 596.44 653.51 653.51 653.51 645.4469 802.31 802.31 802.31 912.423 911.38 911.38 919.5412 760.77 760.77 760.77 901.7756 900.44 900.44 883.6733 1209.86 1209.86 1209.86 1306.909 1305.99 1305.99 1168.907 -9999 -9999 -9999 -9999 -9999 -9999 -9999 -9999
596.88 580.0466 907.53 907.53 907.53 1073.143 1092.65 1092.65 1101.704 925.56 925.56 925.56 794.6227 779.2 779.2 583.9801 587.5 587.5 587.5 575.2615 573.82 573.82 573.82 593.2036 593.02 593.02 572.1395 569.68 569.68 569.68 624.2872 623.77 623.77 679.5767 686.15 686.15 686.15 577.0768 578.11 578.11 594.5085 596.44 596.44 596.44 653.51 653.51 653.51 786.6302 802.31 802.31 802.31 912.423 911.38 911.38 919.5412 760.77 760.77 760.77 901.7756 900.44 900.44 883.6733 1209.86 1209.86 1209.86 1306.909 1305.99 1305.99 1168.907 -9999 -9999 -9999 -9999 -9999 -9999 -9999 -9999
596.88 580.0466 907.53 907.53 907.53 1073.143 1092.65 1092.65 1101.704 925.56 925.56 925.56 794.6227 779.2 779.2 777.4167 812.11 812.11 812.11 692.0529 693.19 693.19 693.19 682.2564 682.36 682.36 594.1679 583.78 583.78 583.78 732.741 731.33 731.33 658.3375 649.74 649.74 649.74 514.2971 515.58 515.58 483.6866 479.93 479.93 479.93 493.23 493.23 493.23 561.8925 569.98 569.98 569.98 593.3716 593.15 593.15 591.1489 630.08 762.0197 760.77 901.7756 900.44 900.44 883.6733 1209.86 1209.86 1209.86 1306.909 1305.99 1305.99 1168.907 -9999 -9999 -9999 -9999 -9999 -9999 -9999 -9999
596.88 580.0466 907.53 907.53 907.53 1073.143 1092.65 1092.65 1101.704 925.56 925.56 925.56 794.6227 779.2 779.2 777.4167 812.11 812.11 812.11 692.0529 693.19 693.19 693.7769 682.36 682.36 682.36 594.1679 583.78 583.78 583.78 732.741 731.33 731.33 658.3375 649.74 649.74 649.74 514.2971 515.58 515.58 483.6866 479.93 479.93 479.93 493.23 493.23 493.23 561.8925 569.98 569.98 568.7244 593.15 593.15 593.15 591.1489 630.08 630.08 630.08 744.3826 743.3 743.3 729.777 992.86 992.86 992.86 1178.135 1176.38 1176.38 1201.707 -9999 -9999 -9999 -9999 -9999 -9999 -9999 -9999
596.88 580.0466 907.53 907.53 907.53 1073.143 1092.65 1092.65 1101.704 925.56 925.56 925.56 794.6227 779.2 779.2 777.4167 812.11 812.11 812.11 692.0529 693.19 693.19 693.7769 682.36 682.36 682.36 594.1679 583.78 583.78 583.78 732.741 731.33 731.33 658.3375 649.74 649.74 649.74 514.2971 515.58 515.58 483.6866 479.93 479.93 479.93 493.23 493.23 493.23 561.8925 569.98 569.98 568.7244 593.15 593.15 593.15 591.1489 630.08 630.08 630.08 744.3826 743.3 743.3 729.777 992.86 992.86 992.86 1178.135 1176.38 1176.38 1201.707 -9999 -9999 -9999 -9999 -9999 -9999 -9999 -9999
596.88 580.0466 907.53 907.53 907.53 1073.143 1092.65 1092.65 1101.704 925.56 925.56 925.56 794.6227 779.2 779.2 777.4167 812.11 812.11 812.11 692.0529 693.19 693.19 693.7769 682.36 682.36 682.36 582.8373 583.78 583.78 583.78 732.741 731.33 731.33 658.3375 649.74 649.74 649.74 514.2971 515.58 515.58 483.6866 479.93 479.93 479.93 493.23 493.23 493.23 561.8925 569.98 569.98 568.7244 593.15 593.15 593.15 626.1885 630.08 630.08 630.08 744.3826 743.3 743.3 729.777 992.86 992.86 992.86 1178.135 1176.38 1176.38 1201.707 -9999 -9999 -9999 -9999 -9999 -9999 -9999 -9999
550.78 601.4247 607.39 607.39 607.39 707.4628 719.25 719.25 714.7048 803.13 803.13 803.13 667.8716 651.94 651.94 653.5803 621.67 621.67 621.67 598.7933 599.01 599.01 601.3666 555.52 555.52 555.52 547.0599 547.14 547.14 536.9766 734.7 734.7 734.8826 658.3375 649.74 649.74 649.74 514.2971 515.58 515.58 483.6866 479.93 479.93 479.93 493.23 493.23 493.23 561.8925 569.98 569.98 568.7244 593.15 593.15 593.15 626.1885 630.08 630.08 630.08 744.3826 743.3 743.3 729.777 992.86 992.86 992.86 1178.135 1176.38 1176.38 1201.707 -9999 -9999 -9999 -9999 -9999 -9999 -9999 -9999
550.78 601.4247 607.39 607.39 607.39 707.4628 719.25 719.25 714.7048 803.13 803.13 803.13 667.8716 651.94 651.94 653.5803 621.67 621.67 621.67 598.7933 599.01 599.01 601.3666 555.52 555.52 555.52 547.0599 547.14 547.14 536.9766 734.7 734.7 734.7 769.4294 773.52 773.52 773.52 569.6085 571.54 571.54 495.0764 486.07 486.07 486.07 468.57 468.57 468.57 458.9617 457.83 457.83 458.6899 441.96 441.96 441.96 544.3677 556.43 556.43 545.4467 759.12 759.12 759.12 740.8458 1096.36 1096.36 1096.36 1268.228 1266.6 1266.6 1093.088 -9999 -9999 -9999 -9999 -9999 -9999 -9999 -9999
550.78 601.4247 607.39 607.39 607.39 720.3196 719.25 719.25 714.7048 803.13 803.13 803.13 667.8716 651.94 651.94 653.5803 621.67 621.67 621.67 598.7933 599.01 599.01 601.3666 555.52 555.52 555.52 547.0599 547.14 547.14 536.9766 734.7 734.7 734.7 773.8912 773.52 773.52 773.52 569.6085 571.54 571.54 495.0764 486.07 486.07 486.07 468.57 468.57 468.57 458.9617 457.83 457.83 458.6899 441.96 441.96 441.96 544.3677 556.43 556.43 545.4467 759.12 759.12 759.12 740.8458 1096.36 1096.36 1096.36 1268.228 1266.6 1266.6 1093.088 -9999 -9999 -9999 -9999 -9999 -9999 -9999 -9999
