Model and model input files/precip_1997.asc
ncols         625
nrows         453
xllcorner     138621.56993419
yllcorner     4094031.9406744
cellsize      1000
NODATA_value  -9999
[rows 68 to 101 of 453, columns 0 to 76 of 625]
-9999 -9999 -9999 -9999 -9999 -9999 -9999 -9999 -9999 -9999 -9999 -9999 -9999 -9999 -9999 -9999 -9999 518 518 518 518.0303 518.03 518.03 518.9713 500.66 500.66 500.66 496.9852 497.02 497.02 496.3492 509.4 509.4 509.4 544.2725 548.38 548.38 548.38 556 556 556 541.7397 540.06 540.06 539.1226 557.36 557.36 557.36 543.4307 541.79 541.79 541.79 513.5526 513.82 513.82 516.1403 471 471 471 422.8641 423.32 423.32 415.3847 414.45 414.45 414.45 415.8735 415.86 415.86 413.4573 460.2 460.2 460.2 469.1015 470.15 470.15 470.1684
-9999 -9999 -9999 -9999 -9999 -9999 -9999 -9999 -9999 -9999 -9999 -9999 -9999 -9999 -9999 -9999 -9999 518 518 518 518.0303 518.03 518.03 518.9713 500.66 500.66 500.66 496.9852 497.02 497.02 496.3492 509.4 509.4 509.4 548.7527 548.38 548.38 548.38 556 556 556 541.7397 540.06 540.06 539.7267 546.21 546.21 546.21 533.6852 532.21 532.21 533.808 502.72 502.72 502.72 503.6385 485.77 485.77 485.77 471.4645 471.6 471.6 461.8039 460.65 460.65 460.65 459.4183 459.43 415.86 455.5277 460.2 460.2 460.2 469.1015 470.15 470.15 470.1684
-9999 -9999 -9999 -9999 -9999 -9999 -9999 -9999 -9999 -9999 -9999 -9999 -9999 -9999 -9999 -9999 -9999 518 518 517.9984 518.03 518.03 518.03 518.9713 500.66 500.66 500.66 496.9852 497.02 497.02 496.3492 509.4 509.4 509.4 548.7527 548.38 548.38 547.9671 556 556 556 541.7397 540.06 540.06 539.7267 546.21 546.21 546.21 533.6852 532.21 532.21 533.808 502.72 502.72 502.72 503.6385 485.77 485.77 485.77 471.4645 471.6 471.6 461.8039 460.65 460.65 460.65 459.4183 459.43 459.43 491.7975 495.61 495.61 495.61 533.7211 538.21 538.21 537.9429
-9999 -9999 -9999 -9999 -9999 -9999 -9999 -9999 -9999 -9999 -9999 -9999 -9999 -9999 -9999 -9999 -9999 518 518 517.9984 518.03 518.03 518.03 518.9713 500.66 500.66 500.66 496.9852 497.02 497.02 496.3492 509.4 509.4 509.4 548.7527 548.38 548.38 547.9671 556 556 556 541.7397 540.06 540.06 539.7267 546.21 546.21 546.21 533.6852 532.21 532.21 533.808 502.72 502.72 502.72 487.5561 485.77 485.77 485.77 471.4645 471.6 471.6 461.8039 460.65 460.65 460.65 459.4183 459.43 459.43 491.7975 495.61 495.61 495.61 538.6174 538.21 538.21 537.9429
-9999 -9999 -9999 -9999 -9999 -9999 -9999 -9999 -9999 -9999 -9999 -9999 -9999 -9999 -9999 -9999 -9999 420.54 420.54 418.8391 451.93 451.93 451.93 498.6115 504.11 501.0236 500.66 496.9852 497.02 497.02 496.3492 509.4 509.4 509.4 548.7527 548.38 548.38 547.9671 556 556 556 539.9076 540.06 540.06 539.7267 546.21 546.21 546.21 533.6852 532.21 532.21 533.808 502.72 502.72 502.72 487.5561 485.77 485.77 485.77 471.4645 471.6 471.6 461.8039 460.65 460.65 460.65 459.4183 459.43 459.43 491.7975 495.61 495.61 495.61 538.6174 538.21 538.21 537.9429
-9999 -9999 -9999 -9999 -9999 -9999 -9999 -9999 -9999 -9999 -9999 -9999 -9999 -9999 -9999 -9999 -9999 420.54 420.54 418.8391 451.93 451.93 451.93 498.6115 504.11 504.11 498.0383 616.16 616.16 616.16 615.8641 621.62 621.62 621.62 585.9219 586.26 586.26 585.9002 592.9 592.9 592.9 595.2119 595.19 595.19 598.3345 537.16 537.16 545.2563 533.6852 532.21 532.21 533.808 502.72 502.72 502.72 487.5561 485.77 485.77 486.5378 471.6 471.6 471.6 461.8039 460.65 460.65 460.65 459.4183 459.43 459.43 491.7975 495.61 495.61 495.61 538.6174 538.21 538.21 542.6205
-9999 -9999 -9999 -9999 -9999 -9999 -9999 -9999 -9999 -9999 -9999 -9999 -9999 -9999 -9999 -9999 -9999 420.54 420.54 418.8391 451.93 451.93 451.93 498.6115 504.11 504.11 498.0383 616.16 616.16 616.16 615.8641 621.62 621.62 621.62 585.9219 586.26 586.26 585.9002 592.9 592.9 592.9 595.2119 595.19 595.19 543.2749 537.16 537.16 537.16 518.0061 515.75 515.75 517.7013 479.74 479.74 479.74 449.5017 445.94 445.94 446.4272 436.95 436.95 436.95 430.2162 430.28 430.28 430.28 446.6248 446.47 446.47 485.9498 490.3285 495.61 495.61 538.6174 538.21 538.21 542.6205
-9999 -9999 -9999 -9999 -9999 -9999 -9999 -9999 -9999 -9999 -9999 -9999 -9999 -9999 -9999 -9999 -9999 420.54 420.54 418.8391 451.93 451.93 451.93 498.6115 504.11 504.11 498.0383 616.16 616.16 616.16 621.0446 621.62 621.62 621.62 585.9219 586.26 586.26 585.9002 592.9 592.9 592.9 595.2119 595.19 595.19 543.2749 537.16 537.16 537.16 515.5453 515.75 515.75 517.7013 479.74 479.74 479.74 449.5017 445.94 445.94 446.4272 436.95 436.95 436.95 430.2162 430.28 430.28 430.28 446.6248 446.47 446.47 485.9498 490.6 490.6 490.6 519.5643 519.29 519.29 505.5844
-9999 -9999 -9999 -9999 -9999 -9999 -9999 -9999 -9999 -9999 -9999 -9999 -9999 -9999 -9999 -9999 -9999 420.54 420.54 418.8391 451.93 451.93 451.93 498.6115 504.11 504.11 498.0383 616.16 616.16 616.16 621.0446 621.62 621.62 623.5361 586.26 586.26 586.26 585.9002 592.9 592.9 592.9 595.2119 595.19 595.19 543.2749 537.16 537.16 537.16 515.5453 515.75 515.75 517.7013 479.74 479.74 479.74 449.5017 445.94 445.94 446.4272 436.95 436.95 436.95 430.2162 430.28 430.28 429.4027 446.47 446.47 446.47 485.9498 490.6 490.6 490.6 519.5643 519.29 519.29 505.5844
-9999 -9999 -9999 -9999 -9999 -9999 -9999 -9999 -9999 -9999 -9999 -9999 -9999 -9999 -9999 -9999 -9999 383.78 383.78 409.5005 412.53 412.53 412.53 450.2295 454.67 454.67 450.2608 536.04 536.04 536.04 553.8699 555.97 555.97 558.96 500.79 587.0773 586.26 585.9002 592.9 592.9 592.9 595.2119 595.19 595.19 543.2749 537.16 537.16 537.16 515.5453 515.75 515.75 483.5345 479.74 479.74 479.74 449.5017 445.94 445.94 446.4272 436.95 436.95 436.95 430.2162 430.28 430.28 429.4027 446.47 446.47 446.47 485.9498 490.6 490.6 490.6 519.5643 519.29 519.29 505.5844
-9999 -9999 -9999 -9999 -9999 -9999 -9999 -9999 -9999 -9999 -9999 -9999 -9999 -9999 -9999 -9999 -9999 383.78 383.78 409.5005 412.53 412.53 412.53 450.2295 454.67 454.67 450.2608 536.04 536.04 536.04 553.8699 555.97 555.97 558.96 500.79 500.79 500.79 494.1429 493.36 493.36 493.36 479.8117 479.94 479.94 455.4005 452.51 452.51 452.51 454.933 454.91 454.91 471.2101 473.13 473.13 473.13 432.7914 428.04 427.07 446.4272 436.95 436.95 436.95 430.2162 430.28 430.28 429.4027 446.47 446.47 446.47 491.022 490.6 490.6 490.6 519.5643 519.29 519.29 505.5844
-9999 -9999 -9999 -9999 -9999 -9999 -9999 -9999 -9999 -9999 -9999 -9999 -9999 -9999 -9999 -9999 -9999 383.78 383.78 409.5005 412.53 412.53 412.53 455.073 454.67 454.67 450.2608 536.04 536.04 536.04 553.8699 555.97 555.97 558.96 500.79 500.79 500.79 494.1429 493.36 493.36 493.36 479.8117 479.94 479.94 455.4005 452.51 452.51 452.51 454.933 454.91 454.91 471.2101 473.13 473.13 473.13 427.6088 428.04 428.04 429.0387 409.61 409.61 409.61 404.0069 404.06 404.06 403.6915 410.86 410.86 410.86 463.0039 462.51 462.51 459.9068 510.55 510.55 510.55 475.1318
-9999 -9999 -9999 -9999 -9999 -9999 -9999 -9999 -9999 -9999 -9999 -9999 -9999 -9999 -9999 -9999 -9999 383.78 383.78 409.5005 412.53 412.53 412.53 455.073 454.67 454.67 527.4656 536.04 536.04 536.04 553.8699 555.97 555.97 558.96 500.79 500.79 500.79 494.1429 493.36 493.36 494.0872 479.94 479.94 479.94 455.4005 452.51 452.51 452.51 454.933 454.91 454.91 471.2101 473.13 473.13 473.13 427.6088 428.04 428.04 411.5521 409.61 409.61 409.61 404.0069 404.06 404.06 403.6915 410.86 410.86 410.86 463.0039 462.51 462.51 459.9068 510.55 510.55 510.55 475.1318
-9999 -9999 -9999 -9999 -9999 -9999 -9999 -9999 -9999 -9999 -9999 -9999 -9999 -9999 -9999 -9999 -9999 382.75 382.75 397.9407 399.73 399.73 399.73 450.0979 454.67 454.67 527.4656 536.04 536.04 536.04 553.8699 555.97 555.97 558.96 500.79 500.79 500.79 494.1429 493.36 493.36 494.0872 479.94 479.94 479.94 452.2477 452.51 452.51 452.51 454.933 454.91 454.91 471.2101 473.13 473.13 473.13 427.6088 428.04 428.04 411.5521 409.61 409.61 409.61 404.0069 404.06 404.06 403.6915 410.86 410.86 410.86 463.0039 462.51 462.51 459.9068 510.55 510.55 510.55 470.5814
-9999 -9999 -9999 -9999 -9999 -9999 -9999 -9999 -9999 -9999 -9999 -9999 -9999 -9999 -9999 -9999 -9999 382.75 382.75 397.9407 399.73 399.73 399.73 410.4213 410.32 410.32 419.642 420.74 420.74 420.74 418.1555 418.18 418.18 418.2716 416.49 416.49 416.49 411.4354 410.84 410.84 411.0724 406.55 406.55 406.55 392.2306 452.51 452.51 452.51 454.933 454.91 454.91 471.2101 473.13 473.13 473.13 427.6088 428.04 428.04 411.5521 409.61 409.61 409.61 404.06 404.06 404.06 403.6915 410.86 410.86 410.86 463.0039 462.51 462.51 459.9068 510.55 510.55 510.55 470.5814
-9999 -9999 -9999 -9999 -9999 -9999 -9999 -9999 -9999 -9999 -9999 -9999 -9999 -9999 -9999 -9999 -9999 382.75 382.75 397.9407 399.73 399.73 399.73 410.4213 410.32 410.32 419.642 420.74 420.74 420.74 418.1555 418.18 418.18 416.6681 416.49 416.49 416.49 411.4354 410.84 410.84 411.0724 406.55 406.55 406.55 395.3237 395.43 395.43 395.1899 399.86 399.86 399.86 419.1392 421.41 421.41 421.41 408.6693 408.79 408.79 398.5734 397.37 397.37 397.37 391.87 391.87 391.87 390.7581 412.39 412.39 411.0212 463.0039 462.51 462.51 459.9068 510.55 510.55 510.55 470.5814
-9999 -9999 -9999 -9999 -9999 -9999 -9999 -9999 -9999 -9999 -9999 -9999 -9999 -9999 -9999 -9999 -9999 382.75 382.75 399.8924 399.73 399.73 399.73 410.4213 410.32 410.32 419.642 420.74 420.74 420.74 418.1555 418.18 418.18 416.6681 416.49 416.49 416.49 411.4354 410.84 410.84 411.0724 406.55 406.55 406.55 395.3237 395.43 395.43 395.1899 399.86 399.86 399.86 419.1392 421.41 421.41 421.41 408.6693 408.79 408.79 398.5734 397.37 397.37 397.37 391.87 391.87 391.87 410.2277 412.39 412.39 412.39 475.1141 474.52 474.52 474.3081 478.43 478.43 478.43 444.2159
-9999 -9999 -9999 -9999 -9999 -9999 -9999 -9999 -9999 -9999 -9999 -9999 -9999 -9999 -9999 -9999 -9999 382.75 382.75 399.8924 399.73 399.73 399.73 410.4213 410.32 410.32 419.642 420.74 420.74 420.74 418.1555 418.18 418.18 416.6681 416.49 416.49 416.49 410.786 410.84 410.84 411.0724 406.55 406.55 406.55 395.3237 395.43 395.43 395.1899 399.86 399.86 399.86 421.6161 421.41 421.41 421.41 408.6693 408.79 408.79 398.5734 397.37 397.37 397.37 391.87 391.87 391.87 410.2277 412.39 412.39 412.39 475.1141 474.52 474.52 474.3081 478.43 478.43 478.43 444.2159
-9999 -9999 -9999 -9999 -9999 -9999 -9999 -9999 -9999 -9999 -9999 -9999 -9999 -9999 -9999 -9999 -9999 385.08 385.08 387.8361 387.81 387.81 387.4307 394.81 394.81 408.6856 419.642 420.74 420.74 420.74 418.1555 418.18 418.18 416.6681 416.49 416.49 416.49 410.786 410.84 410.84 411.0724 406.55 406.55 406.55 395.3237 395.43 395.43 395.1899 399.86 399.86 399.86 421.6161 421.41 421.41 422.0938 408.79 408.79 408.79 398.5734 397.37 397.37 397.37 391.87 391.87 391.87 410.2277 412.39 412.39 409.0233 474.52 474.52 474.52 474.3081 478.43 478.43 478.43 444.2159
-9999 -9999 -9999 -9999 -9999 -9999 -9999 -9999 -9999 -9999 -9999 -9999 -9999 -9999 -9999 -9999 -9999 385.08 385.08 387.8361 387.81 387.81 387.4307 394.81 394.81 394.81 390.2771 390.32 390.32 390.32 389.6436 389.65 389.65 402.6936 404.23 404.23 404.23 411.6805 411.61 411.61 402.8248 401.79 401.79 401.79 385.001 385.16 385.16 385.4234 380.3 380.3 380.3 400.4812 400.29 400.29 400.0966 408.2705 408.79 408.79 398.5734 397.37 397.37 397.37 391.87 391.87 391.87 410.2277 412.39 412.39 409.0233 474.52 474.52 474.52 478.018 478.43 478.43 478.43 444.2159
-9999 -9999 -9999 -9999 -9999 -9999 -9999 -9999 -9999 -9999 -9999 -9999 -9999 -9999 -9999 -9999 -9999 385.08 385.08 387.8361 387.81 387.81 387.4307 394.81 394.81 394.81 390.2771 390.32 390.32 390.32 389.6436 389.65 389.65 402.6936 404.23 404.23 404.23 411.6805 411.61 411.61 402.8248 401.79 401.79 401.79 385.001 385.16 385.16 385.4234 380.3 380.3 380.3 400.4812 400.29 400.29 400.0966 403.86 403.86 403.86 400.7505 400.78 400.78 400.78 398.08 398.08 398.08 414.4069 416.33 416.33 413.2484 473.2 473.2 473.2 459.9059 458.34 458.34 458.34 433.9792
-9999 -9999 -9999 -9999 -9999 -9999 -9999 -9999 -9999 -9999 -9999 -9999 -9999 -9999 -9999 -9999 -9999 385.08 385.08 387.8361 387.81 387.81 387.4307 394.81 394.81 394.81 390.2771 390.32 390.32 390.3563 389.65 389.65 389.65 402.6936 404.23 404.23 404.23 411.6805 411.61 411.61 402.8248 401.79 401.79 401.79 385.16 385.16 385.16 385.4234 380.3 380.3 380.3 400.4812 400.29 400.29 400.0966 403.86 403.86 403.86 400.7505 400.78 400.78 400.78 398.08 398.08 398.08 414.4069 416.33 416.33 413.2484 473.2 473.2 473.2 459.9059 458.34 458.34 459.6476 434.21
-9999 -9999 -9999 -9999 -9999 -9999 -9999 -9999 -9999 -9999 -9999 -9999 -9999 -9999 -9999 -9999 -9999 385.08 385.08 387.8361 387.81 387.81 387.4307 394.81 394.81 394.81 390.2771 390.32 390.32 390.3563 389.65 389.65 389.65 402.6936 404.23 404.23 404.23 411.6805 411.61 411.61 402.8248 401.79 401.79 401.79 385.16 385.16 385.16 380.8121 380.3 380.3 380.3 400.4812 400.29 400.29 400.0966 403.86 403.86 403.86 400.7505 400.78 400.78 400.9263 398.08 398.08 398.08 414.4069 416.33 416.33 413.2484 473.2 473.2 473.2 459.9059 458.34 458.34 459.6476 434.21
-9999 -9999 -9999 -9999 -9999 -9999 -9999 -9999 -9999 -9999 -9999 -9999 -9999 -9999 -9999 -9999 -9999 369.62 369.62 373.35 373.35 373.35 372.418 390.55 390.55 390.55 371.5197 371.7 371.7 371.8073 369.72 369.72 369.72 384.3889 384.25 402.1246 404.23 411.6805 411.61 411.61 402.8248 401.79 401.79 401.79 385.16 385.16 385.16 380.8121 380.3 380.3 380.3 400.4812 400.29 400.29 400.0966 403.86 403.86 403.86 400.7505 400.78 400.78 400.9263 398.08 398.08 398.08 414.4069 416.33 416.33 413.2484 473.2 473.2 473.2 459.9059 458.34 458.34 459.6476 434.21
-9999 -9999 -9999 -9999 -9999 -9999 -9999 -9999 -9999 -9999 -9999 -9999 -9999 -9999 -9999 -9999 -9999 369.62 369.62 373.35 373.35 373.35 372.418 390.55 390.55 390.55 371.5197 371.7 371.7 371.8073 369.72 369.72 369.72 384.3889 384.25 384.25 384.25 417.3434 417.03 417.03 411.7964 411.18 411.18 411.18 389.94 389.94 389.94 383.0424 382.23 382.23 382.0171 386.16 386.16 386.16 385.9032 390.9 390.9 390.9 400.8745 400.78 400.78 400.9263 398.08 398.08 398.08 416.5045 416.33 416.33 413.2484 473.2 473.2 473.2 459.9059 458.34 458.34 459.6476 434.21
-9999 -9999 -9999 -9999 -9999 -9999 -9999 -9999 -9999 -9999 -9999 -9999 -9999 -9999 -9999 -9999 -9999 369.62 369.62 373.35 373.35 373.35 388.7375 390.55 390.55 390.55 371.5197 371.7 371.7 371.8073 369.72 369.72 369.72 384.3889 384.25 384.25 382.4737 417.03 417.03 417.03 411.7964 411.18 411.18 411.18 389.94 389.94 389.94 383.0424 382.23 382.23 382.0171 386.16 386.16 386.16 385.9032 390.9 390.9 390.9 408.4866 408.32 408.32 407.1062 430.72 430.72 430.72 443.2588 443.14 443.14 443.8862 429.37 429.37 429.37 422.4993 421.69 421.69 421.4104 426.85
-9999 -9999 -9999 -9999 -9999 -9999 -9999 -9999 -9999 -9999 -9999 -9999 -9999 -9999 -9999 -9999 -9999 369.62 369.62 373.35 373.35 373.35 388.7375 390.55 390.55 391.5714 371.7 371.7 371.7 371.8073 369.72 369.72 369.72 384.3889 384.25 384.25 382.4737 417.03 417.03 417.03 411.1241 411.18 411.18 411.18 389.94 389.94 389.94 383.0424 382.23 382.23 382.0171 386.16 386.16 386.16 390.4005 390.9 390.9 390.9 408.4866 408.32 408.32 407.1062 430.72 430.72 430.72 443.2588 443.14 443.14 430.821 429.37 429.37 429.37 422.4993 421.69 421.69 421.4104 426.85
-9999 -9999 -9999 -9999 -9999 -9999 -9999 -9999 -9999 -9999 -9999 -9999 -9999 -9999 -9999 -9999 -9999 332.54 332.54 345.16 345.16 345.16 369.0107 388.5763 390.55 391.5714 371.7 371.7 371.7 371.8073 369.72 369.72 369.72 384.3889 384.25 384.25 382.4737 417.03 417.03 417.03 411.1241 411.18 411.18 411.18 389.94 389.94 389.94 383.0424 382.23 382.23 382.0171 386.16 386.16 386.16 390.4005 390.9 390.9 390.9 408.4866 408.32 408.32 407.1062 430.72 430.72 430.72 443.2588 443.14 443.14 430.821 429.37 429.37 429.37 422.4993 421.69 421.69 421.4104 426.85
-9999 -9999 -9999 -9999 -9999 -9999 -9999 -9999 -9999 -9999 -9999 -9999 -9999 -9999 -9999 -9999 -9999 332.54 332.54 345.16 345.16 345.16 369.0107 371.82 371.82 372.5185 358.93 358.93 358.93 355.8793 355.52 355.52 355.52 366.7867 366.68 366.68 366.0834 377.69 377.69 377.69 388.6942 388.59 388.59 388.6117 388.19 389.9567 389.94 383.0424 382.23 382.23 382.0171 386.16 386.16 386.16 390.4005 390.9 390.9 389.9561 408.32 408.32 408.32 407.1062 430.72 430.72 430.72 443.2588 443.14 443.14 430.821 429.37 429.37 429.37 421.6166 421.69 421.69 421.4104 426.85
-9999 -9999 -9999 -9999 -9999 -9999 -9999 -9999 -9999 -9999 -9999 -9999 -9999 -9999 -9999 -9999 -9999 332.54 332.54 345.16 345.16 345.16 369.0107 371.82 371.82 372.5185 358.93 358.93 358.93 355.8793 355.52 355.52 355.52 366.7867 366.68 366.68 366.0834 377.69 377.69 377.69 388.6942 388.59 388.59 388.6117 388.19 388.19 388.19 393.3699 393.98 393.98 393.8413 396.54 396.54 396.54 413.3947 415.38 415.38 409.6762 520.64 520.64 520.64 520.2184 528.42 528.42 528.42 492.0455 492.39 492.39 469.5228 429.37 429.37 429.37 421.6166 421.69 421.69 421.4104 426.85
-9999 -9999 -9999 -9999 -9999 -9999 -9999 -9999 -9999 -9999 -9999 -9999 -9999 -9999 -9999 -9999 -9999 332.54 331.8562 345.16 345.16 345.16 369.0107 371.82 371.82 372.5185 358.93 358.93 358.93 355.8793 355.52 355.52 354.9153 366.68 366.68 366.68 366.0834 377.69 377.69 377.69 388.6942 388.59 388.59 388.6117 388.19 388.19 388.19 394.0354 393.98 393.98 393.8413 396.54 396.54 396.54 413.3947 415.38 415.38 409.6762 520.64 520.64 520.64 527.6002 528.42 528.42 528.42 492.0455 492.39 492.39 467.6089 464.69 464.69 464.69 457.8452 457.91 457.91 477.7886 480.13
-9999 -9999 -9999 -9999 -9999 -9999 -9999 -9999 -9999 -9999 -9999 -9999 -9999 -9999 -9999 -9999 -9999 332.54 331.8562 345.16 345.16 345.16 369.0107 371.82 371.82 372.5185 358.93 358.93 358.93 355.8793 355.52 355.52 354.9153 366.68 366.68 366.68 366.0834 377.69 377.69 377.69 388.6942 388.59 388.59 388.6117 388.19 388.19 388.19 394.0354 393.98 393.98 393.8413 396.54 396.54 396.54 413.3947 415.38 415.38 409.6762 520.64 520.64 520.64 527.6002 528.42 528.42 528.42 492.0455 492.39 492.39 467.6089 464.69 464.69 464.69 457.8452 457.91 457.91 477.7886 480.13
-9999 -9999 -9999 -9999 -9999 -9999 -9999 -9999 -9999 -9999 -9999 -9999 -9999 -9999 -9999 -9999 -9999 324.55 323.8011 338.37 338.37 338.37 361.6404 361.42 361.42 361.8459 353.56 353.56 353.56 354.2399 354.32 354.32 353.6502 366.68 366.68 366.68 376.5298 377.69 377.69 377.69 388.6942 388.59 388.59 388.6117 388.19 388.19 388.19 394.0354 393.98 393.98 396.2703 396.54 396.54 396.54 413.3947 415.38 415.38 409.6762 520.64 520.64 520.64 527.6002 528.42 528.42 530.3724 492.39 492.39 492.39 467.6089 464.69 464.69 464.69 457.8452 457.91 457.91 477.7886 480.13
-9999 -9999 -9999 -9999 -9999 -9999 -9999 -9999 -9999 -9999 -9999 -9999 -9999 -9999 -9999 -9999 -9999 324.55 323.8011 338.37 338.37 338.37 361.6404 361.42 361.42 361.8459 353.56 353.56 353.56 354.2399 354.32 354.32 353.9526 361.1 361.1 361.1 364.8037 365.24 365.24 365.24 373.468 373.39 373.39 372.0093 398.87 398.87 398.87 409.3291 409.23 409.23 416.4138 417.26 417.26 417.26 494.8419 508.781 415.38 409.6762 520.64 520.64 520.64 527.6002 528.42 528.42 530.3724 492.39 492.39 492.39 467.6089 464.69 464.69 464.69 457.8452 457.91 457.91 477.7886 480.13
