Model and model input files/precip_1990.asc
ncols         625
nrows         453
xllcorner     138621.56993419
yllcorner     4094031.9406744
cellsize      1000
NODATA_value  -9999
[rows 34 to 67 of 453, columns 154 to 230 of 625]
629.93 698.3509 706.41 706.41 706.41 850.525 849.16 849.16 940.7428 951.53 951.53 951.53 784.8077 765.17 765.17 767.1397 728.82 728.82 728.82 704.3683 704.6 704.6 707.3738 653.41 653.41 653.41 645.172 645.25 645.25 633.5363 861.42 861.42 861.42 908.9502 908.5 908.5 908.5 683.7714 685.9 685.9 604.8917 595.35 595.35 595.35 572.73 572.73 572.73 551.5542 549.06 549.06 550.3475 525.3 525.3 525.3 631.662 644.19 644.19 632.4725 860.43 860.43 860.43 1205.245 1245.86 1245.86 1245.86 1434.416 1432.63 1432.63 1212.982 -9999 -9999 -9999 -9999 -9999 -9999 -9999 -9999
617.3292 698.3509 706.41 706.41 706.41 850.525 849.16 849.16 940.7428 951.53 951.53 951.53 784.8077 765.17 765.17 767.1397 728.82 728.82 728.82 704.3683 704.6 704.6 707.3738 653.41 653.41 653.41 645.172 645.25 645.25 633.5363 861.42 861.42 861.42 908.9502 908.5 908.5 920.5621 685.9 685.9 685.9 604.8917 595.35 595.35 595.35 572.73 572.73 572.73 551.5542 549.06 549.06 550.3475 525.3 525.3 525.3 631.662 644.19 644.19 632.4725 860.43 860.43 860.43 1205.245 1245.86 1245.86 1245.86 1434.416 1432.63 1432.63 1212.982 -9999 -9999 -9999 -9999 -9999 -9999 -9999 -9999
510.35 541.9481 545.67 545.67 545.67 600.3883 599.87 599.87 614.7566 616.51 616.51 616.51 598.9436 599.11 599.11 599.3289 595.07 595.07 595.07 612.172 612.01 612.01 607.3987 697.11 697.11 697.11 698.8566 698.84 698.84 694.3088 782.46 782.46 782.46 728.4787 728.99 728.99 733.384 647.9 685.9 685.9 604.8917 595.35 595.35 595.35 572.73 572.73 572.73 551.5542 549.06 549.06 550.3475 525.3 525.3 525.3 631.662 644.19 644.19 632.4725 860.43 860.43 860.43 1205.245 1245.86 1245.86 1235.739 1432.63 1432.63 1432.63 1212.982 -9999 -9999 -9999 -9999 -9999 -9999 -9999 -9999
510.35 541.9481 545.67 545.67 545.67 600.3883 599.87 599.87 614.7566 616.51 616.51 616.51 598.9436 599.11 599.11 599.3289 595.07 595.07 595.07 612.172 612.01 612.01 607.3987 697.11 697.11 697.11 698.8566 698.84 698.84 694.3088 782.46 782.46 782.46 728.4787 728.99 728.99 733.384 647.9 647.9 647.9 532.4767 533.57 533.57 533.57 497.05 497.05 497.05 529.999 533.88 533.88 530.1058 603.53 603.53 603.53 848.7109 877.59 877.59 856.7864 1261.51 1261.51 1261.51 1382.213 1396.43 1396.43 1396.007 1404.23 1404.23 1404.23 1135.977 -9999 -9999 -9999 -9999 -9999 -9999 -9999 -9999
510.35 541.9481 545.67 545.67 545.67 600.3883 599.87 599.87 614.7566 616.51 616.51 616.51 598.9436 599.11 599.11 595.4957 595.07 595.07 595.07 612.172 612.01 612.01 607.3987 697.11 697.11 697.11 698.8566 698.84 698.84 694.3088 782.46 782.46 782.46 728.4787 728.99 728.99 733.384 647.9 647.9 647.9 532.4767 533.57 533.57 533.57 497.05 497.05 497.05 529.999 533.88 533.88 530.1058 603.53 603.53 603.53 848.7109 877.59 877.59 856.7864 1261.51 1261.51 1261.51 1382.213 1396.43 1396.43 1396.007 1404.23 1404.23 1404.23 1101.513 -9999 -9999 -9999 -9999 -9999 -9999 -9999 -9999
510.35 541.9481 545.67 545.67 545.67 600.3883 599.87 599.87 614.7566 616.51 616.51 616.51 598.9436 599.11 599.11 595.4957 595.07 595.07 595.07 612.01 612.01 612.01 607.3987 697.11 697.11 697.11 698.8566 698.84 698.84 694.3088 782.46 782.46 782.46 728.4787 728.99 728.99 733.384 647.9 647.9 647.9 532.4767 533.57 533.57 535.549 497.05 497.05 497.05 529.999 533.88 533.88 530.1058 603.53 603.53 603.53 848.7109 877.59 877.59 856.7864 1261.51 1261.51 1261.51 1382.213 1396.43 1396.43 1396.007 1404.23 1404.23 1404.23 1101.513 -9999 -9999 -9999 -9999 -9999 -9999 -9999 -9999
440.94 479.7309 484.3 484.3 484.3 500.6549 500.5 500.5 526.0237 529.03 529.03 529.03 527.3339 527.35 527.35 540.6083 589.4957 595.07 595.07 612.01 612.01 612.01 607.3987 697.11 697.11 697.11 698.8566 698.84 698.84 694.3088 782.46 782.46 782.46 728.4787 728.99 728.99 733.384 647.9 647.9 647.9 532.4767 533.57 533.57 535.549 497.05 497.05 497.05 529.999 533.88 533.88 530.1058 603.53 603.53 603.53 848.7109 877.59 877.59 856.7864 1261.51 1261.51 1261.51 1382.213 1396.43 1396.43 1396.007 1404.23 1404.23 1404.23 1101.513 -9999 -9999 -9999 -9999 -9999 -9999 -9999 -9999
440.94 479.7309 484.3 484.3 484.3 500.6549 500.5 500.5 526.0237 529.03 529.03 529.03 527.3339 527.35 527.35 540.6083 542.17 542.17 542.17 574.73 574.73 574.73 636.8527 644.17 644.17 644.17 770.2946 769.1 769.1 768.2866 784.11 784.11 784.11 595.0089 596.8 596.8 598.2105 570.77 570.77 570.77 525.0167 525.45 525.45 523.4781 561.84 561.84 561.84 589.1285 588.87 588.87 580.9597 734.85 734.85 734.85 1050.876 1088.1 1088.1 1078.703 1261.51 1261.51 1261.51 1382.213 1396.43 1396.43 1396.007 1404.23 1404.23 1404.23 1101.513 -9999 -9999 -9999 -9999 -9999 -9999 -9999 -9999
440.94 479.7309 484.3 484.3 484.3 500.6549 500.5 500.5 526.0237 529.03 529.03 529.03 527.3339 527.35 527.35 540.6083 542.17 542.17 542.17 574.73 574.73 574.73 636.8527 644.17 644.17 644.17 770.2946 769.1 769.1 768.2866 784.11 784.11 784.11 595.0089 596.8 596.8 598.2105 570.77 570.77 570.77 525.0167 525.45 525.45 523.4781 561.84 561.84 561.84 589.1285 588.87 588.87 580.9597 734.85 734.85 734.85 1050.876 1088.1 1088.1 1069.584 1429.81 1429.81 1429.81 1537.416 1550.09 1550.09 1556.76 1427 1427 1427 1152.843 -9999 -9999 -9999 -9999 -9999 -9999 -9999 -9999
440.94 484.7146 484.3 484.3 484.3 500.6549 500.5 500.5 526.0237 529.03 529.03 529.03 527.3339 527.35 527.35 540.6083 542.17 542.17 542.17 574.73 574.73 574.73 636.8527 644.17 644.17 637.4003 769.1 769.1 769.1 768.2866 784.11 784.11 784.11 595.0089 596.8 596.8 598.2105 570.77 570.77 570.77 525.0167 525.45 525.45 523.4781 561.84 561.84 561.84 589.1285 588.87 588.87 719.4673 734.85 734.85 734.85 1050.876 1088.1 1088.1 1069.584 1429.81 1429.81 1429.81 1537.416 1550.09 1550.09 1556.76 1427 1427 1427 1152.843 -9999 -9999 -9999 -9999 -9999 -9999 -9999 -9999
440.94 484.7146 484.3 484.3 483.4221 500.5 500.5 500.5 526.0237 529.03 529.03 529.03 527.3339 527.35 527.35 540.6083 542.17 542.17 542.17 574.73 574.73 574.73 636.8527 644.17 644.17 637.4003 769.1 769.1 769.1 768.2866 784.11 784.11 784.11 595.0089 596.8 596.8 598.2105 570.77 570.77 570.77 525.0167 525.45 525.45 523.4781 561.84 561.84 561.84 589.1285 588.87 588.87 719.4673 734.85 734.85 734.85 1050.876 1088.1 1088.1 1069.584 1429.81 1429.81 1429.81 1537.416 1550.09 1550.09 1556.76 1427 1427 1427 1152.843 -9999 -9999 -9999 -9999 -9999 -9999 -9999 -9999
401.31 448.9513 448.5 448.5 446.8462 479.02 479.02 479.02 487.5815 488.59 488.59 488.59 494.6474 494.59 494.59 500.3961 501.08 501.08 501.08 537.98 537.98 537.98 574.6686 578.99 578.99 573.9679 671.67 671.67 671.67 630.3562 625.49 625.49 625.49 532.9131 597.4025 596.8 598.2105 570.77 570.77 570.77 525.0167 525.45 525.45 523.4781 561.84 561.84 561.84 589.1285 588.87 588.87 719.4673 734.85 734.85 734.85 1091.478 1088.1 1088.1 1069.584 1429.81 1429.81 1429.81 1537.416 1550.09 1550.09 1556.76 1427 1427 1427 1152.843 -9999 -9999 -9999 -9999 -9999 -9999 -9999 -9999
401.31 448.9513 448.5 448.5 446.8462 479.02 479.02 479.02 488.6815 488.59 488.59 488.59 494.6474 494.59 494.59 500.3961 501.08 501.08 501.08 537.98 537.98 537.98 574.6686 578.99 578.99 573.9679 671.67 671.67 671.67 630.3562 625.49 625.49 625.49 532.9131 533.79 533.79 534.1357 527.41 527.41 527.41 513.3266 513.46 513.46 511.014 558.6 558.6 558.6 604.3938 603.96 603.96 765.073 784.05 784.05 784.05 1009.092 1006.96 1006.96 991.7415 1287.81 1287.81 1287.81 1431.934 1448.91 1448.91 1454.171 1351.83 1351.83 1351.83 1022.147 -9999 -9999 -9999 -9999 -9999 -9999 -9999 -9999
401.31 448.9513 448.5 448.5 446.8462 479.02 479.02 479.02 488.6815 488.59 488.59 488.59 494.6474 494.59 494.59 500.3961 501.08 501.08 501.08 537.98 537.98 537.98 574.6686 578.99 578.99 573.9679 671.67 671.67 671.67 630.3562 625.49 625.49 630.459 533.79 533.79 533.79 534.1357 527.41 527.41 527.41 513.3266 513.46 513.46 511.014 558.6 558.6 558.6 604.3938 603.96 603.96 765.073 784.05 784.05 784.05 1009.092 1006.96 1006.96 1258.215 1287.81 1287.81 1287.81 1431.934 1448.91 1448.91 1454.171 1351.83 1351.83 1351.83 1022.147 -9999 -9999 -9999 -9999 -9999 -9999 -9999 -9999
401.31 448.9513 448.5 448.5 446.8462 479.02 479.02 479.02 488.6815 488.59 488.59 488.2649 494.59 494.59 494.59 500.3961 501.08 501.08 501.08 537.98 537.98 537.98 574.6686 578.99 578.99 573.9679 671.67 671.67 671.67 630.3562 625.49 625.49 630.459 533.79 533.79 533.79 534.1357 527.41 527.41 527.41 513.3266 513.46 513.46 511.014 558.6 558.6 558.6 604.3938 603.96 603.96 765.073 784.05 784.05 784.05 1009.092 1006.96 1006.96 1258.215 1287.81 1287.81 1287.81 1431.934 1448.91 1448.91 1454.171 1351.83 1351.83 1351.83 1022.147 -9999 -9999 -9999 -9999 -9999 -9999 -9999 -9999
400.79 448.9562 448.5 448.5 446.8462 479.02 479.02 479.02 488.6815 488.59 488.59 488.2649 494.59 494.59 494.59 500.3961 501.08 501.08 501.08 537.98 537.98 537.98 574.6686 578.99 578.99 573.9679 671.67 671.67 671.67 630.3562 625.49 625.49 630.459 533.79 533.79 533.79 528.0823 527.41 527.41 527.41 513.3266 513.46 513.46 511.014 558.6 558.6 558.6 604.3938 603.96 603.96 765.073 784.05 784.05 784.05 1009.092 1006.96 1006.96 1258.215 1287.81 1287.81 1287.81 1431.934 1448.91 1448.91 1454.171 1351.83 1351.83 1351.83 1022.147 -9999 -9999 -9999 -9999 -9999 -9999 -9999 -9999
400.79 434.3983 434.08 434.08 433.3907 446.8 446.8 446.8 474.7447 474.48 474.48 473.6748 489.34 489.34 489.34 515.4574 515.21 515.21 515.21 527.07 527.07 527.07 577.6163 583.57 583.57 578.8205 671.22 671.22 671.22 625.943 620.61 620.61 623.6385 564.72 564.72 564.72 543.8126 541.35 541.35 541.35 536.918 536.96 536.96 537.4764 527.43 527.43 527.43 589.5989 589.01 589.01 767.1656 788.15 788.15 788.3722 1009.092 1006.96 1006.96 1258.215 1287.81 1287.81 1287.81 1450.451 1448.91 1448.91 1454.171 1351.83 1351.83 1351.83 1022.147 -9999 -9999 -9999 -9999 -9999 -9999 -9999 -9999
400.79 434.3983 434.08 434.08 433.3907 446.8 446.8 446.8 474.7447 474.48 474.48 473.6748 489.34 489.34 489.34 515.4574 515.21 515.21 515.21 527.07 527.07 527.07 577.6163 583.57 583.57 578.8205 671.22 671.22 671.22 625.943 620.61 620.61 623.6385 564.72 564.72 564.72 543.8126 541.35 541.35 541.5878 536.96 536.96 536.96 537.4764 527.43 527.43 527.43 589.5989 589.01 589.01 767.1656 788.15 788.15 788.15 1032.717 1030.4 1030.4 1189.429 1208.16 1208.16 1208.16 1327.551 1326.42 1326.42 1342.512 1029.45 1029.45 1029.45 745.9346 -9999 -9999 -9999 -9999 -9999 -9999 -9999 -9999
400.79 434.3983 434.08 434.08 433.3907 446.8 446.8 446.8 474.7447 474.48 474.48 473.6748 489.34 489.34 489.34 515.4574 515.21 515.21 514.5674 527.07 527.07 527.07 577.6163 583.57 583.57 578.8205 671.22 671.22 671.22 625.943 620.61 620.61 623.6385 564.72 564.72 564.72 543.8126 541.35 541.35 541.5878 536.96 536.96 536.96 537.4764 527.43 527.43 527.43 589.5989 589.01 589.01 767.1656 788.15 788.15 788.15 1032.717 1030.4 1030.4 1189.429 1208.16 1208.16 1208.16 1327.551 1326.42 1326.42 1060.743 1029.45 1029.45 1029.45 745.9346 -9999 -9999 -9999 -9999 -9999 -9999 -9999 -9999
400.79 434.3983 434.08 434.08 433.3907 446.8 446.8 446.8 474.7447 474.48 474.48 473.6748 489.34 489.34 489.34 515.4574 515.21 515.21 514.5674 527.07 527.07 527.07 577.6163 583.57 583.57 578.8205 671.22 671.22 671.22 625.943 620.61 620.61 623.6385 564.72 564.72 564.72 543.8126 541.35 541.35 541.5878 536.96 536.96 536.96 528.4342 527.43 527.43 527.43 589.5989 589.01 589.01 767.1656 788.15 788.15 788.15 1032.717 1030.4 1030.4 1189.429 1208.16 1208.16 1208.16 1327.551 1326.42 1326.42 1060.743 1029.45 1029.45 1029.45 745.9346 -9999 -9999 -9999 -9999 -9999 -9999 -9999 -9999
393.51 401.44 401.44 401.44 399.182 443.11 443.11 443.11 487.4702 487.05 487.05 486.3201 500.52 500.52 500.52 502.3473 502.33 501.632 514.5674 527.07 527.07 527.07 584.1103 583.57 583.57 578.8205 671.22 671.22 671.22 625.943 620.61 620.61 623.6385 564.72 564.72 564.72 543.8126 541.35 541.35 541.5878 536.96 536.96 536.96 528.4342 527.43 527.43 527.43 589.5989 589.01 589.01 767.1656 788.15 788.15 788.15 1032.717 1030.4 1030.4 1189.429 1208.16 1208.16 1208.16 1327.551 1326.42 1326.42 1060.743 1029.45 1029.45 1029.45 745.9346 -9999 -9999 -9999 -9999 -9999 -9999 -9999 -9999
393.51 401.44 401.44 401.44 399.182 443.11 443.11 443.11 487.4702 487.05 487.05 486.3201 500.52 500.52 500.52 502.3473 502.33 502.33 503.0881 488.34 488.34 488.34 523.0084 522.68 522.68 519.5214 580.97 580.97 580.97 604.5344 607.31 607.31 607.5029 603.75 603.75 603.75 550.6987 544.45 544.45 545.1734 531.1 531.1 531.1 523.4868 522.59 522.59 522.59 554.9162 554.61 554.61 639.7604 649.79 649.79 649.79 779.7813 778.55 778.55 974.3029 997.36 1185.947 1208.16 1327.551 1326.42 1326.42 1060.743 1029.45 1029.45 1029.45 748.62 -9999 -9999 -9999 -9999 -9999 -9999 -9999 -9999
393.51 401.44 401.44 401.44 438.719 443.11 443.11 443.11 487.4702 487.05 487.05 486.3201 500.52 500.52 500.52 502.3473 502.33 502.33 503.0881 488.34 488.34 488.34 523.0084 522.68 522.68 574.8276 580.97 580.97 580.97 604.5344 607.31 607.31 607.5029 603.75 603.75 603.75 550.6987 544.45 544.45 545.1734 531.1 531.1 531.1 523.4868 522.59 522.59 520.8549 554.61 554.61 554.61 639.7604 649.79 649.79 649.79 779.7813 778.55 778.55 974.3029 997.36 997.36 997.36 1214.709 1212.65 1212.65 1127.169 1117.1 1117.1 1117.1 752.09 -9999 -9999 -9999 -9999 -9999 -9999 -9999 -9999
393.51 401.44 401.44 401.44 438.719 443.11 443.11 443.11 487.4702 487.05 487.05 486.3201 500.52 500.52 500.52 502.3473 502.33 502.33 503.0881 488.34 488.34 488.34 523.0084 522.68 522.68 574.8276 580.97 580.97 580.97 604.5344 607.31 607.31 607.5029 603.75 603.75 603.75 550.6987 544.45 544.45 545.1734 531.1 531.1 531.1 523.4868 522.59 522.59 520.8549 554.61 554.61 554.61 639.7604 649.79 649.79 649.79 779.7813 778.55 778.55 974.3029 997.36 997.36 997.36 1214.709 1212.65 1212.65 1127.169 1117.1 1117.1 1117.1 752.09 -9999 -9999 -9999 -9999 -9999 -9999 -9999 -9999
393.51 401.44 401.44 401.44 438.719 443.11 443.11 440.729 487.05 487.05 487.05 486.3201 500.52 500.52 500.52 502.3473 502.33 502.33 503.0881 488.34 488.34 488.34 523.0084 522.68 522.68 574.8276 580.97 580.97 580.97 607.5619 607.31 607.31 607.5029 603.75 603.75 603.75 550.6987 544.45 544.45 545.1734 531.1 531.1 531.1 523.4868 522.59 522.59 520.8549 554.61 554.61 554.61 650.7001 649.79 649.79 649.79 779.7813 778.55 778.55 974.3029 997.36 997.36 997.36 1214.709 1212.65 1212.65 1127.169 1117.1 1117.1 1117.1 752.09 -9999 -9999 -9999 -9999 -9999 -9999 -9999 -9999
391.81 404.66 404.66 404.66 412.2285 413.12 413.12 412.1874 430.33 430.33 430.33 429.5318 445.06 445.06 445.06 433.3996 433.51 433.51 433.5149 433.42 433.42 433.42 456.9529 456.73 456.73 496.5945 501.29 501.29 501.29 521.562 521.37 521.37 521.3299 522.11 522.11 595.1472 550.6987 544.45 544.45 545.1734 531.1 531.1 531.1 523.4868 522.59 522.59 520.8549 554.61 554.61 554.61 650.7001 649.79 649.79 649.79 779.7813 778.55 778.55 974.3029 997.36 997.36 997.36 1214.709 1212.65 1212.65 1127.169 1117.1 1117.1 1117.1 752.09 -9999 -9999 -9999 -9999 -9999 -9999 -9999 -9999
391.81 404.66 404.66 404.66 412.2285 413.12 413.12 412.1874 430.33 430.33 430.33 443.5078 445.06 445.06 445.06 433.3996 433.51 433.51 433.5149 433.42 433.42 433.42 456.9529 456.73 456.73 496.5945 501.29 501.29 501.29 521.562 521.37 521.37 522.032 522.11 522.11 522.11 515.6418 514.88 514.88 515.3639 505.95 505.95 505.95 516.5692 517.82 517.82 516.8311 536.07 536.07 536.07 565.953 565.67 565.67 565.67 684.3845 683.26 683.26 939.5342 969.72 969.72 969.72 1202.475 1200.27 1200.27 1211.82 1213.18 1213.18 1213.18 854.44 -9999 -9999 -9999 -9999 -9999 -9999 -9999 -9999
391.81 404.66 404.66 404.66 412.2285 413.12 413.12 412.1874 430.33 430.33 430.33 443.5078 445.06 445.06 445.06 433.3996 433.51 433.51 433.5149 433.42 433.42 433.42 456.9529 456.73 456.73 496.5945 501.29 501.29 501.29 521.562 521.37 521.37 522.032 522.11 522.11 522.11 515.6418 514.88 514.88 515.3639 505.95 505.95 505.95 516.5692 517.82 517.82 516.8311 536.07 536.07 536.07 565.953 565.67 565.67 559.2981 683.26 683.26 683.26 939.5342 969.72 969.72 969.72 1202.475 1200.27 1200.27 1211.82 1213.18 1213.18 1213.18 854.44 -9999 -9999 -9999 -9999 -9999 -9999 -9999 -9999
391.81 404.66 404.66 404.66 412.2285 413.12 413.12 412.1874 430.33 430.33 430.33 443.5078 445.06 445.06 445.6859 433.51 433.51 433.51 433.5149 433.42 433.42 433.42 456.9529 456.73 456.73 496.5945 501.29 501.29 501.29 521.562 521.37 521.37 522.032 522.11 522.11 522.11 514.8109 514.88 514.88 515.3639 505.95 505.95 505.95 516.5692 517.82 517.82 516.8311 536.07 536.07 536.07 565.953 565.67 565.67 559.2981 683.26 683.26 683.26 939.5342 969.72 969.72 969.72 1202.475 1200.27 1200.27 1211.82 1213.18 1213.18 1213.18 854.44 -9999 -9999 -9999 -9999 -9999 -9999 -9999 -9999
489.36 459.81 459.81 459.81 455.4353 454.92 454.92 455.6944 440.63 440.63 440.63 439.3596 439.21 439.21 445.7418 433.51 433.51 433.51 433.5149 433.42 433.42 433.42 456.9529 456.73 456.73 496.5945 501.29 501.29 501.29 521.562 521.37 521.37 522.032 522.11 522.11 522.11 514.8109 514.88 514.88 515.3639 505.95 505.95 505.95 516.5692 517.82 517.82 516.8311 536.07 536.07 536.07 565.953 565.67 565.67 559.2981 683.26 683.26 683.26 972.4592 969.72 969.72 969.72 1202.475 1200.27 1200.27 1211.82 1213.18 1213.18 1213.18 854.44 -9999 -9999 -9999 -9999 -9999 -9999 -9999 -9999
489.36 459.81 459.81 459.81 455.4353 454.92 454.92 455.6944 440.63 440.63 440.63 439.3596 439.21 439.21 439.2452 438.56 438.56 438.56 447.8909 448.99 448.99 448.99 461.1754 461.06 461.06 468.1991 469.04 469.04 469.04 482.8609 482.73 482.73 483.6872 483.8 483.8 483.8 501.8914 501.72 501.72 500.3827 526.4 526.4 526.4 549.2219 551.91 551.91 547.4725 633.8 633.8 633.8 577.7895 578.32 578.32 575.8973 623.03 676.9133 683.26 972.4592 969.72 969.72 969.72 1202.475 1200.27 1200.27 1211.82 1213.18 1213.18 1213.18 854.44 -9999 -9999 -9999 -9999 -9999 -9999 -9999 -9999
490.9612 459.81 459.81 459.81 455.4353 454.92 454.92 455.6944 440.63 440.63 440.63 439.3596 439.21 439.21 439.2452 438.56 438.56 438.56 447.8909 448.99 448.99 448.99 461.1754 461.06 461.06 468.1991 469.04 469.04 469.04 482.8609 482.73 482.73 483.6872 483.8 483.8 483.8 501.8914 501.72 501.72 523.7994 526.4 526.4 526.4 549.2219 551.91 551.91 547.4725 633.8 633.8 633.8 577.7895 578.32 578.32 575.8973 623.03 623.03 623.03 1065.895 1061.7 1061.7 1061.7 1318.361 1315.93 1315.93 1281.898 1277.89 1277.89 1277.89 961.13 -9999 -9999 -9999 -9999 -9999 -9999 -9999 -9999
490.9612 459.81 459.81 459.81 455.4353 454.92 454.92 455.6944 440.63 440.63 440.63 439.3596 439.21 439.21 439.2452 438.56 438.56 438.56 447.8909 448.99 448.99 448.99 461.1754 461.06 461.06 468.1991 469.04 469.04 469.04 482.8609 482.73 482.73 483.6872 483.8 483.8 483.8 501.8914 501.72 501.72 523.7994 526.4 526.4 526.4 549.2219 551.91 551.91 547.4725 633.8 633.8 633.8 577.7895 578.32 578.32 575.8973 623.03 623.03 623.03 1065.895 1061.7 1061.7 1047.924 1315.93 1315.93 1315.93 1281.898 1277.89 1277.89 1277.89 961.13 -9999 -9999 -9999 -9999 -9999 -9999 -9999 -9999
490.9612 459.81 459.81 459.81 455.4353 454.92 454.92 455.6944 440.63 440.63 440.63 439.3596 439.21 439.21 439.2452 438.56 438.56 438.56 447.8909 448.99 448.99 448.3359 461.06 461.06 461.06 468.1991 469.04 469.04 469.04 482.8609 482.73 482.73 483.6872 483.8 483.8 483.8 501.8914 501.72 501.72 523.7994 526.4 526.4 526.4 549.2219 551.91 551.91 547.4725 633.8 633.8 633.8 577.7895 578.32 578.32 575.8973 623.03 623.03 623.03 1065.895 1061.7 1061.7 1047.924 1315.93 1315.93 1315.93 1281.898 1277.89 1277.89 1277.89 961.13 -9999 -9999 -9999 -9999 -9999 -9999 -9999 -9999
