Model and model input files/precip_2006.asc
ncols         625
nrows         453
xllcorner     138621.56993419
yllcorner     4094031.9406744
cellsize      1000
NODATA_value  -9999
[rows 68 to 101 of 453, columns 0 to 76 of 625]
-9999 -9999 -9999 -9999 -9999 -9999 -9999 -9999 -9999 -9999 -9999 -9999 -9999 -9999 -9999 -9999 -9999 402.79 402.79 402.79 406.8888 406.85 406.85 407.607 392.88 392.88 392.88 391.2344 391.25 391.25 390.668 401.99 401.99 401.99 446.0592 451.25 451.25 451.25 455.55 455.55 455.55 440.8245 439.09 439.09 439.7863 426.24 426.24 426.24 410.6288 408.79 408.79 408.79 387.9627 388.16 388.16 389.5196 363.07 363.07 363.07 335.5695 335.83 335.83 333.9513 333.73 333.73 333.73 329.5201 329.56 329.56 327.5242 367.13 367.13 367.13 371.2095 371.69 371.69 371.7697
-9999 -9999 -9999 -9999 -9999 -9999 -9999 -9999 -9999 -9999 -9999 -9999 -9999 -9999 -9999 -9999 -9999 402.79 402.79 402.79 406.8888 406.85 406.85 407.607 392.88 392.88 392.88 391.2344 391.25 391.25 390.668 401.99 401.99 401.99 451.721 451.25 451.25 451.25 455.55 455.55 455.55 440.8245 439.09 439.09 439.1919 437.21 437.21 437.21 417.063 414.69 414.69 415.693 396.18 396.18 396.18 396.6921 386.73 386.73 386.73 375.4128 375.52 375.52 372.1562 371.76 371.76 371.76 372.9311 372.92 329.56 363.1711 367.13 367.13 367.13 371.2095 371.69 371.69 371.7697
-9999 -9999 -9999 -9999 -9999 -9999 -9999 -9999 -9999 -9999 -9999 -9999 -9999 -9999 -9999 -9999 -9999 402.79 402.79 402.57 406.85 406.85 406.85 407.607 392.88 392.88 392.88 391.2344 391.25 391.25 390.668 401.99 401.99 401.99 451.721 451.25 451.25 451.017 455.55 455.55 455.55 440.8245 439.09 439.09 439.1919 437.21 437.21 437.21 417.063 414.69 414.69 415.693 396.18 396.18 396.18 396.6921 386.73 386.73 386.73 375.4128 375.52 375.52 372.1562 371.76 371.76 371.76 372.9311 372.92 372.92 405.1981 409 409 409 435.7404 438.89 438.89 438.8369
-9999 -9999 -9999 -9999 -9999 -9999 -9999 -9999 -9999 -9999 -9999 -9999 -9999 -9999 -9999 -9999 -9999 402.79 402.79 402.57 406.85 406.85 406.85 407.607 392.88 392.88 392.88 391.2344 391.25 391.25 390.668 401.99 401.99 401.99 451.721 451.25 451.25 451.017 455.55 455.55 455.55 440.8245 439.09 439.09 439.1919 437.21 437.21 437.21 417.063 414.69 414.69 415.693 396.18 396.18 396.18 387.7258 386.73 386.73 386.73 375.4128 375.52 375.52 372.1562 371.76 371.76 371.76 372.9311 372.92 372.92 405.1981 409 409 409 439.1758 438.89 438.89 438.8369
-9999 -9999 -9999 -9999 -9999 -9999 -9999 -9999 -9999 -9999 -9999 -9999 -9999 -9999 -9999 -9999 -9999 319.97 319.97 318.4744 347.57 347.57 347.57 393.6432 399.07 393.5323 392.88 391.2344 391.25 391.25 390.668 401.99 401.99 401.99 451.721 451.25 451.25 451.017 455.55 455.55 455.55 438.9326 439.09 439.09 439.1919 437.21 437.21 437.21 417.063 414.69 414.69 415.693 396.18 396.18 396.18 387.7258 386.73 386.73 386.73 375.4128 375.52 375.52 372.1562 371.76 371.76 371.76 372.9311 372.92 372.92 405.1981 409 409 409 439.1758 438.89 438.89 438.8369
-9999 -9999 -9999 -9999 -9999 -9999 -9999 -9999 -9999 -9999 -9999 -9999 -9999 -9999 -9999 -9999 -9999 319.97 319.97 318.4744 347.57 347.57 347.57 393.6432 399.07 399.07 392.1622 526.55 526.55 526.55 526.2932 531.29 531.29 531.29 490.5542 490.94 490.94 490.2166 504.29 504.29 504.29 516.7783 516.66 516.66 520.3995 447.65 447.65 438.3101 417.063 414.69 414.69 415.693 396.18 396.18 396.18 387.7258 386.73 386.73 387.3375 375.52 375.52 375.52 372.1562 371.76 371.76 371.76 372.9311 372.92 372.92 405.1981 409 409 409 439.1758 438.89 438.89 439.7667
-9999 -9999 -9999 -9999 -9999 -9999 -9999 -9999 -9999 -9999 -9999 -9999 -9999 -9999 -9999 -9999 -9999 319.97 319.97 318.4744 347.57 347.57 347.57 393.6432 399.07 399.07 392.1622 526.55 526.55 526.55 526.2932 531.29 531.29 531.29 490.5542 490.94 490.94 490.2166 504.29 504.29 504.29 516.7783 516.66 516.66 454.9219 447.65 447.65 447.65 424.4613 421.73 421.73 423.2798 393.13 393.13 393.13 369.6371 366.87 366.87 366.9973 364.52 364.52 364.52 353.96 354.06 354.06 354.06 367.7699 367.64 367.64 403.8634 408.0829 409 409 439.1758 438.89 438.89 439.7667
-9999 -9999 -9999 -9999 -9999 -9999 -9999 -9999 -9999 -9999 -9999 -9999 -9999 -9999 -9999 -9999 -9999 319.97 319.97 318.4744 347.57 347.57 347.57 393.6432 399.07 399.07 392.1622 526.55 526.55 526.55 530.7905 531.29 531.29 531.29 490.5542 490.94 490.94 490.2166 504.29 504.29 504.29 516.7783 516.66 516.66 454.9219 447.65 447.65 447.65 421.4821 421.73 421.73 423.2798 393.13 393.13 393.13 369.6371 366.87 366.87 366.9973 364.52 364.52 364.52 353.96 354.06 354.06 354.06 367.7699 367.64 367.64 403.8634 408.13 408.13 408.13 432.5513 432.32 432.32 413.685
-9999 -9999 -9999 -9999 -9999 -9999 -9999 -9999 -9999 -9999 -9999 -9999 -9999 -9999 -9999 -9999 -9999 319.97 319.97 318.4744 347.57 347.57 347.57 393.6432 399.07 399.07 392.1622 526.55 526.55 526.55 530.7905 531.29 531.29 533.4764 490.94 490.94 490.94 490.2166 504.29 504.29 504.29 516.7783 516.66 516.66 454.9219 447.65 447.65 447.65 421.4821 421.73 421.73 423.2798 393.13 393.13 393.13 369.6371 366.87 366.87 366.9973 364.52 364.52 364.52 353.96 354.06 354.06 353.3241 367.64 367.64 367.64 403.8634 408.13 408.13 408.13 432.5513 432.32 432.32 413.685
-9999 -9999 -9999 -9999 -9999 -9999 -9999 -9999 -9999 -9999 -9999 -9999 -9999 -9999 -9999 -9999 -9999 286.51 286.51 312.0873 315.1 315.1 315.1 357.4694 362.46 362.46 358.1537 441.93 441.93 441.93 458.7937 460.78 460.78 463.9072 403.07 491.7803 490.94 490.2166 504.29 504.29 504.29 516.7783 516.66 516.66 454.9219 447.65 447.65 447.65 421.4821 421.73 421.73 396.1437 393.13 393.13 393.13 369.6371 366.87 366.87 366.9973 364.52 364.52 364.52 353.96 354.06 354.06 353.3241 367.64 367.64 367.64 403.8634 408.13 408.13 408.13 432.5513 432.32 432.32 413.685
-9999 -9999 -9999 -9999 -9999 -9999 -9999 -9999 -9999 -9999 -9999 -9999 -9999 -9999 -9999 -9999 -9999 286.51 286.51 312.0873 315.1 315.1 315.1 357.4694 362.46 362.46 358.1537 441.93 441.93 441.93 458.7937 460.78 460.78 463.9072 403.07 403.07 403.07 405.7718 406.09 406.09 406.09 399.5884 399.65 399.65 377.7585 375.18 375.18 375.18 379.0264 378.99 378.99 391.2553 392.7 392.7 392.7 364.063 360.69 360.3551 366.9973 364.52 364.52 364.52 353.96 354.06 354.06 353.3241 367.64 367.64 367.64 408.5172 408.13 408.13 408.13 432.5513 432.32 432.32 413.685
-9999 -9999 -9999 -9999 -9999 -9999 -9999 -9999 -9999 -9999 -9999 -9999 -9999 -9999 -9999 -9999 -9999 286.51 286.51 312.0873 315.1 315.1 315.1 362.9129 362.46 362.46 358.1537 441.93 441.93 441.93 458.7937 460.78 460.78 463.9072 403.07 403.07 403.07 405.7718 406.09 406.09 406.09 399.5884 399.65 399.65 377.7585 375.18 375.18 375.18 379.0264 378.99 378.99 391.2553 392.7 392.7 392.7 360.3839 360.69 360.69 361.8052 340.11 340.11 340.11 325.966 326.1 326.1 325.9656 328.58 328.58 328.58 384.4189 383.89 383.89 381.4754 428.45 428.45 428.45 388.9344
-9999 -9999 -9999 -9999 -9999 -9999 -9999 -9999 -9999 -9999 -9999 -9999 -9999 -9999 -9999 -9999 -9999 286.51 286.51 312.0873 315.1 315.1 315.1 362.9129 362.46 362.46 433.5558 441.93 441.93 441.93 458.7937 460.78 460.78 463.9072 403.07 403.07 403.07 405.7718 406.09 406.09 406.439 399.65 399.65 399.65 377.7585 375.18 375.18 375.18 379.0264 378.99 378.99 391.2553 392.7 392.7 392.7 360.3839 360.69 360.69 342.2786 340.11 340.11 340.11 325.966 326.1 326.1 325.9656 328.58 328.58 328.58 384.4189 383.89 383.89 381.4754 428.45 428.45 428.45 388.9344
-9999 -9999 -9999 -9999 -9999 -9999 -9999 -9999 -9999 -9999 -9999 -9999 -9999 -9999 -9999 -9999 -9999 287.77 287.77 300.1069 301.56 301.56 301.56 357.361 362.46 362.46 433.5558 441.93 441.93 441.93 458.7937 460.78 460.78 463.9072 403.07 403.07 403.07 405.7718 406.09 406.09 406.439 399.65 399.65 399.65 374.946 375.18 375.18 375.18 379.0264 378.99 378.99 391.2553 392.7 392.7 392.7 360.3839 360.69 360.69 342.2786 340.11 340.11 340.11 325.966 326.1 326.1 325.9656 328.58 328.58 328.58 384.4189 383.89 383.89 381.4754 428.45 428.45 428.45 383.8576
-9999 -9999 -9999 -9999 -9999 -9999 -9999 -9999 -9999 -9999 -9999 -9999 -9999 -9999 -9999 -9999 -9999 287.77 287.77 300.1069 301.56 301.56 301.56 313.1397 313.03 313.03 324.3828 325.72 325.72 325.72 322.4187 322.45 322.45 322.4088 323.21 323.21 323.21 323.5321 323.57 323.57 323.4698 325.42 325.42 325.42 313.5328 375.18 375.18 375.18 379.0264 378.99 378.99 391.2553 392.7 392.7 392.7 360.3839 360.69 360.69 342.2786 340.11 340.11 340.11 326.1 326.1 326.1 325.9656 328.58 328.58 328.58 384.4189 383.89 383.89 381.4754 428.45 428.45 428.45 383.8576
-9999 -9999 -9999 -9999 -9999 -9999 -9999 -9999 -9999 -9999 -9999 -9999 -9999 -9999 -9999 -9999 -9999 287.77 287.77 300.1069 301.56 301.56 301.56 313.1397 313.03 313.03 324.3828 325.72 325.72 325.72 322.4187 322.45 322.45 323.1299 323.21 323.21 323.21 323.5321 323.57 323.57 323.4698 325.42 325.42 325.42 316.6974 316.78 316.78 316.2116 327.27 327.27 327.27 350.0829 352.77 352.77 352.77 339.5245 339.65 339.65 324.826 323.08 323.08 323.08 308.97 308.97 308.97 307.9968 326.93 326.93 328.4061 384.4189 383.89 383.89 381.4754 428.45 428.45 428.45 383.8576
-9999 -9999 -9999 -9999 -9999 -9999 -9999 -9999 -9999 -9999 -9999 -9999 -9999 -9999 -9999 -9999 -9999 287.77 287.77 301.6919 301.56 301.56 301.56 313.1397 313.03 313.03 324.3828 325.72 325.72 325.72 322.4187 322.45 322.45 323.1299 323.21 323.21 323.21 323.5321 323.57 323.57 323.4698 325.42 325.42 325.42 316.6974 316.78 316.78 316.2116 327.27 327.27 327.27 350.0829 352.77 352.77 352.77 339.5245 339.65 339.65 324.826 323.08 323.08 323.08 308.97 308.97 308.97 325.0374 326.93 326.93 326.93 394.1467 393.51 393.51 393.4591 394.45 394.45 394.45 354.6732
-9999 -9999 -9999 -9999 -9999 -9999 -9999 -9999 -9999 -9999 -9999 -9999 -9999 -9999 -9999 -9999 -9999 287.77 287.77 301.6919 301.56 301.56 301.56 313.1397 313.03 313.03 324.3828 325.72 325.72 325.72 322.4187 322.45 322.45 323.1299 323.21 323.21 323.21 323.5735 323.57 323.57 323.4698 325.42 325.42 325.42 316.6974 316.78 316.78 316.2116 327.27 327.27 327.27 353.0138 352.77 352.77 352.77 339.5245 339.65 339.65 324.826 323.08 323.08 323.08 308.97 308.97 308.97 325.0374 326.93 326.93 326.93 394.1467 393.51 393.51 393.4591 394.45 394.45 394.45 354.6732
-9999 -9999 -9999 -9999 -9999 -9999 -9999 -9999 -9999 -9999 -9999 -9999 -9999 -9999 -9999 -9999 -9999 294.58 294.58 292.0056 292.03 292.03 291.7336 297.5 297.5 311.3935 324.3828 325.72 325.72 325.72 322.4187 322.45 322.45 323.1299 323.21 323.21 323.21 323.5735 323.57 323.57 323.4698 325.42 325.42 325.42 316.6974 316.78 316.78 316.2116 327.27 327.27 327.27 353.0138 352.77 352.77 353.4809 339.65 339.65 339.65 324.826 323.08 323.08 323.08 308.97 308.97 308.97 325.0374 326.93 326.93 323.3222 393.51 393.51 393.51 393.4591 394.45 394.45 394.45 354.6732
-9999 -9999 -9999 -9999 -9999 -9999 -9999 -9999 -9999 -9999 -9999 -9999 -9999 -9999 -9999 -9999 -9999 294.58 294.58 292.0056 292.03 292.03 291.7336 297.5 297.5 297.5 296.8943 296.9 296.9 296.9 300.6455 300.61 300.61 314.5482 316.19 316.19 316.19 326.8409 326.74 326.74 321.8911 321.32 321.32 321.32 298.9279 299.14 299.14 298.9157 303.28 303.28 303.28 324.2991 324.1 324.1 324.0561 338.0968 339.65 339.65 324.826 323.08 323.08 323.08 308.97 308.97 308.97 325.0374 326.93 326.93 323.3222 393.51 393.51 393.51 394.351 394.45 394.45 394.45 354.6732
-9999 -9999 -9999 -9999 -9999 -9999 -9999 -9999 -9999 -9999 -9999 -9999 -9999 -9999 -9999 -9999 -9999 294.58 294.58 292.0056 292.03 292.03 291.7336 297.5 297.5 297.5 296.8943 296.9 296.9 296.9 300.6455 300.61 300.61 314.5482 316.19 316.19 316.19 326.8409 326.74 326.74 321.8911 321.32 321.32 321.32 298.9279 299.14 299.14 298.9157 303.28 303.28 303.28 324.2991 324.1 324.1 324.0561 324.91 324.91 324.91 317.6512 317.72 317.72 317.72 313.79 313.79 313.79 326.4221 327.91 327.91 324.5623 389.69 389.69 389.69 370.2409 367.95 367.95 367.95 337.8146
-9999 -9999 -9999 -9999 -9999 -9999 -9999 -9999 -9999 -9999 -9999 -9999 -9999 -9999 -9999 -9999 -9999 294.58 294.58 292.0056 292.03 292.03 291.7336 297.5 297.5 297.5 296.8943 296.9 296.9 296.6989 300.61 300.61 300.61 314.5482 316.19 316.19 316.19 326.8409 326.74 326.74 321.8911 321.32 321.32 321.32 299.14 299.14 299.14 298.9157 303.28 303.28 303.28 324.2991 324.1 324.1 324.0561 324.91 324.91 324.91 317.6512 317.72 317.72 317.72 313.79 313.79 313.79 326.4221 327.91 327.91 324.5623 389.69 389.69 389.69 370.2409 367.95 367.95 369.5675 338.1
-9999 -9999 -9999 -9999 -9999 -9999 -9999 -9999 -9999 -9999 -9999 -9999 -9999 -9999 -9999 -9999 -9999 294.58 294.58 292.0056 292.03 292.03 291.7336 297.5 297.5 297.5 296.8943 296.9 296.9 296.6989 300.61 300.61 300.61 314.5482 316.19 316.19 316.19 326.8409 326.74 326.74 321.8911 321.32 321.32 321.32 299.14 299.14 299.14 302.8438 303.28 303.28 303.28 324.2991 324.1 324.1 324.0561 324.91 324.91 324.91 317.6512 317.72 317.72 317.933 313.79 313.79 313.79 326.4221 327.91 327.91 324.5623 389.69 389.69 389.69 370.2409 367.95 367.95 369.5675 338.1
-9999 -9999 -9999 -9999 -9999 -9999 -9999 -9999 -9999 -9999 -9999 -9999 -9999 -9999 -9999 -9999 -9999 282.41 282.41 282.81 282.81 282.81 281.8514 300.5 300.5 300.5 281.49 281.67 281.67 281.6348 282.32 282.32 282.32 297.2312 297.09 314.1773 316.19 326.8409 326.74 326.74 321.8911 321.32 321.32 321.32 299.14 299.14 299.14 302.8438 303.28 303.28 303.28 324.2991 324.1 324.1 324.0561 324.91 324.91 324.91 317.6512 317.72 317.72 317.933 313.79 313.79 313.79 326.4221 327.91 327.91 324.5623 389.69 389.69 389.69 370.2409 367.95 367.95 369.5675 338.1
-9999 -9999 -9999 -9999 -9999 -9999 -9999 -9999 -9999 -9999 -9999 -9999 -9999 -9999 -9999 -9999 -9999 282.41 282.41 282.81 282.81 282.81 281.8514 300.5 300.5 300.5 281.49 281.67 281.67 281.6348 282.32 282.32 282.32 297.2312 297.09 297.09 297.09 332.6064 332.27 332.27 326.2402 325.53 325.53 325.53 301.99 301.99 301.99 295.4861 294.72 294.72 294.5255 298.31 298.31 298.31 297.8115 307.51 307.51 307.51 317.8176 317.72 317.72 317.933 313.79 313.79 313.79 328.045 327.91 327.91 324.5623 389.69 389.69 389.69 370.2409 367.95 367.95 369.5675 338.1
-9999 -9999 -9999 -9999 -9999 -9999 -9999 -9999 -9999 -9999 -9999 -9999 -9999 -9999 -9999 -9999 -9999 282.41 282.41 282.81 282.81 282.81 298.6359 300.5 300.5 300.5 281.49 281.67 281.67 281.6348 282.32 282.32 282.32 297.2312 297.09 297.09 295.1837 332.27 332.27 332.27 326.2402 325.53 325.53 325.53 301.99 301.99 301.99 295.4861 294.72 294.72 294.5255 298.31 298.31 298.31 297.8115 307.51 307.51 307.51 324.6726 324.51 324.51 323.5384 342.44 342.44 342.44 348.9618 348.9 348.9 349.9182 330.11 330.11 330.11 324.0534 323.34 323.34 323.081 328.12
-9999 -9999 -9999 -9999 -9999 -9999 -9999 -9999 -9999 -9999 -9999 -9999 -9999 -9999 -9999 -9999 -9999 282.41 282.41 282.81 282.81 282.81 298.6359 300.5 300.5 301.5204 281.67 281.67 281.67 281.6348 282.32 282.32 282.32 297.2312 297.09 297.09 295.1837 332.27 332.27 332.27 325.4655 325.53 325.53 325.53 301.99 301.99 301.99 295.4861 294.72 294.72 294.5255 298.31 298.31 298.31 306.5406 307.51 307.51 307.51 324.6726 324.51 324.51 323.5384 342.44 342.44 342.44 348.9618 348.9 348.9 332.09 330.11 330.11 330.11 324.0534 323.34 323.34 323.081 328.12
-9999 -9999 -9999 -9999 -9999 -9999 -9999 -9999 -9999 -9999 -9999 -9999 -9999 -9999 -9999 -9999 -9999 249.79 249.79 260.83 260.83 260.83 285.1548 299.1849 300.5 301.5204 281.67 281.67 281.67 281.6348 282.32 282.32 282.32 297.2312 297.09 297.09 295.1837 332.27 332.27 332.27 325.4655 325.53 325.53 325.53 301.99 301.99 301.99 295.4861 294.72 294.72 294.5255 298.31 298.31 298.31 306.5406 307.51 307.51 307.51 324.6726 324.51 324.51 323.5384 342.44 342.44 342.44 348.9618 348.9 348.9 332.09 330.11 330.11 330.11 324.0534 323.34 323.34 323.081 328.12
-9999 -9999 -9999 -9999 -9999 -9999 -9999 -9999 -9999 -9999 -9999 -9999 -9999 -9999 -9999 -9999 -9999 249.79 249.79 260.83 260.83 260.83 285.1548 288.02 288.02 288.6746 275.94 275.94 275.94 271.1716 270.61 270.61 270.61 282.3008 282.19 282.19 281.5463 294.07 294.07 294.07 303.1661 303.08 303.08 303.3314 298.44 302.0239 301.99 295.4861 294.72 294.72 294.5255 298.31 298.31 298.31 306.5406 307.51 307.51 306.5888 324.51 324.51 324.51 323.5384 342.44 342.44 342.44 348.9618 348.9 348.9 332.09 330.11 330.11 330.11 323.2753 323.34 323.34 323.081 328.12
-9999 -9999 -9999 -9999 -9999 -9999 -9999 -9999 -9999 -9999 -9999 -9999 -9999 -9999 -9999 -9999 -9999 249.79 249.79 260.83 260.83 260.83 285.1548 288.02 288.02 288.6746 275.94 275.94 275.94 271.1716 270.61 270.61 270.61 282.3008 282.19 282.19 281.5463 294.07 294.07 294.07 303.1661 303.08 303.08 303.3314 298.44 298.44 298.44 304.434 305.14 305.14 305.0365 307.05 307.05 307.05 324.9783 327.09 327.09 321.6111 428.2 428.2 428.2 428.0543 430.89 430.89 430.89 387.287 387.7 387.7 360.5535 330.11 330.11 330.11 323.2753 323.34 323.34 323.081 328.12
-9999 -9999 -9999 -9999 -9999 -9999 -9999 -9999 -9999 -9999 -9999 -9999 -9999 -9999 -9999 -9999 -9999 249.79 249.1918 260.83 260.83 260.83 285.1548 288.02 288.02 288.6746 275.94 275.94 275.94 271.1716 270.61 270.61 269.9825 282.19 282.19 282.19 281.5463 294.07 294.07 294.07 303.1661 303.08 303.08 303.3314 298.44 298.44 298.44 305.2041 305.14 305.14 305.0365 307.05 307.05 307.05 324.9783 327.09 327.09 321.6111 428.2 428.2 428.2 430.6066 430.89 430.89 430.89 387.287 387.7 387.7 359.1614 355.8 355.8 355.8 360.5853 360.54 360.54 385.8847 388.87
-9999 -9999 -9999 -9999 -9999 -9999 -9999 -9999 -9999 -9999 -9999 -9999 -9999 -9999 -9999 -9999 -9999 249.79 249.1918 260.83 260.83 260.83 285.1548 288.02 288.02 288.6746 275.94 275.94 275.94 271.1716 270.61 270.61 269.9825 282.19 282.19 282.19 281.5463 294.07 294.07 294.07 303.1661 303.08 303.08 303.3314 298.44 298.44 298.44 305.2041 305.14 305.14 305.0365 307.05 307.05 307.05 324.9783 327.09 327.09 321.6111 428.2 428.2 428.2 430.6066 430.89 430.89 430.89 387.287 387.7 387.7 359.1614 355.8 355.8 355.8 360.5853 360.54 360.54 385.8847 388.87
-9999 -9999 -9999 -9999 -9999 -9999 -9999 -9999 -9999 -9999 -9999 -9999 -9999 -9999 -9999 -9999 -9999 240.22 239.4164 255.05 255.05 255.05 279.3502 279.12 279.12 279.5573 271.05 271.05 271.05 271.1842 271.2 271.2 270.6045 282.19 282.19 282.19 292.8181 294.07 294.07 294.07 303.1661 303.08 303.08 303.3314 298.44 298.44 298.44 305.2041 305.14 305.14 306.8487 307.05 307.05 307.05 324.9783 327.09 327.09 321.6111 428.2 428.2 428.2 430.6066 430.89 430.89 433.2304 387.7 387.7 387.7 359.1614 355.8 355.8 355.8 360.5853 360.54 360.54 385.8847 388.87
-9999 -9999 -9999 -9999 -9999 -9999 -9999 -9999 -9999 -9999 -9999 -9999 -9999 -9999 -9999 -9999 -9999 240.22 239.4164 255.05 255.05 255.05 279.3502 279.12 279.12 279.5573 271.05 271.05 271.05 271.1842 271.2 271.2 270.8852 277.01 277.01 277.01 281.6084 282.15 282.15 282.15 286.5719 286.53 286.53 285.3758 307.83 307.83 307.83 319.9851 319.87 319.87 326.9912 327.83 327.83 327.83 396.6177 408.9266 327.09 321.6111 428.2 428.2 428.2 430.6066 430.89 430.89 433.2304 387.7 387.7 387.7 359.1614 355.8 355.8 355.8 360.5853 360.54 360.54 385.8847 388.87
