Model and model input files/precip_2001.asc
ncols         625
nrows         453
xllcorner     138621.56993419
yllcorner     4094031.9406744
cellsize      1000
NODATA_value  -9999
[rows 34 to 67 of 453, columns 77 to 153 of 625]
223.62 231.2119 231.14 231.14 240.4173 241.51 241.51 241.51 238.6832 238.71 238.71 239.9124 216.52 216.52 216.52 221.3689 221.94 221.94 221.0389 238.57 238.57 238.57 259.3872 259.19 259.19 258.4048 273.68 273.68 273.68 285.4313 285.32 285.32 284.8031 294.86 294.86 294.86 296.9713 297.22 297.22 297.22 310.0919 309.97 309.97 307.9124 307.67 307.67 314.3937 314.53 314.53 314.53 305.5927 304.54 304.54 304.4311 306.55 306.55 306.55 318.0459 319.4 319.4 319.4 320.3894 320.38 320.38 321.3911 301.72 301.72 301.72 320.8613 320.68 320.68 425.8969 438.29 438.29 438.29 536.4599 535.53
223.62 231.2119 231.14 231.14 240.4173 241.51 241.51 241.51 238.6832 238.71 238.71 218.8583 216.52 216.52 216.52 221.3689 221.94 221.94 221.0389 238.57 238.57 238.57 259.3872 259.19 259.19 258.4048 273.68 273.68 273.68 285.4313 285.32 285.32 284.8031 294.86 294.86 294.86 297.2426 297.22 297.22 297.22 310.0919 309.97 309.97 307.9124 307.67 307.67 307.67 299.67 299.67 299.67 315.8269 317.73 317.73 316.6511 337.64 337.64 337.64 341.6747 342.15 342.15 342.8067 330.03 330.03 330.03 330.5675 320.11 320.11 320.11 316.2434 316.28 316.28 353.1654 357.51 357.51 357.51 421.6677 421.06
223.62 231.2119 231.14 231.14 240.4173 241.51 241.51 241.51 238.6832 238.71 238.71 218.8583 216.52 216.52 216.52 221.9918 221.94 221.94 221.0389 238.57 238.57 238.57 259.3872 259.19 259.19 258.4048 273.68 273.68 273.68 285.4313 285.32 285.32 284.8031 294.86 294.86 294.86 297.2426 297.22 297.22 296.5291 309.97 309.97 309.97 307.9124 307.67 307.67 307.67 299.67 299.67 299.67 315.8269 317.73 317.73 316.6511 337.64 337.64 337.64 341.6747 342.15 342.15 342.8067 330.03 330.03 330.03 321.1553 320.11 320.11 320.11 316.2434 316.28 316.28 353.1654 357.51 357.51 357.51 421.6677 421.06
223.62 231.2119 231.14 231.14 240.4173 241.51 241.51 241.51 238.6832 238.71 238.71 218.8583 216.52 216.52 216.52 221.9918 221.94 221.94 221.0389 238.57 238.57 238.57 259.3872 259.19 259.19 258.4048 273.68 273.68 273.68 285.4313 285.32 285.32 284.8031 294.86 294.86 294.86 297.2426 297.22 297.22 296.5291 309.97 309.97 309.97 307.9124 307.67 307.67 307.67 299.67 299.67 299.67 315.8269 317.73 317.73 316.6511 337.64 337.64 337.64 341.6747 342.15 342.15 342.8067 330.03 330.03 330.03 321.1553 320.11 320.11 320.11 316.2434 316.28 316.28 353.1654 357.51 357.51 357.51 421.6677 421.06
224.93 232.4714 232.4 232.4 229.2956 228.93 228.93 228.93 229.667 229.66 229.66 238.3915 239.42 239.42 239.42 258.7127 258.53 258.53 255.4704 255.11 255.11 255.11 263.2572 263.18 263.18 262.5064 275.61 275.61 275.61 271.6727 285.4502 285.32 284.8031 294.86 294.86 294.86 297.2426 297.22 297.22 296.5291 309.97 309.97 309.97 307.648 307.67 307.67 307.67 299.67 299.67 299.67 315.8269 317.73 317.73 316.6511 337.64 337.64 337.64 341.6747 342.15 342.15 342.8067 330.03 330.03 330.03 321.1553 320.11 320.11 320.3175 316.28 316.28 316.28 353.1654 357.51 357.51 357.51 421.6677 421.06
224.5252 232.4 232.4 232.4 229.2956 228.93 228.93 228.93 229.667 229.66 229.66 238.3915 239.42 239.42 239.42 258.7127 258.53 258.53 255.4704 255.11 255.11 255.11 263.18 263.18 263.18 262.5064 275.61 275.61 275.61 271.6727 271.71 271.71 271.2239 280.68 280.68 280.68 293.9254 293.8 293.8 293.6791 296.03 296.03 296.03 290.3159 290.37 290.37 290.247 292.64 292.64 292.64 310.1478 312.21 312.21 311.1154 332.41 332.41 332.41 352.1186 354.44 343.4451 342.8067 330.03 330.03 330.03 321.1553 320.11 320.11 320.3175 316.28 316.28 316.28 357.9043 357.51 357.51 357.51 421.6677 421.06
224.5252 232.4 232.4 232.4 229.2956 228.93 228.93 228.93 229.667 229.66 229.66 238.3915 239.42 239.42 239.42 258.7127 258.53 258.53 255.4704 255.11 255.11 255.11 263.18 263.18 263.18 274.3002 275.61 275.61 275.61 271.6727 271.71 271.71 271.2239 280.68 280.68 280.68 293.9254 293.8 293.8 293.6791 296.03 296.03 296.03 290.3159 290.37 290.37 290.247 292.64 292.64 292.64 310.1478 312.21 312.21 311.1154 332.41 332.41 332.41 352.1186 354.44 354.44 354.2959 357.1 357.1 357.1 344.9331 343.5 343.5 344.347 327.87 327.87 327.87 322.9736 323.02 323.02 323.02 351.7925 351.52
224.5252 232.4 232.4 232.4 228.8968 228.93 228.93 228.93 229.667 229.66 229.66 238.3915 239.42 239.42 239.42 258.7127 258.53 258.53 255.4704 255.11 255.11 255.11 263.18 263.18 263.18 274.3002 275.61 275.61 275.61 271.6727 271.71 271.71 271.2239 280.68 280.68 280.68 293.9254 293.8 293.8 293.6791 296.03 296.03 296.03 290.3159 290.37 290.37 290.247 292.64 292.64 292.64 312.3971 312.21 312.21 311.1154 332.41 332.41 332.41 352.1186 354.44 354.44 354.2959 357.1 357.1 357.1 344.9331 343.5 343.5 344.347 327.87 327.87 327.87 322.9736 323.02 323.02 321.4756 351.52 351.52
224.7766 227.76 227.76 227.76 236.7956 236.71 237.1316 228.8904 229.66 229.66 229.66 238.3915 239.42 239.42 239.42 258.7127 258.53 258.53 255.4704 255.11 255.11 255.11 263.18 263.18 263.18 274.3002 275.61 275.61 275.8213 271.71 271.71 271.71 271.2239 280.68 280.68 280.68 293.9254 293.8 293.8 293.6791 296.03 296.03 296.03 290.3159 290.37 290.37 290.247 292.64 292.64 292.64 312.3971 312.21 312.21 330.2814 332.41 332.41 332.41 352.1186 354.44 354.44 354.2959 357.1 357.1 357.1 344.9331 343.5 343.5 344.347 327.87 327.87 327.87 322.9736 323.02 323.02 321.4756 351.52 351.52
224.7766 227.76 227.76 227.76 236.7956 236.71 236.71 235.3748 261.35 261.35 261.35 270.2247 271.27 271.27 271.27 250.5437 250.74 250.74 243.7619 242.94 242.94 242.94 249.29 249.29 249.29 259.7571 260.99 260.99 260.8513 263.55 263.55 263.55 277.6851 279.2779 280.68 280.68 293.9254 293.8 293.8 293.6791 296.03 296.03 296.03 290.3159 290.37 290.37 290.247 292.64 292.64 292.64 312.3971 312.21 312.21 330.2814 332.41 332.41 332.41 352.1186 354.44 354.44 354.2959 357.1 357.1 357.1 344.9331 343.5 343.5 344.347 327.87 327.87 327.87 322.9736 323.02 323.02 321.4756 351.52 351.52
224.7766 227.76 227.76 227.76 236.7956 236.71 236.71 235.3748 261.35 261.35 261.35 271.3648 271.27 271.27 271.27 250.5437 250.74 250.74 243.7619 242.94 242.94 242.94 249.29 249.29 249.29 259.7571 260.99 260.99 260.8513 263.55 263.55 263.55 277.6851 279.35 279.35 278.3941 296.99 296.99 296.99 297.5785 286.13 286.13 286.13 287.4828 287.47 287.47 286.7618 300.54 300.54 300.54 315.7238 315.58 315.58 334.8592 337.13 337.13 337.13 352.6268 352.48 352.48 352.2448 356.82 356.82 356.82 352.4721 351.96 351.96 353.261 327.95 327.95 327.95 320.6812 320.75 320.75 321.2365 351.52 351.52
224.7766 227.76 227.76 227.76 236.7956 236.71 236.71 235.3748 261.35 261.35 261.35 271.3648 271.27 271.27 272.3824 250.74 250.74 250.74 243.7619 242.94 242.94 242.94 249.29 249.29 249.29 259.7571 260.99 260.99 260.8513 263.55 263.55 263.55 277.6851 279.35 279.35 278.3941 296.99 296.99 296.99 297.5785 286.13 286.13 286.13 287.4828 287.47 287.47 286.7618 300.54 300.54 300.54 315.7238 315.58 315.58 334.8592 337.13 337.13 337.13 352.6268 352.48 352.48 356.3627 356.82 356.82 356.82 352.4721 351.96 351.96 353.261 327.95 327.95 327.95 320.6812 320.75 320.75 320.3382 328.35 328.35
224.7766 227.76 227.76 227.76 236.7956 236.71 236.71 235.3748 261.35 261.35 261.35 271.3648 271.27 271.27 272.3824 250.74 250.74 250.74 242.8654 242.94 242.94 242.94 249.29 249.29 249.29 259.7571 260.99 260.99 260.8513 263.55 263.55 263.55 277.6851 279.35 279.35 278.3941 296.99 296.99 296.99 287.2744 286.13 286.13 286.13 287.4828 287.47 287.47 286.7618 300.54 300.54 300.54 315.7238 315.58 315.58 334.8592 337.13 337.13 337.13 352.6268 352.48 352.48 356.3627 356.82 356.82 356.82 352.4721 351.96 351.96 353.261 327.95 327.95 327.95 320.6812 320.75 320.75 320.3382 328.35 328.35
228.4675 229.1 229.1 229.1 237.752 237.67 237.67 236.9656 250.67 250.67 250.67 255.2837 255.24 255.24 255.9721 241.73 241.73 241.73 242.993 242.94 242.94 242.94 249.29 249.29 249.29 259.7571 260.99 260.99 260.8513 263.55 263.55 263.55 277.6851 279.35 279.35 278.3941 296.99 296.99 296.99 287.2744 286.13 286.13 286.13 287.4828 287.47 287.47 286.7618 300.54 300.54 300.54 315.7238 315.58 315.58 334.8592 337.13 337.13 337.13 352.6268 352.48 352.48 356.3627 356.82 356.82 356.82 351.9135 351.96 351.96 353.261 327.95 327.95 327.95 320.6812 320.75 320.75 320.3382 328.35 328.35
229.0368 229.1 229.1 229.1 237.752 237.67 237.67 236.9656 250.67 250.67 250.67 255.2837 255.24 255.24 255.9721 241.73 241.73 241.73 243.315 243.3 243.3 242.6465 255.36 255.36 255.36 250.86 250.33 250.33 249.398 267.53 267.53 267.53 291.7117 294.56 294.56 293.8409 307.83 307.83 307.83 295.511 294.06 294.06 293.6227 302.13 302.13 302.13 302.2162 300.54 300.54 300.54 315.7238 315.58 315.58 334.8592 337.13 337.13 337.13 352.6268 352.48 352.48 356.3627 356.82 356.82 356.82 351.9135 351.96 351.96 353.261 327.95 327.95 327.95 320.6812 320.75 320.75 320.3382 328.35 328.35
229.0368 229.1 229.1 229.1 237.67 237.67 237.67 236.9656 250.67 250.67 250.67 255.2837 255.24 255.24 255.9721 241.73 241.73 241.73 243.315 243.3 243.3 242.6465 255.36 255.36 255.36 250.2819 250.33 250.33 249.398 267.53 267.53 267.53 291.7117 294.56 294.56 293.8409 307.83 307.83 307.83 295.511 294.06 294.06 293.6227 302.13 302.13 302.13 314.5653 316.03 316.03 316.03 327.6602 327.55 327.55 337.9098 339.13 339.13 339.13 350.9318 350.82 350.82 366.2076 368.02 368.02 368.02 341.3372 341.59 341.59 314.8139 311.66 311.66 311.66 304.8152 304.88 304.88 303.6012 328.48 328.48
229.0368 229.1 229.1 229.1 237.67 237.67 237.67 236.9656 250.67 250.67 250.67 255.2837 255.24 255.24 255.9721 241.73 241.73 241.73 243.315 243.3 243.3 242.6465 255.36 255.36 255.36 250.2819 250.33 250.33 249.398 267.53 267.53 267.53 291.7117 294.56 294.56 293.8409 307.83 307.83 307.83 295.511 294.06 294.06 293.6227 302.13 302.13 302.13 314.5653 316.03 316.03 316.03 327.6602 327.55 327.55 337.9098 339.13 339.13 339.13 350.9318 350.82 350.82 366.2076 368.02 368.02 368.02 341.3372 341.59 341.59 314.8139 311.66 311.66 311.66 304.88 304.88 304.88 303.6012 328.48 328.48
246.3714 245.01 245.01 245.01 237.6466 237.67 237.67 249.3001 250.67 250.67 250.67 255.2837 255.24 255.24 255.9721 241.73 241.73 241.73 243.315 243.3 243.3 242.6465 255.36 255.36 255.36 250.2819 250.33 250.33 265.7176 267.53 267.53 267.53 291.7117 294.56 294.56 293.8409 307.83 307.83 307.83 295.511 294.06 294.06 293.6227 302.13 302.13 302.13 314.5653 316.03 316.03 315.4058 327.55 327.55 327.55 337.9098 339.13 339.13 339.13 350.9318 350.82 350.82 366.2076 368.02 368.02 368.02 341.3372 341.59 341.59 314.8139 311.66 311.66 311.66 304.88 304.88 304.88 303.6012 328.48 328.48
246.3714 245.01 245.01 245.01 240.12 240.12 240.12 234.958 234.35 234.35 234.453 232.45 232.45 232.45 232.3828 233.69 233.69 233.69 231.58 231.6 231.6 231.4114 235.08 235.08 235.08 241.5008 241.44 241.44 253.6158 255.05 254.3737 267.53 294.8185 294.56 294.56 293.8409 307.83 307.83 307.83 295.511 294.06 294.06 293.6227 302.13 302.13 302.13 314.5653 316.03 316.03 315.4058 327.55 327.55 327.55 339.2408 339.13 339.13 339.13 350.9318 350.82 350.82 366.2076 368.02 368.02 368.02 341.3372 341.59 341.59 314.8139 311.66 311.66 311.66 304.88 304.88 304.88 325.9932 328.48 328.48
246.3714 245.01 245.01 245.01 240.12 240.12 240.12 234.958 234.35 234.35 234.453 232.45 232.45 232.45 232.3828 233.69 233.69 233.69 231.58 231.6 231.6 231.4114 235.08 235.08 235.08 241.5008 241.44 241.44 253.6158 255.05 255.05 255.05 260.0978 260.05 260.05 259.3797 272.42 272.42 272.42 271.9995 271.95 271.95 271.2586 284.71 284.71 284.71 295.8213 297.13 297.13 296.3551 311.43 311.43 311.43 335.4879 335.26 335.26 335.26 352.5841 352.42 352.42 366.3761 368.02 368.02 368.02 341.3372 341.59 341.59 314.8139 311.66 311.66 311.66 304.88 304.88 304.88 325.9932 328.48 328.48
246.3714 245.01 245.01 245.01 240.12 240.12 240.12 234.958 234.35 234.35 234.453 232.45 232.45 232.45 233.5593 233.69 233.69 233.69 231.58 231.6 231.6 231.4114 235.08 235.08 235.08 241.5008 241.44 241.44 253.6158 255.05 255.05 255.05 260.0978 260.05 260.05 271.1165 272.42 272.42 272.42 271.9995 271.95 271.95 271.2586 284.71 284.71 284.71 295.8213 297.13 297.13 296.3551 311.43 311.43 311.43 335.4879 335.26 335.26 334.3301 352.42 352.42 352.42 337.9539 336.25 336.25 336.25 313.7368 313.95 313.95 299.2066 297.47 297.47 297.47 306.09 306.09 306.09 319.241 320.79 320.79
246.3714 245.01 245.01 245.01 240.12 240.12 240.12 234.958 234.35 234.35 234.453 232.45 232.45 232.45 233.5593 233.69 233.69 233.8033 231.6 231.6 231.6 231.4114 235.08 235.08 235.08 241.5008 241.44 241.44 253.6158 255.05 255.05 255.05 260.0978 260.05 260.05 271.1165 272.42 272.42 272.42 271.9995 271.95 271.95 271.2586 284.71 284.71 284.71 295.8213 297.13 297.13 296.3551 311.43 311.43 311.43 335.4879 335.26 335.26 334.3301 352.42 352.42 352.42 337.9539 336.25 336.25 336.25 313.7368 313.95 313.95 299.2066 297.47 297.47 297.47 306.09 306.09 306.09 319.241 320.79 320.79
251.6567 252.16 252.16 252.16 237.94 237.94 237.94 240.4002 240.69 240.69 240.2218 249.33 249.33 249.33 250.001 250.08 233.69 233.8033 231.6 231.6 231.6 231.4114 235.08 235.08 235.08 241.5008 241.44 241.44 253.6158 255.05 255.05 255.05 260.0978 260.05 260.05 271.1165 272.42 272.42 272.42 271.9455 271.95 271.95 271.2586 284.71 284.71 284.71 295.8213 297.13 297.13 296.3551 311.43 311.43 311.43 335.4879 335.26 335.26 334.3301 352.42 352.42 352.42 336.0954 336.25 336.25 336.25 313.7368 313.95 313.95 299.2066 297.47 297.47 297.47 306.09 306.09 306.09 319.241 320.79 320.79
251.6567 252.16 252.16 252.16 237.94 237.94 237.94 240.4002 240.69 240.69 240.2218 249.33 249.33 249.33 250.001 250.08 250.08 250.1933 247.99 247.99 247.99 241.4682 240.7 240.7 240.7 241.0735 241.07 241.07 247.4218 248.17 248.17 248.17 259.5982 259.49 259.49 269.9571 271.19 271.19 271.19 287.6358 287.48 287.48 290.3428 291.0035 284.71 284.71 295.8213 297.13 297.13 296.3551 311.43 311.43 311.43 335.4879 335.26 335.26 334.3301 352.42 352.42 352.42 336.0954 336.25 336.25 336.25 313.7368 313.95 313.95 299.2066 297.47 297.47 297.47 306.09 306.09 306.09 319.241 320.79 320.79
251.6567 252.16 252.16 252.9306 237.94 237.94 237.94 240.4002 240.69 240.69 240.2218 249.33 249.33 249.33 250.001 250.08 250.08 250.1933 247.99 247.99 247.99 241.4682 240.7 240.7 240.6799 241.07 241.07 241.07 247.4218 248.17 248.17 248.17 259.5982 259.49 259.49 269.9571 271.19 271.19 271.19 287.6358 287.48 287.48 290.3428 290.68 290.68 290.68 288.9087 288.7 288.7 287.852 304.35 304.35 304.35 330.0434 329.8 329.8 330.2888 320.78 320.78 320.78 307.8071 307.93 307.93 308.2985 301.13 301.13 301.13 301.5057 301.55 301.55 301.55 310.85 310.85 310.85 324.0726 320.7437 320.79
251.6567 252.16 252.16 252.9306 237.94 237.94 237.94 240.7163 240.69 240.69 240.2218 249.33 249.33 249.33 250.001 250.08 250.08 250.1933 247.99 247.99 247.99 241.4682 240.7 240.7 240.6799 241.07 241.07 241.07 247.4218 248.17 248.17 248.17 259.5982 259.49 259.49 269.9571 271.19 271.19 271.19 287.6358 287.48 287.48 290.3428 290.68 290.68 290.68 288.6811 288.7 288.7 287.852 304.35 304.35 304.35 330.0434 329.8 329.8 330.2888 320.78 320.78 320.78 307.8071 307.93 307.93 308.2985 301.13 301.13 301.13 301.5057 301.55 301.55 301.55 310.85 310.85 310.85 324.0726 325.63 325.63
251.6567 252.16 252.16 252.9306 237.94 237.94 237.94 240.7163 240.69 240.69 240.2218 249.33 249.33 249.33 250.001 250.08 250.08 250.1933 247.99 247.99 247.99 241.4682 240.7 240.7 240.6799 241.07 241.07 241.07 248.2379 248.17 248.17 248.17 259.5982 259.49 259.49 269.9571 271.19 271.19 271.19 287.6358 287.48 287.48 290.3428 290.68 290.68 290.68 288.6811 288.7 288.7 287.852 304.35 304.35 304.35 330.0434 329.8 329.8 330.2888 320.78 320.78 320.78 307.8071 307.93 307.93 308.2985 301.13 301.13 301.13 301.554 301.55 301.55 301.55 310.85 310.85 310.85 324.0726 325.63 325.63
279.6624 279.61 279.61 280.4157 264.74 264.74 264.74 266.5976 266.58 266.58 273.3165 274.11 274.11 274.11 272.8575 272.71 272.71 272.9825 267.68 247.8017 247.99 241.4682 240.7 240.7 240.6799 241.07 241.07 241.07 248.2379 248.17 248.17 248.17 259.5982 259.49 259.49 269.9571 271.19 271.19 271.19 287.6358 287.48 287.48 290.3428 290.68 290.68 290.68 288.6811 288.7 288.7 302.7009 304.35 304.35 304.35 330.0434 329.8 329.8 330.2888 320.78 320.78 320.78 307.8071 307.93 307.93 308.2985 301.13 301.13 301.13 301.554 301.55 301.55 301.55 310.85 310.85 310.85 324.0726 325.63 325.63
279.6624 279.61 279.61 280.4157 264.74 264.74 264.74 266.5976 266.58 266.58 273.3165 274.11 274.11 274.11 272.6966 272.71 272.71 272.9825 267.68 267.68 267.68 263.1263 262.59 262.59 258.7416 333.61 333.61 333.61 299.8603 300.18 300.18 302.3881 259.43 259.43 259.43 254.2501 253.64 253.64 253.64 287.7026 287.38 287.38 293.9555 294.73 294.73 294.73 289.1269 289.18 289.18 295.9434 296.74 296.74 296.74 311.87 311.87 311.87 311.5096 320.5418 320.78 320.78 307.8071 307.93 307.93 308.2985 301.13 301.13 301.13 301.554 301.55 301.55 301.0461 310.85 310.85 310.85 324.0726 325.63 325.63
279.6624 279.61 279.61 280.4157 264.74 264.74 264.74 266.5976 266.58 266.58 273.3165 274.11 274.11 274.11 272.6966 272.71 272.71 272.9825 267.68 267.68 267.68 263.1263 262.59 262.59 258.7416 333.61 333.61 333.61 299.8603 300.18 300.18 302.3881 259.43 259.43 259.43 253.5846 253.64 253.64 253.64 287.7026 287.38 287.38 293.9555 294.73 294.73 294.73 289.1269 289.18 289.18 295.9434 296.74 296.74 296.74 311.87 311.87 311.87 311.5096 318.52 318.52 318.52 304.1034 304.24 304.24 303.321 321.2 321.2 321.2 341.6033 341.41 341.41 339.9041 369.2 369.2 369.2 407.8864 407.52 407.52
279.61 279.61 279.61 280.4157 264.74 264.74 264.74 266.5976 266.58 266.58 273.3165 274.11 274.11 274.11 272.6966 272.71 272.71 268.21 267.68 267.68 267.68 263.1263 262.59 262.59 258.7416 333.61 333.61 333.61 299.8603 300.18 300.18 302.3881 259.43 259.43 259.43 253.5846 253.64 253.64 253.64 287.7026 287.38 287.38 293.9555 294.73 294.73 294.73 289.1269 289.18 289.18 295.9434 296.74 296.74 296.74 311.87 311.87 311.87 317.8192 318.52 318.52 318.52 304.1034 304.24 304.24 303.321 321.2 321.2 321.2 341.6033 341.41 341.41 339.9041 369.2 369.2 369.2 407.8864 407.52 407.52
292.41 292.41 292.41 291.4005 313.5489 264.74 264.74 266.5976 266.58 266.58 273.3165 274.11 274.11 274.11 272.6966 272.71 272.71 268.21 267.68 267.68 267.68 263.1263 262.59 262.59 258.7416 333.61 333.61 333.61 299.8603 300.18 300.18 302.3881 259.43 259.43 259.43 253.5846 253.64 253.64 251.8117 287.38 287.38 287.38 293.9555 294.73 294.73 294.73 289.1269 289.18 289.18 295.9434 296.74 296.74 296.74 311.87 311.87 311.87 317.8192 318.52 318.52 318.52 304.1034 304.24 304.24 303.321 321.2 321.2 321.2 341.6033 341.41 341.41 339.9041 369.2 369.2 369.2 407.8864 407.52 407.52
292.41 292.41 292.41 309.0769 311.04 311.04 311.04 310.4242 310.43 310.43 306.6368 306.19 306.19 306.19 296.1751 296.27 296.27 288.8536 287.98 287.98 287.98 302.1745 302.04 302.04 300.3233 333.72 333.72 333.72 307.9156 308.16 308.16 303.229 259.43 259.43 259.43 253.5846 253.64 253.64 251.8117 287.38 287.38 287.38 293.9555 294.73 294.73 294.73 289.1269 289.18 289.18 295.9434 296.74 296.74 296.74 311.87 311.87 311.87 317.8192 318.52 318.52 319.2938 304.24 304.24 304.24 303.321 321.2 321.2 321.2 341.6033 341.41 341.41 339.9041 369.2 369.2 369.2 407.8864 407.52 407.52
292.41 292.41 292.41 309.0769 311.04 311.04 311.04 310.4242 310.43 310.43 306.6368 306.19 306.19 306.19 296.1751 296.27 296.27 288.8536 287.98 287.98 287.98 302.1745 302.04 302.04 300.3233 333.72 333.72 333.72 307.9156 308.16 308.16 309.1316 290.23 290.23 290.23 264.6376 264.88 264.88 264.9673 263.27 263.27 263.27 305.3183 304.92 304.92 304.92 313.4407 313.36 313.36 318.5846 319.2 319.2 319.2 321.9 321.9 321.9 343.3352 345.86 345.86 342.8217 401.93 303.3058 304.24 303.321 321.2 321.2 321.2 341.6033 341.41 341.41 339.9041 369.2 369.2 369.2 407.8864 407.52 407.52
