Model and model input files/precip_1988.asc
ncols         625
nrows         453
xllcorner     138621.56993419
yllcorner     4094031.9406744
cellsize      1000
NODATA_value  -9999
[rows 34 to 67 of 453, columns 77 to 153 of 625]
206.12 219.8298 219.7 219.7 232.6452 234.17 234.17 234.17 235.1089 235.1 235.1 236.5045 209.18 209.18 209.18 217.339 218.3 218.3 216.9296 243.59 243.59 243.59 280.1765 279.83 279.83 278.0098 313.42 313.42 313.42 335.9333 335.72 335.72 334.9771 349.43 349.43 349.43 352.9817 353.4 353.4 353.4 370.1083 369.95 369.95 364.6091 363.98 363.98 377.286 375.25 375.25 375.25 356.4539 354.24 354.24 354.6881 345.97 345.97 345.97 354.0306 354.98 354.98 354.98 352.1432 352.17 352.17 353.6179 325.45 325.45 325.45 344.2379 344.06 344.06 475.6772 491.18 491.18 491.18 628.5916 627.29
206.12 219.8298 219.7 219.7 232.6452 234.17 234.17 234.17 235.1089 235.1 235.1 211.9113 209.18 209.18 209.18 217.339 218.3 218.3 216.9296 243.59 243.59 243.59 280.1765 279.83 279.83 278.0098 313.42 313.42 313.42 335.9333 335.72 335.72 334.9771 349.43 349.43 349.43 353.438 353.4 353.4 353.4 370.1083 369.95 369.95 364.6091 363.98 363.98 363.98 352.12 352.12 352.12 370.5493 372.72 372.72 371.4303 396.52 396.52 396.52 396.028 395.97 395.97 397.5387 367.02 367.02 367.02 368.0994 347.1 347.1 347.1 346.2318 346.24 346.24 384.6105 389.13 389.13 389.13 472.3381 471.55
206.12 219.8298 219.7 219.7 232.6452 234.17 234.17 234.17 235.1089 235.1 235.1 211.9113 209.18 209.18 209.18 218.3872 218.3 218.3 216.9296 243.59 243.59 243.59 280.1765 279.83 279.83 278.0098 313.42 313.42 313.42 335.9333 335.72 335.72 334.9771 349.43 349.43 349.43 353.438 353.4 353.4 352.5032 369.95 369.95 369.95 364.6091 363.98 363.98 363.98 352.12 352.12 352.12 370.5493 372.72 372.72 371.4303 396.52 396.52 396.52 396.028 395.97 395.97 397.5387 367.02 367.02 367.02 349.1991 347.1 347.1 347.1 346.2318 346.24 346.24 384.6105 389.13 389.13 389.13 472.3381 471.55
206.12 219.8298 219.7 219.7 232.6452 234.17 234.17 234.17 235.1089 235.1 235.1 211.9113 209.18 209.18 209.18 218.3872 218.3 218.3 216.9296 243.59 243.59 243.59 280.1765 279.83 279.83 278.0098 313.42 313.42 313.42 335.9333 335.72 335.72 334.9771 349.43 349.43 349.43 353.438 353.4 353.4 352.5032 369.95 369.95 369.95 364.6091 363.98 363.98 363.98 352.12 352.12 352.12 370.5493 372.72 372.72 371.4303 396.52 396.52 396.52 396.028 395.97 395.97 397.5387 367.02 367.02 367.02 349.1991 347.1 347.1 347.1 346.2318 346.24 346.24 384.6105 389.13 389.13 389.13 472.3381 471.55
206.9 219.5296 219.41 219.41 215.7241 215.29 215.29 215.29 215.1588 215.16 215.16 228.0516 229.57 229.57 229.57 260.8059 260.51 260.51 260.4116 260.4 260.4 260.4 279.6019 279.42 279.42 278.0751 304.24 304.24 304.24 306.7639 335.9971 335.72 334.9771 349.43 349.43 349.43 353.438 353.4 353.4 352.5032 369.95 369.95 369.95 363.9229 363.98 363.98 363.98 352.12 352.12 352.12 370.5493 372.72 372.72 371.4303 396.52 396.52 396.52 396.028 395.97 395.97 397.5387 367.02 367.02 367.02 349.1991 347.1 347.1 347.1466 346.24 346.24 346.24 384.6105 389.13 389.13 389.13 472.3381 471.55
206.2221 219.41 219.41 219.41 215.7241 215.29 215.29 215.29 215.1588 215.16 215.16 228.0516 229.57 229.57 229.57 260.8059 260.51 260.51 260.4116 260.4 260.4 260.4 279.42 279.42 279.42 278.0751 304.24 304.24 304.24 306.7639 306.74 306.74 305.743 325.14 325.14 325.14 342.6357 342.47 342.47 342.4846 342.2 342.2 342.2 333.1341 333.22 333.22 333.0564 336.24 336.24 336.24 356.4675 358.85 358.85 357.2444 388.48 388.48 388.48 413.6727 416.64 398.1481 397.5387 367.02 367.02 367.02 349.1991 347.1 347.1 347.1466 346.24 346.24 346.24 389.5401 389.13 389.13 389.13 472.3381 471.55
206.2221 219.41 219.41 219.41 215.7241 215.29 215.29 215.29 215.1588 215.16 215.16 228.0516 229.57 229.57 229.57 260.8059 260.51 260.51 260.4116 260.4 260.4 260.4 279.42 279.42 279.42 301.6246 304.24 304.24 304.24 306.7639 306.74 306.74 305.743 325.14 325.14 325.14 342.6357 342.47 342.47 342.4846 342.2 342.2 342.2 333.1341 333.22 333.22 333.0564 336.24 336.24 336.24 356.4675 358.85 358.85 357.2444 388.48 388.48 388.48 413.6727 416.64 416.64 416.9245 411.39 411.39 411.39 382.9678 379.62 379.62 380.7704 358.39 358.39 358.39 355.0988 355.13 355.13 355.13 389.0311 388.71
206.2221 219.41 219.41 219.41 215.2506 215.29 215.29 215.29 215.1588 215.16 215.16 228.0516 229.57 229.57 229.57 260.8059 260.51 260.51 260.4116 260.4 260.4 260.4 279.42 279.42 279.42 301.6246 304.24 304.24 304.24 306.7639 306.74 306.74 305.743 325.14 325.14 325.14 342.6357 342.47 342.47 342.4846 342.2 342.2 342.2 333.1341 333.22 333.22 333.0564 336.24 336.24 336.24 359.0662 358.85 358.85 357.2444 388.48 388.48 388.48 413.6727 416.64 416.64 416.9245 411.39 411.39 411.39 382.9678 379.62 379.62 380.7704 358.39 358.39 358.39 355.0988 355.13 355.13 353.3104 388.71 388.71
204.0264 211.49 211.49 211.49 220.6164 220.53 220.8139 215.297 215.16 215.16 215.16 228.0516 229.57 229.57 229.57 260.8059 260.51 260.51 260.4116 260.4 260.4 260.4 279.42 279.42 279.42 301.6246 304.24 304.24 304.1045 306.74 306.74 306.74 305.743 325.14 325.14 325.14 342.6357 342.47 342.47 342.4846 342.2 342.2 342.2 333.1341 333.22 333.22 333.0564 336.24 336.24 336.24 359.0662 358.85 358.85 385.3578 388.48 388.48 388.48 413.6727 416.64 416.64 416.9245 411.39 411.39 411.39 382.9678 379.62 379.62 380.7704 358.39 358.39 358.39 355.0988 355.13 355.13 353.3104 388.71 388.71
204.0264 211.49 211.49 211.49 220.6164 220.53 220.53 218.5581 256.92 256.92 256.92 269.0332 270.46 270.46 270.46 244.5243 244.77 244.77 238.3645 237.61 237.61 237.61 249.37 249.37 249.37 267.2893 269.4 269.4 268.7893 280.67 280.67 280.67 305.8358 307.9146 325.14 325.14 342.6357 342.47 342.47 342.4846 342.2 342.2 342.2 333.1341 333.22 333.22 333.0564 336.24 336.24 336.24 359.0662 358.85 358.85 385.3578 388.48 388.48 388.48 413.6727 416.64 416.64 416.9245 411.39 411.39 411.39 382.9678 379.62 379.62 380.7704 358.39 358.39 358.39 355.0988 355.13 355.13 353.3104 388.71 388.71
204.0264 211.49 211.49 211.49 220.6164 220.53 220.53 218.5581 256.92 256.92 256.92 270.5895 270.46 270.46 270.46 244.5243 244.77 244.77 238.3645 237.61 237.61 237.61 249.37 249.37 249.37 267.2893 269.4 269.4 268.7893 280.67 280.67 280.67 305.8358 308.8 308.8 307.3705 335.18 335.18 335.18 336.0822 318.53 318.53 318.53 317.1671 317.18 317.18 316.2138 335.01 335.01 335.01 351.1024 350.95 350.95 376.8494 379.9 379.9 379.9 408.1678 407.9 407.9 407.8572 408.69 408.69 408.69 389.5629 387.31 387.31 389.2857 350.85 350.85 350.85 339.7953 339.9 339.9 351.7055 388.71 388.71
204.0264 211.49 211.49 211.49 220.6164 220.53 220.53 218.5581 256.92 256.92 256.92 270.5895 270.46 270.46 271.8521 244.77 244.77 244.77 238.3645 237.61 237.61 237.61 249.37 249.37 249.37 267.2893 269.4 269.4 268.7893 280.67 280.67 280.67 305.8358 308.8 308.8 307.3705 335.18 335.18 335.18 336.0822 318.53 318.53 318.53 317.1671 317.18 317.18 316.2138 335.01 335.01 335.01 351.1024 350.95 350.95 376.8494 379.9 379.9 379.9 408.1678 407.9 407.9 408.6068 408.69 408.69 408.69 389.5629 387.31 387.31 389.2857 350.85 350.85 350.85 339.7953 339.9 339.9 339.324 350.53 350.53
204.0264 211.49 211.49 211.49 220.6164 220.53 220.53 218.5581 256.92 256.92 256.92 270.5895 270.46 270.46 271.8521 244.77 244.77 244.77 237.5415 237.61 237.61 237.61 249.37 249.37 249.37 267.2893 269.4 269.4 268.7893 280.67 280.67 280.67 305.8358 308.8 308.8 307.3705 335.18 335.18 335.18 320.2845 318.53 318.53 318.53 317.1671 317.18 317.18 316.2138 335.01 335.01 335.01 351.1024 350.95 350.95 376.8494 379.9 379.9 379.9 408.1678 407.9 407.9 408.6068 408.69 408.69 408.69 389.5629 387.31 387.31 389.2857 350.85 350.85 350.85 339.7953 339.9 339.9 339.324 350.53 350.53
200.3539 206.31 206.31 206.31 219.192 219.07 219.07 217.8714 241.19 241.19 241.19 249.3674 249.29 249.29 250.287 230.89 230.89 230.89 237.3812 237.61 237.61 237.61 249.37 249.37 249.37 267.2893 269.4 269.4 268.7893 280.67 280.67 280.67 305.8358 308.8 308.8 307.3705 335.18 335.18 335.18 320.2845 318.53 318.53 318.53 317.1671 317.18 317.18 316.2138 335.01 335.01 335.01 351.1024 350.95 350.95 376.8494 379.9 379.9 379.9 408.1678 407.9 407.9 408.6068 408.69 408.69 408.69 387.1056 387.31 387.31 389.2857 350.85 350.85 350.85 339.7953 339.9 339.9 339.324 350.53 350.53
205.7146 206.31 206.31 206.31 219.192 219.07 219.07 217.8714 241.19 241.19 241.19 249.3674 249.29 249.29 250.287 230.89 230.89 230.89 235.0999 235.06 235.06 234.0895 252.97 252.97 252.97 246.8329 246.11 246.11 244.5592 274.73 274.73 274.73 314.6302 319.33 319.33 318.1931 340.31 340.31 340.31 322.006 319.85 319.85 319.3591 328.91 328.91 328.91 328.5795 335.01 335.01 335.01 351.1024 350.95 350.95 376.8494 379.9 379.9 379.9 408.1678 407.9 407.9 408.6068 408.69 408.69 408.69 387.1056 387.31 387.31 389.2857 350.85 350.85 350.85 339.7953 339.9 339.9 339.324 350.53 350.53
205.7146 206.31 206.31 206.31 219.07 219.07 219.07 217.8714 241.19 241.19 241.19 249.3674 249.29 249.29 250.287 230.89 230.89 230.89 235.0999 235.06 235.06 234.0895 252.97 252.97 252.97 246.0444 246.11 246.11 244.5592 274.73 274.73 274.73 314.6302 319.33 319.33 318.1931 340.31 340.31 340.31 322.006 319.85 319.85 319.3591 328.91 328.91 328.91 341.9357 343.47 343.47 343.47 358.4721 358.33 358.33 367.9651 369.1 369.1 369.1 385.4549 385.3 385.3 402.1368 404.12 404.12 404.12 361.0016 361.41 361.41 327.2353 323.21 323.21 323.21 314.7297 314.81 314.81 313.0413 347.45 347.45
205.7146 206.31 206.31 206.31 219.07 219.07 219.07 217.8714 241.19 241.19 241.19 249.3674 249.29 249.29 250.287 230.89 230.89 230.89 235.0999 235.06 235.06 234.0895 252.97 252.97 252.97 246.0444 246.11 246.11 244.5592 274.73 274.73 274.73 314.6302 319.33 319.33 318.1931 340.31 340.31 340.31 322.006 319.85 319.85 319.3591 328.91 328.91 328.91 341.9357 343.47 343.47 343.47 358.4721 358.33 358.33 367.9651 369.1 369.1 369.1 385.4549 385.3 385.3 402.1368 404.12 404.12 404.12 361.0016 361.41 361.41 327.2353 323.21 323.21 323.21 314.81 314.81 314.81 313.0413 347.45 347.45
222.2792 221.06 221.06 221.06 219.0488 219.07 219.07 238.8591 241.19 241.19 241.19 249.3674 249.29 249.29 250.287 230.89 230.89 230.89 235.0999 235.06 235.06 234.0895 252.97 252.97 252.97 246.0444 246.11 246.11 271.7142 274.73 274.73 274.73 314.6302 319.33 319.33 318.1931 340.31 340.31 340.31 322.006 319.85 319.85 319.3591 328.91 328.91 328.91 341.9357 343.47 343.47 342.6648 358.33 358.33 358.33 367.9651 369.1 369.1 369.1 385.4549 385.3 385.3 402.1368 404.12 404.12 404.12 361.0016 361.41 361.41 327.2353 323.21 323.21 323.21 314.81 314.81 314.81 313.0413 347.45 347.45
222.2792 221.06 221.06 221.06 221.29 221.29 221.29 217.3626 216.9 216.9 216.9379 216.2 216.2 216.2 216.0358 219.23 219.23 219.23 217.0695 217.09 217.09 216.8223 222.03 222.03 222.03 229.208 229.14 229.14 248.4907 250.77 249.4717 274.73 319.7565 319.33 319.33 318.1931 340.31 340.31 340.31 322.006 319.85 319.85 319.3591 328.91 328.91 328.91 341.9357 343.47 343.47 342.6648 358.33 358.33 358.33 369.203 369.1 369.1 369.1 385.4549 385.3 385.3 402.1368 404.12 404.12 404.12 361.0016 361.41 361.41 327.2353 323.21 323.21 323.21 314.81 314.81 314.81 344.0106 347.45 347.45
222.2792 221.06 221.06 221.06 221.29 221.29 221.29 217.3626 216.9 216.9 216.9379 216.2 216.2 216.2 216.0358 219.23 219.23 219.23 217.0695 217.09 217.09 216.8223 222.03 222.03 222.03 229.208 229.14 229.14 248.4907 250.77 250.77 250.77 262.4203 262.31 262.31 261.1683 283.38 283.38 283.38 282.879 282.82 282.82 282.0099 297.77 297.77 297.77 308.9349 310.25 310.25 309.448 325.05 325.05 325.05 350.6727 350.43 350.43 350.43 371.2371 371.04 371.04 400.6342 404.12 404.12 404.12 361.0016 361.41 361.41 327.2353 323.21 323.21 323.21 314.81 314.81 314.81 344.0106 347.45 347.45
222.2792 221.06 221.06 221.06 221.29 221.29 221.29 217.3626 216.9 216.9 216.9379 216.2 216.2 216.2 218.9107 219.23 219.23 219.23 217.0695 217.09 217.09 216.8223 222.03 222.03 222.03 229.208 229.14 229.14 248.4907 250.77 250.77 250.77 262.4203 262.31 262.31 281.1598 283.38 283.38 283.38 282.879 282.82 282.82 282.0099 297.77 297.77 297.77 308.9349 310.25 310.25 309.448 325.05 325.05 325.05 350.6727 350.43 350.43 349.3132 371.04 371.04 371.04 349.6048 347.08 347.08 347.08 318.1056 318.38 318.38 301.069 299.03 299.03 299.03 308.67 308.67 308.67 328.969 331.36 331.36
222.2792 221.06 221.06 221.06 221.29 221.29 221.29 217.3626 216.9 216.9 216.9379 216.2 216.2 216.2 218.9107 219.23 219.23 219.346 217.09 217.09 217.09 216.8223 222.03 222.03 222.03 229.208 229.14 229.14 248.4907 250.77 250.77 250.77 262.4203 262.31 262.31 281.1598 283.38 283.38 283.38 282.879 282.82 282.82 282.0099 297.77 297.77 297.77 308.9349 310.25 310.25 309.448 325.05 325.05 325.05 350.6727 350.43 350.43 349.3132 371.04 371.04 371.04 349.6048 347.08 347.08 347.08 318.1056 318.38 318.38 301.069 299.03 299.03 299.03 308.67 308.67 308.67 328.969 331.36 331.36
224.3678 225.08 225.08 225.08 210.67 210.67 210.67 220.9582 222.17 222.17 221.4076 236.24 236.24 236.24 236.8841 236.96 219.23 219.346 217.09 217.09 217.09 216.8223 222.03 222.03 222.03 229.208 229.14 229.14 248.4907 250.77 250.77 250.77 262.4203 262.31 262.31 281.1598 283.38 283.38 283.38 282.8147 282.82 282.82 282.0099 297.77 297.77 297.77 308.9349 310.25 310.25 309.448 325.05 325.05 325.05 350.6727 350.43 350.43 349.3132 371.04 371.04 371.04 346.8509 347.08 347.08 347.08 318.1056 318.38 318.38 301.069 299.03 299.03 299.03 308.67 308.67 308.67 328.969 331.36 331.36
224.3678 225.08 225.08 225.08 210.67 210.67 210.67 220.9582 222.17 222.17 221.4076 236.24 236.24 236.24 236.8841 236.96 236.96 237.0164 235.92 235.92 235.92 226.1596 225.01 225.01 225.01 224.3437 224.35 224.35 236.2127 237.61 237.61 237.61 257.5892 257.4 257.4 272.2955 274.05 274.05 274.05 298.0473 297.82 297.82 300.9154 301.4702 297.77 297.77 308.9349 310.25 310.25 309.448 325.05 325.05 325.05 350.6727 350.43 350.43 349.3132 371.04 371.04 371.04 346.8509 347.08 347.08 347.08 318.1056 318.38 318.38 301.069 299.03 299.03 299.03 308.67 308.67 308.67 328.969 331.36 331.36
224.3678 225.08 225.08 225.8608 210.67 210.67 210.67 220.9582 222.17 222.17 221.4076 236.24 236.24 236.24 236.8841 236.96 236.96 237.0164 235.92 235.92 235.92 226.1596 225.01 225.01 225.0458 224.35 224.35 224.35 236.2127 237.61 237.61 237.61 257.5892 257.4 257.4 272.2955 274.05 274.05 274.05 298.0473 297.82 297.82 300.9154 301.28 301.28 301.28 299.3834 299.16 299.16 298.3288 314.5 314.5 314.5 340.5669 340.32 340.32 341.387 320.63 320.63 320.63 298.9345 299.14 299.14 299.7155 288.52 288.52 288.52 289.7635 289.91 289.91 289.91 305.13 305.13 305.13 324.8386 331.4001 331.36
224.3678 225.08 225.08 225.8608 210.67 210.67 210.67 222.28 222.17 222.17 221.4076 236.24 236.24 236.24 236.8841 236.96 236.96 237.0164 235.92 235.92 235.92 226.1596 225.01 225.01 225.0458 224.35 224.35 224.35 236.2127 237.61 237.61 237.61 257.5892 257.4 257.4 272.2955 274.05 274.05 274.05 298.0473 297.82 297.82 300.9154 301.28 301.28 301.28 299.1397 299.16 299.16 298.3288 314.5 314.5 314.5 340.5669 340.32 340.32 341.387 320.63 320.63 320.63 298.9345 299.14 299.14 299.7155 288.52 288.52 288.52 289.7635 289.91 289.91 289.91 305.13 305.13 305.13 324.8386 327.16 327.16
224.3678 225.08 225.08 225.8608 210.67 210.67 210.67 222.28 222.17 222.17 221.4076 236.24 236.24 236.24 236.8841 236.96 236.96 237.0164 235.92 235.92 235.92 226.1596 225.01 225.01 225.0458 224.35 224.35 224.35 237.7368 237.61 237.61 237.61 257.5892 257.4 257.4 272.2955 274.05 274.05 274.05 298.0473 297.82 297.82 300.9154 301.28 301.28 301.28 299.1397 299.16 299.16 298.3288 314.5 314.5 314.5 340.5669 340.32 340.32 341.387 320.63 320.63 320.63 298.9345 299.14 299.14 299.7155 288.52 288.52 288.52 289.9233 289.91 289.91 289.91 305.13 305.13 305.13 324.8386 327.16 327.16
255.7917 255.76 255.76 256.8481 235.68 235.68 235.68 245.4021 245.31 245.31 259.8119 261.52 261.52 261.52 261.7705 261.8 261.8 261.916 259.66 235.693 235.92 226.1596 225.01 225.01 225.0458 224.35 224.35 224.35 237.7368 237.61 237.61 237.61 257.5892 257.4 257.4 272.2955 274.05 274.05 274.05 298.0473 297.82 297.82 300.9154 301.28 301.28 301.28 299.1397 299.16 299.16 312.8835 314.5 314.5 314.5 340.5669 340.32 340.32 341.387 320.63 320.63 320.63 298.9345 299.14 299.14 299.7155 288.52 288.52 288.52 289.9233 289.91 289.91 289.91 305.13 305.13 305.13 324.8386 327.16 327.16
255.7917 255.76 255.76 256.8481 235.68 235.68 235.68 245.4021 245.31 245.31 259.8119 261.52 261.52 261.52 261.8027 261.8 261.8 261.916 259.66 259.66 259.66 251.1879 250.19 250.19 244.7463 350.65 350.65 350.65 305.25 305.68 305.68 308.6159 251.5 251.5 251.5 246.9821 246.45 246.45 246.45 294.8787 294.42 294.42 302.8831 303.88 303.88 303.88 294.2286 294.32 294.32 300.0188 300.69 300.69 300.69 313.55 313.55 313.55 313.841 319.3181 320.63 320.63 298.9345 299.14 299.14 299.7155 288.52 288.52 288.52 289.9233 289.91 289.91 289.0853 305.13 305.13 305.13 324.8386 327.16 327.16
255.7917 255.76 255.76 256.8481 235.68 235.68 235.68 245.4021 245.31 245.31 259.8119 261.52 261.52 261.52 261.8027 261.8 261.8 261.916 259.66 259.66 259.66 251.1879 250.19 250.19 244.7463 350.65 350.65 350.65 305.25 305.68 305.68 308.6159 251.5 251.5 251.5 246.4017 246.45 246.45 246.45 294.8787 294.42 294.42 302.8831 303.88 303.88 303.88 294.2286 294.32 294.32 300.0188 300.69 300.69 300.69 313.55 313.55 313.55 313.841 308.18 308.18 308.18 277.3783 277.67 277.67 276.2644 303.61 303.61 303.61 344.3862 344 344 341.451 391.04 391.04 391.04 450.271 449.71 449.71
255.76 255.76 255.76 256.8481 235.68 235.68 235.68 245.4021 245.31 245.31 259.8119 261.52 261.52 261.52 261.8027 261.8 261.8 259.8855 259.66 259.66 259.66 251.1879 250.19 250.19 244.7463 350.65 350.65 350.65 305.25 305.68 305.68 308.6159 251.5 251.5 251.5 246.4017 246.45 246.45 246.45 294.8787 294.42 294.42 302.8831 303.88 303.88 303.88 294.2286 294.32 294.32 300.0188 300.69 300.69 300.69 313.55 313.55 313.55 308.7458 308.18 308.18 308.18 277.3783 277.67 277.67 276.2644 303.61 303.61 303.61 344.3862 344 344 341.451 391.04 391.04 391.04 450.271 449.71 449.71
270.11 270.11 270.11 268.7477 298.4779 235.68 235.68 245.4021 245.31 245.31 259.8119 261.52 261.52 261.52 261.8027 261.8 261.8 259.8855 259.66 259.66 259.66 251.1879 250.19 250.19 244.7463 350.65 350.65 350.65 305.25 305.68 305.68 308.6159 251.5 251.5 251.5 246.4017 246.45 246.45 243.8506 294.42 294.42 294.42 302.8831 303.88 303.88 303.88 294.2286 294.32 294.32 300.0188 300.69 300.69 300.69 313.55 313.55 313.55 308.7458 308.18 308.18 308.18 277.3783 277.67 277.67 276.2644 303.61 303.61 303.61 344.3862 344 344 341.451 391.04 391.04 391.04 450.271 449.71 449.71
270.11 270.11 270.11 292.6009 295.25 295.25 295.25 297.5922 297.57 297.57 294.4567 294.09 294.09 294.09 285.8116 285.89 285.89 274.1704 272.79 272.79 272.79 294.1826 293.98 293.98 291.1205 346.75 346.75 346.75 316.8871 317.17 317.17 309.8266 251.5 251.5 251.5 246.4017 246.45 246.45 243.8506 294.42 294.42 294.42 302.8831 303.88 303.88 303.88 294.2286 294.32 294.32 300.0188 300.69 300.69 300.69 313.55 313.55 313.55 308.7458 308.18 308.18 309.8333 277.67 277.67 277.67 276.2644 303.61 303.61 303.61 344.3862 344 344 341.451 391.04 391.04 391.04 450.271 449.71 449.71
270.11 270.11 270.11 292.6009 295.25 295.25 295.25 297.5922 297.57 297.57 294.4567 294.09 294.09 294.09 285.8116 285.89 285.89 274.1704 272.79 272.79 272.79 294.1826 293.98 293.98 291.1205 346.75 346.75 346.75 316.8871 317.17 317.17 318.4077 294.33 294.33 294.33 260.3784 260.7 260.7 260.8474 257.98 257.98 257.98 317.312 316.75 316.75 316.75 324.5438 324.47 324.47 324.0585 324.01 324.01 324.01 316.08 316.08 316.08 338.8393 341.52 341.52 336.9536 425.79 276.2536 277.67 276.2644 303.61 303.61 303.61 344.3862 344 344 341.451 391.04 391.04 391.04 450.271 449.71 449.71
