Model and model input files/precip_1991.asc
ncols         625
nrows         453
xllcorner     138621.56993419
yllcorner     4094031.9406744
cellsize      1000
NODATA_value  -9999
[rows 34 to 67 of 453, columns 77 to 153 of 625]
265.84 270.8575 270.81 270.81 283.0843 284.53 284.53 284.53 284.3382 284.34 284.34 285.9543 254.55 254.55 254.55 262.1812 263.08 263.08 261.7649 287.35 287.35 287.35 319.1007 318.8 318.8 317.092 350.32 350.32 350.32 369.007 368.83 368.83 368.1868 380.7 380.7 380.7 382.3103 382.5 382.5 382.5 395.3214 395.2 395.2 389.0629 388.34 388.34 406.0275 406.49 406.49 406.49 390.1184 388.19 388.19 388.7568 377.73 377.73 377.73 386.05 387.03 387.03 387.03 384.3143 384.34 384.34 385.485 363.21 363.21 363.21 384.7944 384.59 384.59 493.0006 505.77 505.77 505.77 623.0004 621.89
265.84 270.8575 270.81 270.81 283.0843 284.53 284.53 284.53 284.3382 284.34 284.34 257.6891 254.55 254.55 254.55 262.1812 263.08 263.08 261.7649 287.35 287.35 287.35 319.1007 318.8 318.8 317.092 350.32 350.32 350.32 369.007 368.83 368.83 368.1868 380.7 380.7 380.7 382.5172 382.5 382.5 382.5 395.3214 395.2 395.2 389.0629 388.34 388.34 388.34 378.85 378.85 378.85 396.6978 398.8 398.8 397.6295 420.4 420.4 420.4 417.9845 417.7 417.7 419.11 391.68 391.68 391.68 392.5887 374.91 374.91 374.91 378.7261 378.69 378.69 419.5565 424.37 424.37 424.37 492.0612 491.42
265.84 270.8575 270.81 270.81 283.0843 284.53 284.53 284.53 284.3382 284.34 284.34 257.6891 254.55 254.55 254.55 263.1616 263.08 263.08 261.7649 287.35 287.35 287.35 319.1007 318.8 318.8 317.092 350.32 350.32 350.32 369.007 368.83 368.83 368.1868 380.7 380.7 380.7 382.5172 382.5 382.5 381.8118 395.2 395.2 395.2 389.0629 388.34 388.34 388.34 378.85 378.85 378.85 396.6978 398.8 398.8 397.6295 420.4 420.4 420.4 417.9845 417.7 417.7 419.11 391.68 391.68 391.68 376.6772 374.91 374.91 374.91 378.7261 378.69 378.69 419.5565 424.37 424.37 424.37 492.0612 491.42
265.84 270.8575 270.81 270.81 283.0843 284.53 284.53 284.53 284.3382 284.34 284.34 257.6891 254.55 254.55 254.55 263.1616 263.08 263.08 261.7649 287.35 287.35 287.35 319.1007 318.8 318.8 317.092 350.32 350.32 350.32 369.007 368.83 368.83 368.1868 380.7 380.7 380.7 382.5172 382.5 382.5 381.8118 395.2 395.2 395.2 389.0629 388.34 388.34 388.34 378.85 378.85 378.85 396.6978 398.8 398.8 397.6295 420.4 420.4 420.4 417.9845 417.7 417.7 419.11 391.68 391.68 391.68 376.6772 374.91 374.91 374.91 378.7261 378.69 378.69 419.5565 424.37 424.37 424.37 492.0612 491.42
259.52 269.7772 269.68 269.68 266.7993 266.46 266.46 266.46 263.8856 263.91 263.91 276.3274 277.79 277.79 277.79 308.1678 307.88 307.88 305.6882 305.43 305.43 305.43 319.6951 319.56 319.56 318.3803 341.33 341.33 341.33 340.593 369.0999 368.83 368.1868 380.7 380.7 380.7 382.5172 382.5 382.5 381.8118 395.2 395.2 395.2 388.2744 388.34 388.34 388.34 378.85 378.85 378.85 396.6978 398.8 398.8 397.6295 420.4 420.4 420.4 417.9845 417.7 417.7 419.11 391.68 391.68 391.68 376.6772 374.91 374.91 374.7052 378.69 378.69 378.69 419.5565 424.37 424.37 424.37 492.0612 491.42
258.9695 269.68 269.68 269.68 266.7993 266.46 266.46 266.46 263.8856 263.91 263.91 276.3274 277.79 277.79 277.79 308.1678 307.88 307.88 305.6882 305.43 305.43 305.43 319.56 319.56 319.56 318.3803 341.33 341.33 341.33 340.593 340.6 340.6 339.6994 357.22 357.22 357.22 369.8294 369.71 369.71 369.8487 367.15 367.15 367.15 360.2446 360.31 360.31 360.1642 363 363 363 380.4452 382.5 382.5 380.7915 414.03 414.03 414.03 436.995 439.7 420.0182 419.11 391.68 391.68 391.68 376.6772 374.91 374.91 374.7052 378.69 378.69 378.69 424.8068 424.37 424.37 424.37 492.0612 491.42
258.9695 269.68 269.68 269.68 266.7993 266.46 266.46 266.46 263.8856 263.91 263.91 276.3274 277.79 277.79 277.79 308.1678 307.88 307.88 305.6882 305.43 305.43 305.43 319.56 319.56 319.56 339.036 341.33 341.33 341.33 340.593 340.6 340.6 339.6994 357.22 357.22 357.22 369.8294 369.71 369.71 369.8487 367.15 367.15 367.15 360.2446 360.31 360.31 360.1642 363 363 363 380.4452 382.5 382.5 380.7915 414.03 414.03 414.03 436.995 439.7 439.7 440.1904 430.65 430.65 430.65 405.9405 403.03 403.03 404.0027 385.08 385.08 385.08 383.7171 383.73 383.73 383.73 412.129 411.86
258.9695 269.68 269.68 269.68 266.4292 266.46 266.46 266.46 263.8856 263.91 263.91 276.3274 277.79 277.79 277.79 308.1678 307.88 307.88 305.6882 305.43 305.43 305.43 319.56 319.56 319.56 339.036 341.33 341.33 341.33 340.593 340.6 340.6 339.6994 357.22 357.22 357.22 369.8294 369.71 369.71 369.8487 367.15 367.15 367.15 360.2446 360.31 360.31 360.1642 363 363 363 382.6865 382.5 382.5 380.7915 414.03 414.03 414.03 436.995 439.7 439.7 440.1904 430.65 430.65 430.65 405.9405 403.03 403.03 404.0027 385.08 385.08 385.08 383.7171 383.73 383.73 382.2057 411.86 411.86
253.0224 259.59 259.59 259.59 273.0071 272.88 273.2279 266.5982 263.91 263.91 263.91 276.3274 277.79 277.79 277.79 308.1678 307.88 307.88 305.6882 305.43 305.43 305.43 319.56 319.56 319.56 339.036 341.33 341.33 341.3695 340.6 340.6 340.6 339.6994 357.22 357.22 357.22 369.8294 369.71 369.71 369.8487 367.15 367.15 367.15 360.2446 360.31 360.31 360.1642 363 363 363 382.6865 382.5 382.5 410.7075 414.03 414.03 414.03 436.995 439.7 439.7 440.1904 430.65 430.65 430.65 405.9405 403.03 403.03 404.0027 385.08 385.08 385.08 383.7171 383.73 383.73 382.2057 411.86 411.86
253.0224 259.59 259.59 259.59 273.0071 272.88 272.88 270.9309 308.85 308.85 308.85 320.8469 322.26 322.26 322.26 290.6001 290.9 290.9 283.0541 282.13 282.13 282.13 293.85 293.85 293.85 309.9443 311.84 311.84 311.5723 316.78 316.78 316.78 339.6735 341.5653 357.22 357.22 369.8294 369.71 369.71 369.8487 367.15 367.15 367.15 360.2446 360.31 360.31 360.1642 363 363 363 382.6865 382.5 382.5 410.7075 414.03 414.03 414.03 436.995 439.7 439.7 440.1904 430.65 430.65 430.65 405.9405 403.03 403.03 404.0027 385.08 385.08 385.08 383.7171 383.73 383.73 382.2057 411.86 411.86
253.0224 259.59 259.59 259.59 273.0071 272.88 272.88 270.9309 308.85 308.85 308.85 322.3882 322.26 322.26 322.26 290.6001 290.9 290.9 283.0541 282.13 282.13 282.13 293.85 293.85 293.85 309.9443 311.84 311.84 311.5723 316.78 316.78 316.78 339.6735 342.37 342.37 341.2283 363.44 363.44 363.44 364.3563 346.53 346.53 346.53 347.055 347.05 347.05 346.3152 360.61 360.61 360.61 376.975 376.82 376.82 402.0305 405 405 405 433.1365 432.87 432.87 432.8743 432.79 432.79 432.79 413.1798 410.87 410.87 412.7557 376.07 376.07 376.07 367.7209 367.8 367.8 380.5271 411.86 411.86
253.0224 259.59 259.59 259.59 273.0071 272.88 272.88 270.9309 308.85 308.85 308.85 322.3882 322.26 322.26 323.9593 290.9 290.9 290.9 283.0541 282.13 282.13 282.13 293.85 293.85 293.85 309.9443 311.84 311.84 311.5723 316.78 316.78 316.78 339.6735 342.37 342.37 341.2283 363.44 363.44 363.44 364.3563 346.53 346.53 346.53 347.055 347.05 347.05 346.3152 360.61 360.61 360.61 376.975 376.82 376.82 402.0305 405 405 405 433.1365 432.87 432.87 432.7984 432.79 432.79 432.79 413.1798 410.87 410.87 412.7557 376.07 376.07 376.07 367.7209 367.8 367.8 367.3416 376.26 376.26
253.0224 259.59 259.59 259.59 273.0071 272.88 272.88 270.9309 308.85 308.85 308.85 322.3882 322.26 322.26 323.9593 290.9 290.9 290.9 282.0461 282.13 282.13 282.13 293.85 293.85 293.85 309.9443 311.84 311.84 311.5723 316.78 316.78 316.78 339.6735 342.37 342.37 341.2283 363.44 363.44 363.44 348.3119 346.53 346.53 346.53 347.055 347.05 347.05 346.3152 360.61 360.61 360.61 376.975 376.82 376.82 402.0305 405 405 405 433.1365 432.87 432.87 432.7984 432.79 432.79 432.79 413.1798 410.87 410.87 412.7557 376.07 376.07 376.07 367.7209 367.8 367.8 367.3416 376.26 376.26
253.0535 255.32 255.32 255.32 270.9278 270.78 270.78 269.5472 293.53 293.53 293.53 300.8897 300.82 300.82 302.127 276.7 276.7 276.7 281.9233 282.13 282.13 282.13 293.85 293.85 293.85 309.9443 311.84 311.84 311.5723 316.78 316.78 316.78 339.6735 342.37 342.37 341.2283 363.44 363.44 363.44 348.3119 346.53 346.53 346.53 347.055 347.05 347.05 346.3152 360.61 360.61 360.61 376.975 376.82 376.82 402.0305 405 405 405 433.1365 432.87 432.87 432.7984 432.79 432.79 432.79 410.6604 410.87 410.87 412.7557 376.07 376.07 376.07 367.7209 367.8 367.8 367.3416 376.26 376.26
255.0934 255.32 255.32 255.32 270.9278 270.78 270.78 269.5472 293.53 293.53 293.53 300.8897 300.82 300.82 302.127 276.7 276.7 276.7 279.9104 279.88 279.88 278.8694 298.53 298.53 298.53 291.382 290.54 290.54 289.136 316.45 316.45 316.45 350.741 354.78 354.78 353.9477 370.14 370.14 370.14 351.6392 349.46 349.46 348.8677 360.39 360.39 360.39 360.3781 360.61 360.61 360.61 376.975 376.82 376.82 402.0305 405 405 405 433.1365 432.87 432.87 432.7984 432.79 432.79 432.79 410.6604 410.87 410.87 412.7557 376.07 376.07 376.07 367.7209 367.8 367.8 367.3416 376.26 376.26
255.0934 255.32 255.32 255.32 270.78 270.78 270.78 269.5472 293.53 293.53 293.53 300.8897 300.82 300.82 302.127 276.7 276.7 276.7 279.9104 279.88 279.88 278.8694 298.53 298.53 298.53 290.4636 290.54 290.54 289.136 316.45 316.45 316.45 350.741 354.78 354.78 353.9477 370.14 370.14 370.14 351.6392 349.46 349.46 348.8677 360.39 360.39 360.39 371.1792 372.45 372.45 372.45 385.7358 385.61 385.61 394.3863 395.42 395.42 395.42 412.8148 412.65 412.65 428.3864 430.24 430.24 430.24 387.3841 387.79 387.79 353.1591 349.08 349.08 349.08 340.9631 341.04 341.04 339.3412 372.39 372.39
255.0934 255.32 255.32 255.32 270.78 270.78 270.78 269.5472 293.53 293.53 293.53 300.8897 300.82 300.82 302.127 276.7 276.7 276.7 279.9104 279.88 279.88 278.8694 298.53 298.53 298.53 290.4636 290.54 290.54 289.136 316.45 316.45 316.45 350.741 354.78 354.78 353.9477 370.14 370.14 370.14 351.6392 349.46 349.46 348.8677 360.39 360.39 360.39 371.1792 372.45 372.45 372.45 385.7358 385.61 385.61 394.3863 395.42 395.42 395.42 412.8148 412.65 412.65 428.3864 430.24 430.24 430.24 387.3841 387.79 387.79 353.1591 349.08 349.08 349.08 341.04 341.04 341.04 339.3412 372.39 372.39
273.9058 272.42 272.42 272.42 270.7677 270.78 270.78 291.1327 293.53 293.53 293.53 300.8897 300.82 300.82 302.127 276.7 276.7 276.7 279.9104 279.88 279.88 278.8694 298.53 298.53 298.53 290.4636 290.54 290.54 313.7198 316.45 316.45 316.45 350.741 354.78 354.78 353.9477 370.14 370.14 370.14 351.6392 349.46 349.46 348.8677 360.39 360.39 360.39 371.1792 372.45 372.45 371.7369 385.61 385.61 385.61 394.3863 395.42 395.42 395.42 412.8148 412.65 412.65 428.3864 430.24 430.24 430.24 387.3841 387.79 387.79 353.1591 349.08 349.08 349.08 341.04 341.04 341.04 339.3412 372.39 372.39
273.9058 272.42 272.42 272.42 272.07 272.07 272.07 266.0134 265.3 265.3 265.4777 262.02 262.02 262.02 261.9008 264.22 264.22 264.22 261.3528 261.38 261.38 261.1427 265.76 265.76 265.76 274.3918 274.31 274.31 292.4888 294.63 293.4476 316.45 355.1465 354.78 354.78 353.9477 370.14 370.14 370.14 351.6392 349.46 349.46 348.8677 360.39 360.39 360.39 371.1792 372.45 372.45 371.7369 385.61 385.61 385.61 395.5138 395.42 395.42 395.42 412.8148 412.65 412.65 428.3864 430.24 430.24 430.24 387.3841 387.79 387.79 353.1591 349.08 349.08 349.08 341.04 341.04 341.04 369.0865 372.39 372.39
273.9058 272.42 272.42 272.42 272.07 272.07 272.07 266.0134 265.3 265.3 265.4777 262.02 262.02 262.02 261.9008 264.22 264.22 264.22 261.3528 261.38 261.38 261.1427 265.76 265.76 265.76 274.3918 274.31 274.31 292.4888 294.63 294.63 294.63 303.2315 303.15 303.15 302.2266 320.19 320.19 320.19 319.4206 319.33 319.33 318.5334 334.03 334.03 334.03 343.0031 344.06 344.06 343.4282 355.72 355.72 355.72 378.9601 378.74 378.74 378.74 396.7405 396.57 396.57 426.692 430.24 430.24 430.24 387.3841 387.79 387.79 353.1591 349.08 349.08 349.08 341.04 341.04 341.04 369.0865 372.39 372.39
273.9058 272.42 272.42 272.42 272.07 272.07 272.07 266.0134 265.3 265.3 265.4777 262.02 262.02 262.02 263.9882 264.22 264.22 264.22 261.3528 261.38 261.38 261.1427 265.76 265.76 265.76 274.3918 274.31 274.31 292.4888 294.63 294.63 294.63 303.2315 303.15 303.15 318.3944 320.19 320.19 320.19 319.4206 319.33 319.33 318.5334 334.03 334.03 334.03 343.0031 344.06 344.06 343.4282 355.72 355.72 355.72 378.9601 378.74 378.74 377.7738 396.57 396.57 396.57 376.4678 374.1 374.1 374.1 346.1149 346.38 346.38 331.0998 329.3 329.3 329.3 339.25 339.25 339.25 355.6127 357.54 357.54
273.9058 272.42 272.42 272.42 272.07 272.07 272.07 266.0134 265.3 265.3 265.4777 262.02 262.02 262.02 263.9882 264.22 264.22 264.3739 261.38 261.38 261.38 261.1427 265.76 265.76 265.76 274.3918 274.31 274.31 292.4888 294.63 294.63 294.63 303.2315 303.15 303.15 318.3944 320.19 320.19 320.19 319.4206 319.33 319.33 318.5334 334.03 334.03 334.03 343.0031 344.06 344.06 343.4282 355.72 355.72 355.72 378.9601 378.74 378.74 377.7738 396.57 396.57 396.57 376.4678 374.1 374.1 374.1 346.1149 346.38 346.38 331.0998 329.3 329.3 329.3 339.25 339.25 339.25 355.6127 357.54 357.54
279.5888 280.25 280.25 280.25 264.53 264.53 264.53 271.9375 272.81 272.81 272.047 286.89 286.89 286.89 287.6504 287.74 264.22 264.3739 261.38 261.38 261.38 261.1427 265.76 265.76 265.76 274.3918 274.31 274.31 292.4888 294.63 294.63 294.63 303.2315 303.15 303.15 318.3944 320.19 320.19 320.19 319.3218 319.33 319.33 318.5334 334.03 334.03 334.03 343.0031 344.06 344.06 343.4282 355.72 355.72 355.72 378.9601 378.74 378.74 377.7738 396.57 396.57 396.57 373.8851 374.1 374.1 374.1 346.1149 346.38 346.38 331.0998 329.3 329.3 329.3 339.25 339.25 339.25 355.6127 357.54 357.54
279.5888 280.25 280.25 280.25 264.53 264.53 264.53 271.9375 272.81 272.81 272.047 286.89 286.89 286.89 287.6504 287.74 287.74 287.954 283.79 283.79 283.79 273.0187 271.75 271.75 271.75 271.1948 271.2 271.2 282.4276 283.75 283.75 283.75 300.9126 300.75 300.75 314.8582 316.52 316.52 316.52 338.4881 338.28 338.28 340.3466 340.9455 334.03 334.03 343.0031 344.06 344.06 343.4282 355.72 355.72 355.72 378.9601 378.74 378.74 377.7738 396.57 396.57 396.57 373.8851 374.1 374.1 374.1 346.1149 346.38 346.38 331.0998 329.3 329.3 329.3 339.25 339.25 339.25 355.6127 357.54 357.54
279.5888 280.25 280.25 281.1018 264.53 264.53 264.53 271.9375 272.81 272.81 272.047 286.89 286.89 286.89 287.6504 287.74 287.74 287.954 283.79 283.79 283.79 273.0187 271.75 271.75 271.7798 271.2 271.2 271.2 282.4276 283.75 283.75 283.75 300.9126 300.75 300.75 314.8582 316.52 316.52 316.52 338.4881 338.28 338.28 340.3466 340.59 340.59 340.59 336.752 336.3 336.3 335.6037 349.15 349.15 349.15 372.481 372.26 372.26 373.3535 352.08 352.08 352.08 331.6566 331.85 331.85 332.4336 321.08 321.08 321.08 322.3593 322.51 322.51 322.51 335.76 335.76 335.76 351.6843 357.5781 357.54
279.5888 280.25 280.25 281.1018 264.53 264.53 264.53 272.8892 272.81 272.81 272.047 286.89 286.89 286.89 287.6504 287.74 287.74 287.954 283.79 283.79 283.79 273.0187 271.75 271.75 271.7798 271.2 271.2 271.2 282.4276 283.75 283.75 283.75 300.9126 300.75 300.75 314.8582 316.52 316.52 316.52 338.4881 338.28 338.28 340.3466 340.59 340.59 340.59 336.259 336.3 336.3 335.6037 349.15 349.15 349.15 372.481 372.26 372.26 373.3535 352.08 352.08 352.08 331.6566 331.85 331.85 332.4336 321.08 321.08 321.08 322.3593 322.51 322.51 322.51 335.76 335.76 335.76 351.6843 353.56 353.56
279.5888 280.25 280.25 281.1018 264.53 264.53 264.53 272.8892 272.81 272.81 272.047 286.89 286.89 286.89 287.6504 287.74 287.74 287.954 283.79 283.79 283.79 273.0187 271.75 271.75 271.7798 271.2 271.2 271.2 283.87 283.75 283.75 283.75 300.9126 300.75 300.75 314.8582 316.52 316.52 316.52 338.4881 338.28 338.28 340.3466 340.59 340.59 340.59 336.259 336.3 336.3 335.6037 349.15 349.15 349.15 372.481 372.26 372.26 373.3535 352.08 352.08 352.08 331.6566 331.85 331.85 332.4336 321.08 321.08 321.08 322.5237 322.51 322.51 322.51 335.76 335.76 335.76 351.6843 353.56 353.56
313.8183 313.76 313.76 314.7641 295.23 295.23 295.23 302.519 302.45 302.45 315.9409 317.53 317.53 317.53 315.5081 315.27 315.27 315.5718 309.7 283.5422 283.79 273.0187 271.75 271.75 271.7798 271.2 271.2 271.2 283.87 283.75 283.75 283.75 300.9126 300.75 300.75 314.8582 316.52 316.52 316.52 338.4881 338.28 338.28 340.3466 340.59 340.59 340.59 336.259 336.3 336.3 347.7959 349.15 349.15 349.15 372.481 372.26 372.26 373.3535 352.08 352.08 352.08 331.6566 331.85 331.85 332.4336 321.08 321.08 321.08 322.5237 322.51 322.51 322.51 335.76 335.76 335.76 351.6843 353.56 353.56
313.8183 313.76 313.76 314.7641 295.23 295.23 295.23 302.519 302.45 302.45 315.9409 317.53 317.53 317.53 315.2484 315.27 315.27 315.5718 309.7 309.7 309.7 301.4426 300.47 300.47 294.8383 404.4 404.4 404.4 355.8199 356.28 356.28 359.5329 296.25 296.25 296.25 290.3097 289.61 289.61 289.61 337.0191 336.57 336.57 343.396 344.2 344.2 344.2 332.0247 332.14 332.14 333.2941 333.43 333.43 333.43 345.01 345.01 345.01 345.2343 350.8987 352.08 352.08 331.6566 331.85 331.85 332.4336 321.08 321.08 321.08 322.5237 322.51 322.51 321.792 335.76 335.76 335.76 351.6843 353.56 353.56
313.8183 313.76 313.76 314.7641 295.23 295.23 295.23 302.519 302.45 302.45 315.9409 317.53 317.53 317.53 315.2484 315.27 315.27 315.5718 309.7 309.7 309.7 301.4426 300.47 300.47 294.8383 404.4 404.4 404.4 355.8199 356.28 356.28 359.5329 296.25 296.25 296.25 289.5465 289.61 289.61 289.61 337.0191 336.57 336.57 343.396 344.2 344.2 344.2 332.0247 332.14 332.14 333.2941 333.43 333.43 333.43 345.01 345.01 345.01 345.2343 340.87 340.87 340.87 314.7728 315.02 315.02 313.4957 343.15 343.15 343.15 376.9804 376.66 376.66 374.4167 418.06 418.06 418.06 489.5774 488.9 488.9
313.76 313.76 313.76 314.7641 295.23 295.23 295.23 302.519 302.45 302.45 315.9409 317.53 317.53 317.53 315.2484 315.27 315.27 310.287 309.7 309.7 309.7 301.4426 300.47 300.47 294.8383 404.4 404.4 404.4 355.8199 356.28 356.28 359.5329 296.25 296.25 296.25 289.5465 289.61 289.61 289.61 337.0191 336.57 336.57 343.396 344.2 344.2 344.2 332.0247 332.14 332.14 333.2941 333.43 333.43 333.43 345.01 345.01 345.01 341.3062 340.87 340.87 340.87 314.7728 315.02 315.02 313.4957 343.15 343.15 343.15 376.9804 376.66 376.66 374.4167 418.06 418.06 418.06 489.5774 488.9 488.9
327.81 327.81 327.81 326.3518 357.9436 295.23 295.23 302.519 302.45 302.45 315.9409 317.53 317.53 317.53 315.2484 315.27 315.27 310.287 309.7 309.7 309.7 301.4426 300.47 300.47 294.8383 404.4 404.4 404.4 355.8199 356.28 356.28 359.5329 296.25 296.25 296.25 289.5465 289.61 289.61 287.0653 336.57 336.57 336.57 343.396 344.2 344.2 344.2 332.0247 332.14 332.14 333.2941 333.43 333.43 333.43 345.01 345.01 345.01 341.3062 340.87 340.87 340.87 314.7728 315.02 315.02 313.4957 343.15 343.15 343.15 376.9804 376.66 376.66 374.4167 418.06 418.06 418.06 489.5774 488.9 488.9
327.81 327.81 327.81 351.8844 354.72 354.72 354.72 355.1339 355.13 355.13 351.2652 350.81 350.81 350.81 339.1798 339.29 339.29 327.1857 325.76 325.76 325.76 347.7685 347.56 347.56 344.8631 397.33 397.33 397.33 366.3162 366.61 366.61 360.6214 296.25 296.25 296.25 289.5465 289.61 289.61 287.0653 336.57 336.57 336.57 343.396 344.2 344.2 344.2 332.0247 332.14 332.14 333.2941 333.43 333.43 333.43 345.01 345.01 345.01 341.3062 340.87 340.87 342.2708 315.02 315.02 315.02 313.4957 343.15 343.15 343.15 376.9804 376.66 376.66 374.4167 418.06 418.06 418.06 489.5774 488.9 488.9
327.81 327.81 327.81 351.8844 354.72 354.72 354.72 355.1339 355.13 355.13 351.2652 350.81 350.81 350.81 339.1798 339.29 339.29 327.1857 325.76 325.76 325.76 347.7685 347.56 347.56 344.8631 397.33 397.33 397.33 366.3162 366.61 366.61 368.1988 337.29 337.29 337.29 300.5217 300.87 300.87 301.0201 298.1 298.1 298.1 354.8374 354.3 354.3 354.3 356.7633 356.74 356.74 350.4955 349.76 349.76 349.76 337.93 337.93 337.93 358.8553 361.32 361.32 356.3228 453.54 313.6954 315.02 313.4957 343.15 343.15 343.15 376.9804 376.66 376.66 374.4167 418.06 418.06 418.06 489.5774 488.9 488.9
