Model and model input files/precip_1982.asc
ncols         625
nrows         453
xllcorner     138621.56993419
yllcorner     4094031.9406744
cellsize      1000
NODATA_value  -9999
[rows 102 to 135 of 453, columns 77 to 153 of 625]
380.93 380.93 396.3662 355.8173 356.2 362.5787 363.33 363.33 363.33 367.6868 368.2 368.2 368.0456 371.05 371.05 371.05 410.958 410.58 410.58 407.604 465.5 465.5 465.5 505.8565 510.61 510.61 510.61 455.1749 455.7 455.7 470.8013 472.58 472.58 472.58 547.1866 546.48 546.48 545.031 573.22 573.22 573.22 570.8173 570.84 570.84 569.028 604.28 604.28 604.28 591.7009 591.82 591.82 591.82 725.9101 724.64 724.64 796.559 805.03 805.03 805.03 809.38 809.38 809.38 903.6377 914.74 914.74 914.74 1203.616 1200.88 1200.88 1204.487 1134.32 1134.32 1134.32 842.9502 845.71 845.71 839.2774
380.93 380.93 396.3662 396.22 396.22 368.1825 364.88 364.88 364.88 353.3394 351.98 351.98 351.6137 358.74 358.74 358.74 404.4833 404.05 404.05 402.5994 430.82 430.82 430.82 429.8717 429.76 429.76 429.76 416.7669 416.89 414.787 470.8013 472.58 472.58 472.58 547.1866 546.48 546.48 545.031 573.22 573.22 573.22 570.8173 570.84 570.84 569.028 604.28 604.28 604.28 591.7009 591.82 591.82 591.82 725.9101 724.64 724.64 796.559 805.03 805.03 805.03 809.38 809.38 809.38 903.6377 914.74 914.74 899.2348 1200.88 1200.88 1200.88 1204.487 1134.32 1134.32 1134.32 842.9502 845.71 845.71 839.2774
380.93 380.93 396.3662 396.22 396.22 368.1825 364.88 364.88 364.88 351.8567 351.98 351.98 351.6137 358.74 358.74 358.74 404.4833 404.05 404.05 402.5994 430.82 430.82 430.82 429.7499 429.76 429.76 429.76 416.7669 416.89 416.89 449.3022 453.12 453.12 453.12 514.4711 513.89 513.89 496.6595 494.63 494.63 494.63 521.6964 521.44 521.44 518.9728 566.97 566.97 566.97 568.1411 568.13 568.13 565.1253 623.58 623.58 623.58 810.1093 832.08 832.08 832.08 829.2408 809.38 809.38 903.6377 914.74 914.74 899.2348 1200.88 1200.88 1200.88 1204.487 1134.32 1134.32 1134.32 842.9502 845.71 845.71 839.2774
380.93 380.93 396.3662 396.22 396.22 368.1825 364.88 364.88 364.88 351.8567 351.98 351.98 351.6137 358.74 358.74 358.74 404.4833 404.05 404.05 402.5994 430.82 430.82 430.82 429.7499 429.76 429.76 429.76 416.7669 416.89 416.89 449.3022 453.12 453.12 453.12 514.4711 513.89 513.89 496.6595 494.63 494.63 494.63 521.6964 521.44 521.44 518.9728 566.97 566.97 566.97 568.1411 568.13 568.13 565.1253 623.58 623.58 623.58 810.1093 832.08 832.08 832.08 828.22 828.22 828.22 859.2277 862.88 862.88 859.2641 929.61 929.61 929.61 930.2391 918 918 918 856.2047 856.79 856.79 850.3601
380.93 380.93 396.3662 396.22 396.22 368.1825 364.88 364.88 364.88 351.8567 351.98 351.98 358.0276 358.74 358.74 358.74 404.4833 404.05 404.05 402.5994 430.82 430.82 430.82 429.7499 429.76 429.76 430.4574 416.89 416.89 416.89 449.3022 453.12 453.12 453.12 514.4711 513.89 513.89 496.6595 494.63 494.63 494.63 521.44 521.44 521.44 518.9728 566.97 566.97 566.97 568.1411 568.13 568.13 565.1253 623.58 623.58 623.58 834.0738 832.08 832.08 832.08 828.22 828.22 828.22 859.2277 862.88 862.88 859.2641 929.61 929.61 929.61 919.2234 918 918 918 856.2047 856.79 856.79 850.3601
375.66 375.66 378.9512 378.92 378.92 365.4738 363.89 363.89 363.89 405.8777 405.48 405.48 389.0905 387.16 387.16 358.4682 404.4833 404.05 404.05 402.5994 430.82 430.82 430.82 429.7499 429.76 429.76 430.4574 416.89 416.89 416.89 449.3022 453.12 453.12 453.12 514.4711 513.89 513.89 496.6595 494.63 494.63 494.63 521.44 521.44 521.44 518.9728 566.97 566.97 566.97 568.1411 568.13 568.13 565.1253 623.58 623.58 623.58 834.0738 832.08 832.08 832.08 828.22 828.22 828.22 859.2277 862.88 862.88 859.2641 929.61 929.61 929.61 919.2234 918 918 918 856.2047 856.79 856.79 850.3601
375.66 375.4833 378.92 378.92 378.92 365.4738 363.89 363.89 363.89 405.8777 405.48 405.48 389.0905 387.16 387.16 387.16 371.0979 371.25 371.25 369.0132 412.53 412.53 412.53 392.0763 392.27 392.27 391.8029 400.89 400.89 400.89 434.68 438.66 438.66 438.66 411.5936 411.85 411.85 398.6722 397.12 397.12 397.12 417.24 417.24 522.4364 518.9728 566.97 566.97 566.97 568.1411 568.13 568.13 565.1253 623.58 623.58 623.58 834.0738 832.08 832.08 832.08 828.22 828.22 828.22 859.2277 862.88 862.88 859.2641 929.61 929.61 929.61 919.2234 918 918 918 856.2047 856.79 856.79 850.3601
375.66 375.4833 378.92 378.92 378.92 365.4738 363.89 363.89 363.89 405.8777 405.48 405.48 389.0905 387.16 387.16 387.16 371.25 371.25 371.25 369.0132 412.53 412.53 412.53 392.0763 392.27 392.27 391.8029 400.89 400.89 400.89 439.0212 438.66 438.66 438.66 411.5936 411.85 411.85 398.6722 397.12 397.12 397.12 417.24 417.24 417.24 436.8412 439.15 439.15 439.15 470.4262 470.13 470.13 467.7154 514.69 514.69 514.69 616.6962 615.73 615.73 610.8645 705.52 705.52 705.52 756.7015 762.73 762.73 765.8046 705.99 705.99 705.99 709.8101 710.26 710.26 708.3851 744.86 744.86 857.8603 850.3601
375.66 375.4833 378.92 378.92 378.92 365.4738 363.89 363.89 363.89 405.8777 405.48 405.48 389.0905 387.16 387.16 387.16 371.25 371.25 371.25 369.0132 412.53 412.53 412.53 392.0763 392.27 392.27 391.8029 400.89 400.89 400.89 439.0212 438.66 438.66 438.66 411.5936 411.85 411.85 398.6722 397.12 397.12 397.12 417.24 417.24 417.24 436.8412 439.15 439.15 439.15 470.4262 470.13 470.13 467.7154 514.69 514.69 514.69 616.6962 615.73 615.73 610.8645 705.52 705.52 705.52 756.7015 762.73 762.73 765.8046 705.99 705.99 705.99 709.8101 710.26 710.26 708.3851 744.86 744.86 744.86 734.0653
375.66 375.4833 378.92 378.92 378.92 363.7463 363.89 363.89 363.89 405.8777 405.48 405.48 389.0905 387.16 387.16 387.16 371.25 371.25 371.25 408.1801 412.53 412.53 412.53 392.0763 392.27 392.27 391.8029 400.89 400.89 400.89 439.0212 438.66 438.66 440.1128 411.85 411.85 411.85 398.6722 397.12 397.12 397.12 417.24 417.24 417.24 436.8412 439.15 439.15 437.4713 470.13 470.13 470.13 467.7154 514.69 514.69 514.69 616.6962 615.73 615.73 610.8645 705.52 705.52 705.52 756.7015 762.73 762.73 765.8046 705.99 705.99 705.99 709.8101 710.26 710.26 708.3851 744.86 744.86 744.86 734.0653
380.86 380.6795 384.19 384.19 384.19 354.7209 355 355 355 368.1344 368.01 368.01 402.0952 406.11 406.11 406.11 407.24 407.24 407.24 423.5669 425.49 425.49 425.49 467.7099 467.31 467.31 470.0269 402.6055 400.89 400.89 439.0212 438.66 438.66 440.1128 411.85 411.85 411.85 398.6722 397.12 397.12 397.12 417.24 417.24 417.24 436.8412 439.15 439.15 437.4713 470.13 470.13 470.13 467.7154 514.69 514.69 514.69 616.6962 615.73 615.73 610.8645 705.52 705.52 705.52 763.277 762.73 762.73 765.8046 705.99 705.99 705.99 709.8101 710.26 710.26 708.3851 744.86 744.86 744.86 923.0782
380.86 380.6795 384.19 384.19 384.19 354.7209 355 355 354.295 368.01 368.01 368.01 402.0952 406.11 406.11 406.11 407.24 407.24 407.24 423.5669 425.49 425.49 423.2239 467.31 467.31 467.31 470.0269 417.17 417.17 417.17 444.1253 443.87 443.87 445.1808 419.68 419.68 419.68 440.9542 443.46 443.46 443.46 432.78 432.78 432.78 456.4518 459.24 459.24 456.0668 517.8 517.8 517.8 515.1112 567.42 567.42 567.42 596.2329 595.96 615.919 610.8645 705.52 705.52 705.52 763.277 762.73 762.73 765.8046 705.99 705.99 705.99 709.8101 710.26 710.26 708.3851 744.86 744.86 744.86 923.0782
380.86 380.6795 384.19 384.19 384.19 354.7209 355 355 354.295 368.01 368.01 368.01 402.0952 406.11 406.11 406.11 407.24 407.24 407.24 423.5669 425.49 425.49 423.2239 467.31 467.31 467.31 470.0269 417.17 417.17 417.17 444.1253 443.87 443.87 445.1808 419.68 419.68 419.68 443.6874 443.46 443.46 443.46 432.78 432.78 432.78 456.4518 459.24 459.24 456.0668 517.8 517.8 517.8 562.1913 567.42 567.42 567.42 596.2329 595.96 595.96 595.4279 605.78 605.78 605.78 646.3038 645.92 645.92 788.1117 804.86 804.86 804.86 881.3594 890.37 890.37 891.897 862.19 862.19 862.19 883.2943
380.86 380.6795 384.19 384.19 384.19 354.7209 355 355 354.295 368.01 368.01 368.01 406.4743 406.11 406.11 406.11 407.24 407.24 407.24 423.5669 425.49 425.49 423.2239 467.31 467.31 467.31 470.0269 417.17 417.17 417.17 444.1253 443.87 443.87 445.1808 419.68 419.68 419.68 443.6874 443.46 443.46 443.46 432.78 432.78 432.78 456.4518 459.24 459.24 456.0668 517.8 517.8 517.8 562.1913 567.42 567.42 567.42 596.2329 595.96 595.96 595.4279 605.78 605.78 605.78 646.3038 645.92 645.92 788.1117 804.86 804.86 804.86 881.3594 890.37 890.37 891.897 862.19 862.19 862.19 883.2943
388.03 388.4922 379.5 379.2458 384.19 354.7209 355 355 354.295 368.01 368.01 368.01 406.4743 406.11 406.11 406.11 407.24 407.24 407.24 423.5669 425.49 425.49 423.2239 467.31 467.31 467.31 422.4535 417.17 417.17 417.17 444.1253 443.87 443.87 445.1808 419.68 419.68 419.68 443.6874 443.46 443.46 444.0387 432.78 432.78 432.78 456.4518 459.24 459.24 456.0668 517.8 517.8 517.8 562.1913 567.42 567.42 567.42 596.2329 595.96 595.96 595.4279 605.78 605.78 605.78 646.3038 645.92 645.92 788.1117 804.86 804.86 804.86 881.3594 890.37 890.37 891.897 862.19 862.19 862.19 883.2943
388.03 380.3988 379.5 379.5 379.5 378.6015 378.61 378.61 376.6267 415.21 415.21 415.21 439.076 438.85 438.85 438.85 451.12 451.12 451.12 489.8483 494.41 494.41 491.2736 552.29 552.29 552.29 512.4881 507.8 507.8 507.8 448.1504 443.87 443.87 445.1808 419.68 419.68 419.68 443.6874 443.46 443.46 444.0387 432.78 432.78 432.78 456.4518 459.24 459.24 456.0668 517.8 517.8 517.8 562.1913 567.42 567.42 565.8735 595.96 595.96 595.96 595.4279 605.78 605.78 605.78 646.3038 645.92 645.92 788.1117 804.86 804.86 804.86 891.1877 890.37 890.37 891.897 862.19 862.19 862.19 883.2943
388.03 380.3988 379.5 379.5 379.5 378.6015 378.61 378.61 376.6267 415.21 415.21 415.21 439.076 438.85 438.85 438.1851 451.12 451.12 451.12 489.8483 494.41 494.41 491.2736 552.29 552.29 552.29 512.4881 507.8 507.8 508.958 486.43 486.43 486.43 485.156 509.94 509.94 509.94 572.7953 572.2 572.2 573.3135 551.65 551.65 551.65 527.7098 524.89 524.89 522.8385 562.75 562.75 562.75 562.75 562.75 562.75 562.7852 562.1 562.1 562.1 560.1302 598.45 598.45 598.45 648.1104 647.64 647.64 885.655 913.69 913.69 913.69 1197.327 1194.64 1211.128 891.897 862.19 862.19 862.19 883.2943
388.03 380.3988 379.5 379.5 379.5482 378.61 378.61 378.61 376.6267 415.21 415.21 415.21 439.076 438.85 438.85 438.1851 451.12 451.12 451.12 489.8483 494.41 494.41 491.2736 552.29 552.29 552.29 512.4881 507.8 507.8 508.958 486.43 486.43 486.43 485.156 509.94 509.94 509.94 572.7953 572.2 572.2 573.3135 551.65 551.65 551.65 524.6341 524.89 524.89 522.8385 562.75 562.75 562.75 562.75 562.75 562.75 562.7852 562.1 562.1 562.1 594.6196 598.45 598.45 598.45 648.1104 647.64 647.64 885.655 913.69 913.69 913.69 1197.327 1194.64 1194.64 1194.161 1203.47 1203.47 1203.47 1150.535
388.03 380.3988 379.5 379.5 379.5482 378.61 378.61 378.61 376.6267 415.21 415.21 415.21 439.076 438.85 438.85 438.1851 451.12 451.12 451.12 494.824 494.41 494.41 491.2736 552.29 552.29 552.29 512.4881 507.8 507.8 508.958 486.43 486.43 486.43 485.156 509.94 509.94 509.94 572.7953 572.2 572.2 573.3135 551.65 551.65 551.65 524.6341 524.89 524.89 522.8385 562.75 562.75 562.75 562.75 562.75 562.75 562.7852 562.1 562.1 562.1 594.6196 598.45 598.45 598.45 648.1104 647.64 647.64 885.655 913.69 913.69 913.69 1197.327 1194.64 1194.64 1202.54 1203.47 1203.47 1203.47 1150.535
392.73 386.235 385.47 385.47 383.6135 419.73 419.73 419.73 418.0068 451.53 451.53 451.53 470.742 470.56 470.56 441.5266 451.12 451.12 451.12 494.824 494.41 494.41 491.2736 552.29 552.29 552.29 512.4881 507.8 507.8 508.958 486.43 486.43 486.43 507.4626 509.94 509.94 509.94 572.7953 572.2 572.2 573.3135 551.65 551.65 551.65 524.6341 524.89 524.89 522.8385 562.75 562.75 562.75 562.75 562.75 562.75 562.7852 562.1 562.1 562.1 594.6196 598.45 598.45 598.45 648.1104 647.64 647.64 885.655 913.69 913.69 913.69 1197.327 1194.64 1194.64 1202.54 1203.47 1203.47 1203.47 1150.535
392.73 386.235 385.47 385.47 383.6135 419.73 419.73 419.73 448.1791 451.53 451.53 451.53 470.742 470.56 470.56 470.2717 475.88 475.88 475.88 505.4602 505.18 505.18 502.7925 549.24 549.24 549.24 554.0441 554.61 554.61 557.0267 510.01 510.01 510.01 516.1561 516.88 516.88 516.88 588.0138 587.34 587.34 587.2999 588.08 588.08 590.0541 524.6341 524.89 524.89 558.7605 562.75 562.75 562.75 562.75 562.75 562.75 562.7852 562.1 562.1 562.1 594.6196 598.45 598.45 595.7845 647.64 647.64 647.64 885.655 913.69 913.69 913.69 1197.327 1194.64 1194.64 1202.54 1203.47 1203.47 1203.47 1150.535
392.73 386.235 385.47 385.47 383.6135 419.73 419.73 419.73 448.1791 451.53 451.53 451.53 470.742 470.56 470.56 470.2717 475.88 475.88 475.88 505.4602 505.18 505.18 544.5972 549.24 549.24 549.24 554.0441 554.61 554.61 557.0267 510.01 510.01 510.01 516.1561 516.88 516.88 513.062 587.34 587.34 587.34 587.2999 588.08 588.08 588.08 554.3808 554.7 554.7 558.6811 559.15 559.15 559.15 603.264 608.46 608.46 608.4584 608.49 608.49 608.49 741.136 756.76 756.76 755.389 782.06 782.06 782.06 709.4701 700.92 700.92 700.92 1197.594 1192.89 1192.89 1375.125 1396.59 1396.59 1396.59 1141.888
392.73 386.235 385.47 385.47 383.6135 419.73 419.73 419.73 448.1791 451.53 451.53 450.4988 470.56 470.56 470.56 470.2717 475.88 475.88 475.88 505.4602 505.18 505.18 544.5972 549.24 549.24 549.24 554.0441 554.61 554.61 557.0267 510.01 510.01 510.01 516.1561 516.88 516.88 513.062 587.34 587.34 587.34 587.2999 588.08 588.08 588.08 554.3808 554.7 554.7 558.6811 559.15 559.15 559.15 608.9315 608.46 608.46 608.4584 608.49 608.49 608.49 741.136 756.76 756.76 755.389 782.06 782.06 782.06 709.4701 700.92 700.92 700.92 1197.594 1192.89 1192.89 1375.125 1396.59 1396.59 1396.59 1473.599
401.78 385.314 385.47 385.47 383.6135 419.73 419.73 419.73 448.1791 451.53 451.53 450.4988 470.56 470.56 470.56 470.2717 475.88 475.88 475.88 505.4602 505.18 505.18 544.5972 549.24 549.24 549.24 554.6613 554.61 554.61 557.0267 510.01 510.01 510.01 516.1561 516.88 516.88 513.062 587.34 587.34 587.34 587.2999 588.08 588.08 588.08 554.3808 554.7 554.7 558.6811 559.15 559.15 559.15 608.9315 608.46 608.46 608.4584 608.49 608.49 608.49 741.136 756.76 756.76 755.389 782.06 782.06 782.06 700.1441 700.92 700.92 700.92 1197.594 1192.89 1192.89 1375.125 1396.59 1396.59 1396.59 1473.599
401.78 397.32 397.32 397.32 397.32 432.31 432.31 432.31 459.6726 463.37 463.37 463.37 480.23 480.23 480.23 501.7343 504.64 504.64 504.64 511.43 511.43 511.43 532.9431 535.85 535.85 535.85 557.22 557.22 554.6355 554.6355 510.1291 510.1291 510.1291 516.2999 517.1337 517.1337 517.1337 587.4727 587.34 587.34 587.9919 588.08 588.08 588.08 554.7 554.7 554.7 558.6203 559.15 559.15 559.15 608.46 608.46 608.46 608.46 608.49 608.49 608.49 739.11 756.76 756.76 756.76 782.06 782.06 782.06 700.92 700.92 700.92 700.92 1192.89 1192.89 1192.89 1372.342 1396.59 1396.59 1396.59 1472.87
-9999 -9999 -9999 -9999 -9999 -9999 -9999 -9999 -9999 -9999 -9999 -9999 -9999 -9999 -9999 -9999 -9999 -9999 -9999 -9999 -9999 -9999 -9999 -9999 -9999 -9999 -9999 -9999 -9999 -9999 -9999 -9999 -9999 -9999 -9999 -9999 -9999 -9999 -9999 -9999 -9999 -9999 -9999 -9999 -9999 -9999 -9999 -9999 -9999 -9999 -9999 -9999 -9999 -9999 -9999 -9999 -9999 -9999 -9999 -9999 -9999 -9999 -9999 -9999 -9999 -9999 -9999 -9999 -9999 -9999 -9999 -9999 -9999 -9999 -9999 -9999 -9999
-9999 -9999 -9999 -9999 -9999 -9999 -9999 -9999 -9999 -9999 -9999 -9999 -9999 -9999 -9999 -9999 -9999 -9999 -9999 -9999 -9999 -9999 -9999 -9999 -9999 -9999 -9999 -9999 -9999 -9999 -9999 -9999 -9999 -9999 -9999 -9999 -9999 -9999 -9999 -9999 -9999 -9999 -9999 -9999 -9999 -9999 -9999 -9999 -9999 -9999 -9999 -9999 -9999 -9999 -9999 -9999 -9999 -9999 -9999 -9999 -9999 -9999 -9999 -9999 -9999 -9999 -9999 -9999 -9999 -9999 -9999 -9999 -9999 -9999 -9999 -9999 -9999
-9999 -9999 -9999 -9999 -9999 -9999 -9999 -9999 -9999 -9999 -9999 -9999 -9999 -9999 -9999 -9999 -9999 -9999 -9999 -9999 -9999 -9999 -9999 -9999 -9999 -9999 -9999 -9999 -9999 -9999 -9999 -9999 -9999 -9999 -9999 -9999 -9999 -9999 -9999 -9999 -9999 -9999 -9999 -9999 -9999 -9999 -9999 -9999 -9999 -9999 -9999 -9999 -9999 -9999 -9999 -9999 -9999 -9999 -9999 -9999 -9999 -9999 -9999 -9999 -9999 -9999 -9999 -9999 -9999 -9999 -9999 -9999 -9999 -9999 -9999 -9999 -9999
-9999 -9999 -9999 -9999 -9999 -9999 -9999 -9999 -9999 -9999 -9999 -9999 -9999 -9999 -9999 -9999 -9999 -9999 -9999 -9999 -9999 -9999 -9999 -9999 -9999 -9999 -9999 -9999 -9999 -9999 -9999 -9999 -9999 -9999 -9999 -9999 -9999 -9999 -9999 -9999 -9999 -9999 -9999 -9999 -9999 -9999 -9999 -9999 -9999 -9999 -9999 -9999 -9999 -9999 -9999 -9999 -9999 -9999 -9999 -9999 -9999 -9999 -9999 -9999 -9999 -9999 -9999 -9999 -9999 -9999 -9999 -9999 -9999 -9999 -9999 -9999 -9999
-9999 -9999 -9999 -9999 -9999 -9999 -9999 -9999 -9999 -9999 -9999 -9999 -9999 -9999 -9999 -9999 -9999 -9999 -9999 -9999 -9999 -9999 -9999 -9999 -9999 -9999 -9999 -9999 -9999 -9999 -9999 -9999 -9999 -9999 -9999 -9999 -9999 -9999 -9999 -9999 -9999 -9999 -9999 -9999 -9999 -9999 -9999 -9999 -9999 -9999 -9999 -9999 -9999 -9999 -9999 -9999 -9999 -9999 -9999 -9999 -9999 -9999 -9999 -9999 -9999 -9999 -9999 -9999 -9999 -9999 -9999 -9999 -9999 -9999 -9999 -9999 -9999
-9999 -9999 -9999 -9999 -9999 -9999 -9999 -9999 -9999 -9999 -9999 -9999 -9999 -9999 -9999 -9999 -9999 -9999 -9999 -9999 -9999 -9999 -9999 -9999 -9999 -9999 -9999 -9999 -9999 -9999 -9999 -9999 -9999 -9999 -9999 -9999 -9999 -9999 -9999 -9999 -9999 -9999 -9999 -9999 -9999 -9999 -9999 -9999 -9999 -9999 -9999 -9999 -9999 -9999 -9999 -9999 -9999 -9999 -9999 -9999 -9999 -9999 -9999 -9999 -9999 -9999 -9999 -9999 -9999 -9999 -9999 -9999 -9999 -9999 -9999 -9999 -9999
-9999 -9999 -9999 -9999 -9999 -9999 -9999 -9999 -9999 -9999 -9999 -9999 -9999 -9999 -9999 -9999 -9999 -9999 -9999 -9999 -9999 -9999 -9999 -9999 -9999 -9999 -9999 -9999 -9999 -9999 -9999 -9999 -9999 -9999 -9999 -9999 -9999 -9999 -9999 -9999 -9999 -9999 -9999 -9999 -9999 -9999 -9999 -9999 -9999 -9999 -9999 -9999 -9999 -9999 -9999 -9999 -9999 -9999 -9999 -9999 -9999 -9999 -9999 -9999 -9999 -9999 -9999 -9999 -9999 -9999 -9999 -9999 -9999 -9999 -9999 -9999 -9999
-9999 -9999 -9999 -9999 -9999 -9999 -9999 -9999 -9999 -9999 -9999 -9999 -9999 -9999 -9999 -9999 -9999 -9999 -9999 -9999 -9999 -9999 -9999 -9999 -9999 -9999 -9999 -9999 -9999 -9999 -9999 -9999 -9999 -9999 -9999 -9999 -9999 -9999 -9999 -9999 -9999 -9999 -9999 -9999 -9999 -9999 -9999 -9999 -9999 -9999 -9999 -9999 -9999 -9999 -9999 -9999 -9999 -9999 -9999 -9999 -9999 -9999 -9999 -9999 -9999 -9999 -9999 -9999 -9999 -9999 -9999 -9999 -9999 -9999 -9999 -9999 -9999
-9999 -9999 -9999 -9999 -9999 -9999 -9999 -9999 -9999 -9999 -9999 -9999 -9999 -9999 -9999 -9999 -9999 -9999 -9999 -9999 -9999 -9999 -9999 -9999 -9999 -9999 -9999 -9999 -9999 -9999 -9999 -9999 -9999 -9999 -9999 -9999 -9999 -9999 -9999 -9999 -9999 -9999 -9999 -9999 -9999 -9999 -9999 -9999 -9999 -9999 -9999 -9999 -9999 -9999 -9999 -9999 -9999 -9999 -9999 -9999 -9999 -9999 -9999 -9999 -9999 -9999 -9999 -9999 -9999 -9999 -9999 -9999 -9999 -9999 -9999 -9999 -9999
