Model and model input files/precip_2002.asc
ncols         625
nrows         453
xllcorner     138621.56993419
yllcorner     4094031.9406744
cellsize      1000
NODATA_value  -9999
[rows 0 to 33 of 453, columns 0 to 76 of 625]
-9999 -9999 -9999 -9999 -9999 -9999 -9999 -9999 -9999 -9999 -9999 -9999 -9999 -9999 -9999 -9999 -9999 271.01 271.01 271.0591 276.72 276.72 276.72 289.5644 291.3 291.3 291.3 282.78 282.78 282.78 248.7837 244.19 244.19 244.19 234.37 234.37 234.37 221.4992 219.76 219.76 219.76 207.42 207.42 207.42 202.06 202.06 202.06 202.06 194.21 194.21 194.21 187.85 187.85 187.85 187.85 185.33 185.33 185.33 183.1276 182.83 182.83 182.83 184.34 184.34 184.34 180.7369 180.25 180.25 180.25 177.88 177.88 177.88 182.875 183.55 183.55 173.0932 175.8342
-9999 -9999 -9999 -9999 -9999 -9999 -9999 -9999 -9999 -9999 -9999 -9999 -9999 -9999 -9999 -9999 -9999 271.01 271.01 276.1183 276.72 276.72 276.72 291.4394 291.3 291.3 291.7617 282.78 282.78 282.78 248.2564 244.19 244.19 244.7221 234.37 234.37 234.37 221.2995 219.76 219.76 220.4287 207.42 207.42 207.42 202.0087 202.06 202.06 202.4854 194.21 194.21 194.21 187.7892 187.85 187.85 187.9866 185.33 185.33 185.33 182.8061 182.83 182.83 182.83 184.34 184.34 184.34 180.681 180.25 180.25 180.3784 177.88 177.88 177.88 182.9525 183.55 183.55 183.4508 185.38
-9999 -9999 -9999 -9999 -9999 -9999 -9999 -9999 -9999 -9999 -9999 -9999 -9999 -9999 -9999 -9999 -9999 255.84 271.1551 276.1183 276.72 276.72 276.72 291.4394 291.3 291.3 283.6778 282.78 282.78 282.78 248.2564 244.19 244.19 244.7221 234.37 234.37 234.37 221.2995 219.76 219.76 220.4287 207.42 207.42 207.42 202.0087 202.06 202.06 202.4854 194.21 194.21 194.21 187.7892 187.85 187.85 187.9866 185.33 185.33 185.33 182.8061 182.83 182.83 182.7482 184.34 184.34 184.34 180.681 180.25 180.25 180.3784 177.88 177.88 177.88 182.9525 183.55 183.55 183.4508 185.38
-9999 -9999 -9999 -9999 -9999 -9999 -9999 -9999 -9999 -9999 -9999 -9999 -9999 -9999 -9999 -9999 -9999 255.84 255.84 295.463 300.13 300.13 300.13 283.6035 283.76 283.76 284.3326 284.4 284.4 284.4 284.8644 284.86 284.86 313.3449 316.7 316.7 316.7 248.127 241.1495 219.76 220.4287 207.42 207.42 207.42 202.0087 202.06 202.06 202.4854 194.21 194.21 194.21 187.7892 187.85 187.85 187.9866 185.33 185.33 185.33 182.8061 182.83 182.83 182.7482 184.34 184.34 184.34 180.2109 180.25 180.25 180.3784 177.88 177.88 177.88 182.9525 183.55 183.55 183.4508 185.38
-9999 -9999 -9999 -9999 -9999 -9999 -9999 -9999 -9999 -9999 -9999 -9999 -9999 -9999 -9999 -9999 -9999 255.84 255.84 295.463 300.13 300.13 300.13 283.6035 283.76 283.76 284.3326 284.4 284.4 284.4 284.8644 284.86 284.86 313.3449 316.7 316.7 316.7 239.317 240.05 240.05 241.5748 211.91 211.91 211.91 204.5503 204.62 204.62 204.7452 202.31 202.31 202.31 190.488 190.6 190.6 190.736 188.09 188.09 188.09 185.5661 185.59 185.59 183.039 184.34 184.34 184.34 180.2109 180.25 180.25 178.1297 177.88 177.88 177.88 182.9525 183.55 183.55 183.4508 185.38
-9999 -9999 -9999 -9999 -9999 -9999 -9999 -9999 -9999 -9999 -9999 -9999 -9999 -9999 -9999 -9999 -9999 255.84 255.84 295.463 300.13 300.13 300.13 283.6035 283.76 283.76 284.3326 284.4 284.4 284.4 284.8644 284.86 284.86 313.3449 316.7 316.7 316.7 239.317 240.05 240.05 214.8753 211.91 211.91 211.91 204.5503 204.62 204.62 204.7452 202.31 202.31 202.31 190.488 190.6 190.6 190.736 188.09 188.09 188.09 185.5661 185.59 185.59 185.5098 187.07 187.07 187.07 188.7762 188.76 188.76 190.7997 191.04 191.04 191.04 198.4603 198.39 198.39 198.1228 203.32
-9999 -9999 -9999 -9999 -9999 -9999 -9999 -9999 -9999 -9999 -9999 -9999 -9999 -9999 -9999 -9999 -9999 255.84 255.84 295.463 300.13 300.13 300.13 283.6035 283.76 283.76 284.3326 284.4 284.4 284.4 284.8644 284.86 284.86 313.3449 316.7 316.7 316.7 239.317 240.05 240.05 214.8753 211.91 211.91 211.91 204.62 204.62 204.62 204.7452 202.31 202.31 202.31 190.488 190.6 190.6 190.736 188.09 188.09 188.09 185.5661 185.59 185.59 185.5098 187.07 187.07 187.07 188.7762 188.76 188.76 190.7997 191.04 191.04 191.04 198.4603 198.39 198.39 202.8005 203.32
-9999 -9999 -9999 -9999 -9999 -9999 -9999 -9999 -9999 -9999 -9999 -9999 -9999 -9999 -9999 -9999 -9999 199.33 199.33 230.8485 230.55 230.55 230.55 259.6153 259.34 259.34 271.7664 284.5068 284.4 284.4 284.8644 284.86 284.86 313.3449 316.7 316.7 316.7 239.317 240.05 240.05 214.8753 211.91 211.91 211.91 204.62 204.62 204.62 202.5534 202.31 202.31 202.9445 190.6 190.6 190.6 190.736 188.09 188.09 188.09 185.5661 185.59 185.59 185.5098 187.07 187.07 187.07 188.7762 188.76 188.76 190.7997 191.04 191.04 191.04 198.4603 198.39 198.39 202.8005 203.32
-9999 -9999 -9999 -9999 -9999 -9999 -9999 -9999 -9999 -9999 -9999 -9999 -9999 -9999 -9999 -9999 -9999 199.33 199.33 230.8485 230.55 230.55 228.9899 259.34 259.34 259.34 271.7664 273.23 273.23 273.23 286.1322 286.01 286.01 286.4662 286.52 286.52 286.52 248.5302 248.89 248.89 226.6675 224.05 224.05 224.05 207.39 207.39 207.39 201.6376 200.8869 202.31 202.9445 190.6 190.6 190.6 188.3545 188.09 188.09 188.09 185.5661 185.59 185.59 185.5098 187.07 187.07 187.07 188.7762 188.76 188.76 190.7997 191.04 191.04 191.04 198.4603 198.39 198.39 202.8005 203.32
-9999 -9999 -9999 -9999 -9999 -9999 -9999 -9999 -9999 -9999 -9999 -9999 -9999 -9999 -9999 -9999 -9999 199.33 199.33 230.8485 230.55 230.55 228.9899 259.34 259.34 259.34 273.3628 273.23 273.23 273.23 286.1322 286.01 286.01 286.4662 286.52 286.52 286.52 248.5302 248.89 248.89 226.6675 224.05 224.05 224.05 207.39 207.39 207.39 201.6376 200.96 200.96 201.3767 193.27 193.27 193.27 189.5305 189.09 189.09 188.6099 197.95 197.95 197.95 198.0286 196.5 196.5 196.5 195.5207 195.53 195.53 204.2347 205.26 205.26 205.26 198.3243 198.39 198.39 202.8005 203.32
-9999 -9999 -9999 -9999 -9999 -9999 -9999 -9999 -9999 -9999 -9999 -9999 -9999 -9999 -9999 -9999 -9999 199.33 199.33 230.8485 230.55 230.55 228.9899 259.34 259.34 259.34 273.3628 273.23 273.23 272.5375 286.01 286.01 286.01 286.4662 286.52 286.52 286.52 248.5302 248.89 248.89 226.6675 224.05 224.05 224.05 207.39 207.39 207.39 201.6376 200.96 200.96 201.3767 193.27 193.27 193.27 189.5305 189.09 189.09 188.6099 197.95 197.95 197.95 196.6528 196.5 196.5 196.5 195.5207 195.53 195.53 204.2347 205.26 205.26 205.26 226.9353 226.73 226.73 226.9537 226.98
-9999 -9999 -9999 -9999 -9999 -9999 -9999 -9999 -9999 -9999 -9999 -9999 -9999 -9999 -9999 -9999 -9999 199.33 199.33 230.8485 230.55 230.55 228.9899 259.34 259.34 259.34 273.3628 273.23 273.23 272.5375 286.01 286.01 286.01 286.5249 286.52 286.52 288.5591 248.89 248.89 248.89 226.6675 224.05 224.05 224.05 207.39 207.39 207.39 201.6376 200.96 200.96 201.3767 193.27 193.27 193.27 189.5305 189.09 189.09 188.6099 197.95 197.95 197.95 196.6528 196.5 196.5 196.5526 195.53 195.53 195.53 204.2347 205.26 205.26 205.26 226.9353 226.73 226.73 226.9537 226.98
-9999 -9999 -9999 -9999 -9999 -9999 -9999 -9999 -9999 -9999 -9999 -9999 -9999 -9999 -9999 -9999 -9999 156.65 156.65 162.2531 162.2 162.2 161.5362 174.45 174.45 174.45 193.9548 193.77 193.77 188.7717 286.01 286.01 286.01 286.5249 286.52 286.52 288.5591 248.89 248.89 248.89 223.8125 224.05 224.05 224.05 207.39 207.39 207.39 201.6376 200.96 200.96 201.3767 193.27 193.27 193.27 189.5305 189.09 189.09 188.6099 197.95 197.95 197.95 196.6528 196.5 196.5 196.5526 195.53 195.53 195.53 205.353 205.26 205.26 205.26 226.9353 226.73 226.73 226.9537 226.98
-9999 -9999 -9999 -9999 -9999 -9999 -9999 -9999 -9999 -9999 -9999 -9999 -9999 -9999 -9999 -9999 -9999 156.65 156.65 162.2531 162.2 162.2 161.5362 174.45 174.45 174.45 193.9548 193.77 193.77 191.2286 240.67 240.67 240.67 289.0381 288.58 288.58 287.8658 301.76 301.76 301.76 287.6665 287.8 287.8 291.1277 226.39 226.39 226.39 203.3802 200.67 200.67 200.8011 198.25 198.25 198.25 196.6128 196.42 196.42 196.4623 195.64 197.9721 197.95 196.6528 196.5 196.5 196.5526 195.53 195.53 195.53 205.353 205.26 205.26 204.0966 226.73 226.73 226.73 226.9537 226.98
-9999 -9999 -9999 -9999 -9999 -9999 -9999 -9999 -9999 -9999 -9999 -9999 -9999 -9999 -9999 -9999 -9999 156.65 156.65 162.2 162.2 162.2 161.5362 174.45 174.45 174.45 193.9548 193.77 193.77 191.2286 240.67 240.67 240.67 289.0381 288.58 288.58 287.8658 301.76 301.76 301.76 287.6665 287.8 287.8 291.1277 226.39 226.39 226.39 200.4241 200.67 200.67 200.8011 198.25 198.25 198.25 196.6128 196.42 196.42 196.4623 195.64 195.64 195.64 203.9063 204.88 204.88 204.1696 217.99 217.99 217.99 241.0282 240.81 240.81 241.1828 233.93 233.93 233.93 222.108 222.22
-9999 -9999 -9999 -9999 -9999 -9999 -9999 -9999 -9999 -9999 -9999 -9999 -9999 -9999 -9999 -9999 -9999 156.65 156.65 162.2 162.2 162.2 173.1591 174.45 174.45 174.45 193.9548 193.77 193.77 191.2286 240.67 240.67 240.67 289.0381 288.58 288.58 287.8658 301.76 301.76 301.76 287.6665 287.8 287.8 291.1277 226.39 226.39 226.39 200.4241 200.67 200.67 198.505 198.25 198.25 198.25 196.6128 196.42 196.42 196.4623 195.64 195.64 195.64 203.9063 204.88 204.88 204.1696 217.99 217.99 217.99 241.0282 240.81 240.81 241.1828 233.93 233.93 233.93 222.108 222.22
-9999 -9999 -9999 -9999 -9999 -9999 -9999 -9999 -9999 -9999 -9999 -9999 -9999 -9999 -9999 -9999 -9999 160.8 156.6103 162.2 162.2 162.2 173.1591 174.45 174.45 173.4031 193.77 193.77 193.77 191.2286 240.67 240.67 240.67 289.0381 288.58 288.58 287.8658 301.76 301.76 301.76 287.6665 287.8 287.8 291.1277 226.39 226.39 226.39 200.4241 200.67 200.67 198.505 198.25 198.25 198.25 196.4025 196.42 196.42 196.4623 195.64 195.64 195.64 203.9063 204.88 204.88 204.1696 217.99 217.99 217.99 241.0282 240.81 240.81 241.1828 233.93 233.93 233.93 222.108 222.22
-9999 -9999 -9999 -9999 -9999 -9999 -9999 -9999 -9999 -9999 -9999 -9999 -9999 -9999 -9999 -9999 -9999 160.8 160.8 156.54 156.54 156.54 153.4983 153.14 153.14 152.9054 157.47 157.47 157.47 168.295 169.57 169.57 169.57 201.3207 201.02 201.02 198.1275 254.4 254.4 302.2129 287.6665 287.8 287.8 291.1277 226.39 226.39 226.39 200.4241 200.67 200.67 198.505 198.25 198.25 198.25 196.4025 196.42 196.42 195.7222 195.64 195.64 195.64 203.9063 204.88 204.88 204.1696 217.99 217.99 217.99 241.0282 240.81 240.81 241.1828 233.93 233.93 233.93 222.108 222.22
-9999 -9999 -9999 -9999 -9999 -9999 -9999 -9999 -9999 -9999 -9999 -9999 -9999 -9999 -9999 -9999 -9999 160.8 160.8 156.54 156.54 156.54 153.4983 153.14 153.14 152.9054 157.47 157.47 157.47 168.295 169.57 169.57 167.8658 201.02 201.02 201.02 198.1275 254.4 254.4 254.4 283.1422 282.87 282.87 284.5699 251.5 251.5 251.5 200.5575 201.04 201.04 192.72 191.74 191.74 191.74 195.9297 195.89 195.89 217.0658 219.56 219.56 219.56 232.195 204.88 204.88 204.1696 217.99 217.99 217.99 241.0282 240.81 240.81 241.1828 233.93 233.93 233.93 222.108 222.22
-9999 -9999 -9999 -9999 -9999 -9999 -9999 -9999 -9999 -9999 -9999 -9999 -9999 -9999 -9999 -9999 -9999 160.8 160.8 156.54 156.54 156.54 153.4983 153.14 153.14 152.9054 157.47 157.47 157.47 168.295 169.57 169.57 167.8658 201.02 201.02 201.02 248.7751 254.4 254.4 252.8573 282.87 282.87 282.87 284.5699 251.5 251.5 251.5 200.5575 201.04 201.04 192.72 191.74 191.74 191.74 195.9297 195.89 195.89 217.0658 219.56 219.56 219.56 230.7964 230.69 230.69 233.016 233.29 233.29 233.29 234.7034 234.69 234.69 235.0839 227.42 227.42 227.42 215.1235 215.24
-9999 -9999 -9999 -9999 -9999 -9999 -9999 -9999 -9999 -9999 -9999 -9999 -9999 -9999 -9999 -9999 -9999 160.8 160.8 156.54 156.54 156.54 153.4983 153.14 153.14 152.9054 157.47 157.47 157.47 168.295 169.57 169.57 167.8658 201.02 201.02 201.02 248.7751 254.4 254.4 252.8573 282.87 282.87 282.87 254.8056 251.5 251.5 251.5 200.5575 201.04 201.04 192.72 191.74 191.74 191.74 195.9297 195.89 195.89 217.0658 219.56 219.56 219.56 230.7964 230.69 230.69 233.016 233.29 233.29 233.29 234.69 234.69 234.69 235.0839 227.42 227.42 227.42 215.1235 215.24
-9999 -9999 -9999 -9999 -9999 -9999 -9999 -9999 -9999 -9999 -9999 -9999 -9999 -9999 -9999 -9999 -9999 208.71 208.6775 209.31 209.31 209.31 182.4713 179.31 179.31 179.9836 166.88 158.4616 157.47 168.295 169.57 169.57 167.8658 201.02 201.02 201.02 248.7751 254.4 254.4 252.8573 282.87 282.87 282.87 254.8056 251.5 251.5 254.2343 201.04 201.04 201.04 192.72 191.74 191.74 191.74 195.9297 195.89 195.89 217.0658 219.56 219.56 219.56 230.7964 230.69 230.69 233.016 233.29 233.29 233.29 234.69 234.69 234.69 228.1861 227.42 227.42 227.42 215.1235 215.24
-9999 -9999 -9999 -9999 -9999 -9999 -9999 -9999 -9999 -9999 -9999 -9999 -9999 -9999 -9999 -9999 -9999 208.71 208.6775 209.31 209.31 209.31 179.0231 179.31 179.31 179.9836 166.88 166.88 166.88 153.8364 152.3 152.3 151.9239 159.24 159.24 159.24 186.9555 190.22 190.22 189.4137 205.1 205.1 205.1 201.0384 200.56 200.56 200.7627 196.82 196.82 201.0804 191.6511 191.74 191.74 191.74 195.9297 195.89 195.89 217.0658 219.56 219.56 219.56 230.7964 230.69 230.69 233.016 233.29 233.29 233.29 234.69 234.69 234.69 228.1861 227.42 227.42 227.42 215.24 215.24
-9999 -9999 -9999 -9999 -9999 -9999 -9999 -9999 -9999 -9999 -9999 -9999 -9999 -9999 -9999 -9999 -9999 208.71 208.6775 209.31 209.31 209.31 179.0231 179.31 179.31 168.1898 166.88 166.88 166.88 153.8364 152.3 152.3 151.9239 159.24 159.24 159.24 186.9555 190.22 190.22 189.4137 205.1 205.1 205.1 201.0384 200.56 200.56 200.7627 196.82 196.82 196.82 195.4773 195.49 195.49 195.49 217.1754 216.97 216.97 217.5515 217.62 217.62 217.62 216.0552 216.07 216.07 214.6923 214.53 214.53 214.53 214.92 214.92 214.92 213.4439 225.9289 227.42 227.42 215.24 215.24
-9999 -9999 -9999 -9999 -9999 -9999 -9999 -9999 -9999 -9999 -9999 -9999 -9999 -9999 -9999 -9999 -9999 208.71 208.6775 209.31 209.31 209.31 179.0231 179.31 179.31 168.1898 166.88 166.88 166.88 152.1606 152.3 152.3 151.9239 159.24 159.24 159.24 186.9555 190.22 190.22 189.4137 205.1 205.1 205.1 201.0384 200.56 200.56 200.7627 196.82 196.82 196.82 195.4773 195.49 195.49 194.3261 216.97 216.97 216.97 217.5515 217.62 217.62 217.62 216.0552 216.07 216.07 214.6923 214.53 214.53 214.53 214.92 214.92 214.92 213.4439 213.27 213.27 213.27 207.08 207.08
-9999 -9999 -9999 -9999 -9999 -9999 -9999 -9999 -9999 -9999 -9999 -9999 -9999 -9999 -9999 -9999 -9999 208.71 208.6775 209.31 209.31 209.31 179.0231 179.31 179.31 168.1898 166.88 166.88 166.88 152.1606 152.3 152.3 158.5087 159.24 159.24 159.24 186.9555 190.22 190.22 189.4137 205.1 205.1 205.1 201.0384 200.56 200.56 200.7627 196.82 196.82 196.82 195.4773 195.49 195.49 194.3261 216.97 216.97 216.97 217.6262 217.62 217.62 217.704 216.07 216.07 216.07 214.6923 214.53 214.53 214.53 214.92 214.92 214.92 213.4439 213.27 213.27 213.27 207.08 207.08
-9999 -9999 -9999 -9999 -9999 -9999 -9999 -9999 -9999 -9999 -9999 -9999 -9999 -9999 -9999 -9999 -9999 234.08 233.3019 248.44 248.44 248.44 228.4204 228.61 228.61 221.0594 220.17 220.17 220.17 175.6887 176.11 176.11 156.9203 154.66 154.66 154.66 157.7089 190.5312 190.22 189.4137 205.1 205.1 205.1 201.0384 200.56 200.56 200.7627 196.82 196.82 196.82 195.4773 195.49 195.49 194.3261 216.97 216.97 216.97 217.6262 217.62 217.62 217.704 216.07 216.07 216.07 214.6923 214.53 214.53 214.53 214.92 214.92 214.92 213.4439 213.27 213.27 213.27 207.08 207.08
-9999 -9999 -9999 -9999 -9999 -9999 -9999 -9999 -9999 -9999 -9999 -9999 -9999 -9999 -9999 -9999 -9999 234.08 233.3019 248.44 248.44 248.44 228.4204 228.61 228.61 221.0594 220.17 220.17 220.17 175.6887 176.11 176.11 156.9203 154.66 154.66 154.66 157.7089 157.68 157.68 162.9404 163.56 163.56 163.56 165.4387 165.66 165.66 164.741 182.62 182.62 182.62 215.3298 215.02 215.02 214.0663 232.62 232.62 232.62 223.3219 223.41 217.5646 217.704 216.07 216.07 216.07 214.5153 214.53 214.53 214.53 214.92 214.92 214.92 213.4439 213.27 213.27 213.27 207.08 207.08
-9999 -9999 -9999 -9999 -9999 -9999 -9999 -9999 -9999 -9999 -9999 -9999 -9999 -9999 -9999 -9999 -9999 234.08 246.9268 248.44 248.44 248.44 228.4204 228.61 228.61 221.0594 220.17 220.17 220.17 175.6887 176.11 176.11 156.9203 154.66 154.66 154.66 157.7089 157.68 157.68 162.9404 163.56 163.56 163.56 165.6801 165.66 165.66 164.741 182.62 182.62 182.62 215.3298 215.02 215.02 214.0663 232.62 232.62 232.62 223.3219 223.41 223.41 223.9757 212.97 212.97 212.97 207.0035 207.06 207.06 207.0903 206.5 206.5 206.5 207.7167 207.86 207.86 207.86 208.09 208.09
-9999 -9999 -9999 -9999 -9999 -9999 -9999 -9999 -9999 -9999 -9999 -9999 -9999 -9999 -9999 -9999 -9999 234.08 246.9268 248.44 248.44 249.5145 228.61 228.61 228.61 221.0594 220.17 220.17 220.17 175.6887 176.11 176.11 156.9203 154.66 154.66 154.66 157.7089 157.68 157.68 162.9404 163.56 163.56 163.56 165.6801 165.66 165.66 180.8328 182.62 182.62 182.62 215.3298 215.02 215.02 214.0663 232.62 232.62 232.62 223.3219 223.41 223.41 223.9757 212.97 212.97 212.97 207.0035 207.06 207.06 207.0903 206.5 206.5 206.5 207.873 207.86 207.86 207.86 208.09 208.09
-9999 -9999 -9999 -9999 -9999 -9999 -9999 -9999 -9999 -9999 -9999 -9999 -9999 -9999 -9999 -9999 -9999 251.94 248.8088 248.44 248.44 249.5145 228.61 228.61 228.61 220.0893 220.17 220.17 220.17 175.6887 176.11 176.11 156.9203 154.66 154.66 154.66 157.7089 157.68 157.68 162.9404 163.56 163.56 163.56 165.6801 165.66 165.66 180.8328 182.62 182.62 182.62 215.02 215.02 215.02 214.0663 232.62 232.62 232.62 223.3219 223.41 223.41 223.9757 212.97 212.97 212.97 207.0035 207.06 207.06 207.0903 206.5 206.5 206.5 207.873 207.86 207.86 207.8475 208.09 208.09
-9999 -9999 -9999 -9999 -9999 -9999 -9999 -9999 -9999 -9999 -9999 -9999 -9999 -9999 -9999 -9999 -9999 251.94 247.1627 246.6 246.6 247.7742 224.93 224.93 224.93 240.0331 239.89 239.89 241.2788 214.26 214.26 214.26 176.2295 171.75 171.75 171.75 156.8186 156.96 156.96 153.5068 153.1 153.1 153.1 162.1659 162.08 162.08 175.0663 182.62 182.62 182.62 215.02 215.02 215.02 230.7654 232.62 232.62 232.62 223.3219 223.41 223.41 223.9757 212.97 212.97 212.97 207.0035 207.06 207.06 207.0903 206.5 206.5 206.5 207.873 207.86 207.86 207.8475 208.09 208.09
-9999 -9999 -9999 -9999 -9999 -9999 -9999 -9999 -9999 -9999 -9999 -9999 -9999 -9999 -9999 -9999 -9999 251.94 247.1627 246.6 246.6 247.7742 224.93 224.93 224.93 240.0331 239.89 239.89 241.2788 214.26 214.26 214.26 171.3435 171.75 171.75 171.75 156.8186 156.96 156.96 153.5068 153.1 153.1 153.1 162.1659 162.08 162.08 175.3741 176.94 176.94 176.94 197.49 197.49 197.49 211.142 212.75 212.75 211.5785 234.37 234.37 234.37 234.4014 233.79 233.79 233.79 214.154 214.34 214.34 214.6873 207.93 208.0075 206.5 207.873 207.86 207.86 207.8475 208.09 208.09
-9999 -9999 -9999 -9999 -9999 -9999 -9999 -9999 -9999 -9999 -9999 -9999 -9999 -9999 -9999 -9999 -9999 251.94 247.1627 246.6 246.6 247.7742 224.93 224.93 224.93 240.0331 239.89 239.89 241.2788 214.26 214.26 214.26 171.3435 171.75 171.75 172.5514 156.96 156.96 156.96 153.5068 153.1 153.1 153.1 162.1659 162.08 162.08 175.3741 176.94 176.94 176.94 197.49 197.49 197.49 211.142 212.75 212.75 211.5785 234.37 234.37 234.37 233.8511 233.79 233.79 233.79 214.154 214.34 214.34 214.6873 207.93 207.93 207.93 206.9709 206.98 206.98 206.8982 208.49 208.49
