Model and model input files/precip_30yr_avg.asc
ncols         625
nrows         453
xllcorner     138621.56993419
yllcorner     4094031.9406744
cellsize      1000
NODATA_value  -9999
[rows 34 to 67 of 453, columns 0 to 76 of 625]
-9999 -9999 -9999 -9999 -9999 -9999 -9999 -9999 -9999 -9999 -9999 -9999 -9999 -9999 -9999 -9999 -9999 366.8847 375.3034 376.0208 367.5419 362.1352 347.2508 347.3896 357.9426 374.7835 378.4497 385.6407 385.7664 369.9791 347.3966 323.4361 305.7448 295.8103 271.5788 259.1456 252.9979 250.3282 247.0705 244.398 243.6669 246.0612 248.6004 252.6879 259.8783 262.0713 267.3763 271.2392 281.7594 286.8068 296.7703 307.1235 311.1083 315.2829 319.1135 327.1223 343.6093 356.3159 364.9711 373.4048 379.259 373.3107 364.0669 349.9727 343.4987 329.4308 324.9092 321.5438 317.1399 314.5182 312.8989 314.3961 314.6976 313.8473 311.9456 310.9784 313.0704
-9999 -9999 -9999 -9999 -9999 -9999 -9999 -9999 -9999 -9999 -9999 -9999 -9999 -9999 -9999 -9999 -9999 338.3258 344.4169 356.7962 362.9432 356.3702 346.0697 348.4255 372.7334 375.3935 379.7087 382.2331 380.1058 360.5164 346.4467 332.8457 325.9695 311.0211 291.9348 275.3095 262.5154 260.3745 254.2736 249.286 246.8363 246.4203 248.5343 253.386 261.6272 268.8989 271.9355 273.8972 278.9664 284.4656 290.8096 298.3948 301.8371 308.5761 312.4435 319.2547 332.2104 346.0134 355.8861 362.9412 373.8324 372.4357 366.9023 358.0328 349.9362 334.3174 327.3402 323.0473 317.6804 314.9787 313.4712 312.0017 312.3503 312.8997 311.3463 311.4186 312.2039
-9999 -9999 -9999 -9999 -9999 -9999 -9999 -9999 -9999 -9999 -9999 -9999 -9999 -9999 -9999 -9999 -9999 335.8721 337.5043 342.5886 347.0616 345.2319 340.2524 344.1008 368.3697 376.7068 373.9231 375.2203 376.4044 349.5638 337.715 332.4458 336.871 329.3224 314.0083 291.5822 279.521 275.4202 266.0692 257.4039 253.065 249.4898 250.0779 252.3962 260.2133 269.9268 276.3074 278.5123 281.0766 281.7026 286.6772 293.2177 299.2554 306.7336 310.0096 317.8908 321.8196 335.7439 347.7133 356.168 367.4836 369.3894 367.8786 362.1375 350.3983 341.0163 333.3204 322.759 319.3311 314.8949 312.2921 311.3674 310.3917 310.4992 310.4095 310.5245 312.2804
-9999 -9999 -9999 -9999 -9999 -9999 -9999 -9999 -9999 -9999 -9999 -9999 -9999 -9999 -9999 -9999 -9999 343.6847 343.6505 344.8 346.311 341.0353 337.3037 340.6236 355.1821 363.1778 372.6297 370.3693 368.3968 337.184 326.1494 328.4421 338.182 343.7455 334.7117 322.3951 295.5529 290.4729 281.3548 268.5495 261.0076 256.2818 254.8115 257.7917 260.5687 269.6455 277.5741 282.3412 287.6082 287.1669 286.5649 292.7361 304.0941 308.3687 310.6882 314.8774 317.5125 327.0746 338.9168 348.8731 361.2983 365.1985 366.8226 365.1145 358.1814 348.9626 339.1585 325.6573 320.3768 315.7396 313.0162 311.131 310.1804 310.0786 309.7537 310.1885 311.7049
-9999 -9999 -9999 -9999 -9999 -9999 -9999 -9999 -9999 -9999 -9999 -9999 -9999 -9999 -9999 -9999 -9999 405.3802 384.8047 361.612 355.2641 339.7961 337.4033 335.5005 341.5522 350.8278 356.1709 353.0421 334.4517 326.337 322.2159 335.8139 345.3922 360.0926 357.6445 347.4121 312.257 304.2601 295.3522 280.1249 268.5702 263.5901 261.1023 262.7641 264.747 270.2196 276.1441 284.0049 294.7952 294.0268 291.0428 294.9193 304.3391 308.6765 311.3121 315.0775 316.8697 321.6892 331.872 339.3773 355.299 361.6747 362.7492 363.4357 359.6233 351.9034 343.8543 328.6827 323.4297 316.3287 313.4301 311.6522 311.1046 310.3824 310.303 310.5052 311.9984
-9999 -9999 -9999 -9999 -9999 -9999 -9999 -9999 -9999 -9999 -9999 -9999 -9999 -9999 -9999 -9999 -9999 464.5078 461.6464 420.0335 388.9124 345.9134 339.2315 332.044 332.7082 340.7389 344.8092 341.3234 323.9756 323.8774 334.8276 359.0205 368.2596 384.4264 386.1198 378.8206 348.0117 317.5804 308.1043 292.0451 278.5168 272.301 268.1967 267.747 270.3439 273.9623 278.834 284.9438 296.716 299.4107 297.1268 297.9448 304.0976 308.1418 310.6662 315.2391 317.2969 321.3201 326.2116 337.6505 346.2478 353.4229 358.2748 358.4015 354.4499 349.464 342.5066 331.4993 324.5939 318.5394 314.6462 312.1757 311.5375 311.1259 310.8057 310.7939 312.6407
-9999 -9999 -9999 -9999 -9999 -9999 -9999 -9999 -9999 -9999 -9999 -9999 -9999 -9999 -9999 -9999 -9999 477.9305 482.2824 470.7913 447.5373 357.7197 336.0983 329.9241 330.1643 336.2243 336.4012 327.488 316.8325 327.9632 348.6181 378.372 385.3713 396.5992 402.851 393.9272 377.8941 334.467 315.5647 303.0435 288.3027 280.7675 275.1881 272.6055 275.0511 278.0594 282.7384 291.7062 295.863 299.5793 300.6651 300.8255 303.4563 306.2519 309.2533 315.145 318.785 321.9032 325.4156 332.9724 339.1067 344.0327 346.6109 345.5307 341.6133 339.2754 336.4606 330.8882 326.8193 322.3089 317.4952 313.9202 312.8616 312.4423 311.4246 310.7267 312.5962
-9999 -9999 -9999 -9999 -9999 -9999 -9999 -9999 -9999 -9999 -9999 -9999 -9999 -9999 -9999 -9999 -9999 445.617 457.4953 462.8018 418.3513 368.1449 338.4214 336.4117 335.519 337.5391 332.4666 321.4842 319.0982 334.8076 354.5967 382.0326 390.7639 401.5672 416.908 416.7794 400.3704 369.8883 330.1703 315.0031 297.2328 288.6286 282.3682 278.2986 279.7818 282.1082 285.5988 292.9727 296.5843 299.1938 303.0141 304.5638 304.6978 305.8495 308.6828 315.1589 318.9542 322.12 325.5168 331.6416 335.298 338.1751 338.5862 336.6509 332.2013 329.908 328.1777 328.1636 327.0931 323.2401 319.8235 318.201 315.6262 313.1614 309.414 308.0268 311.5622
-9999 -9999 -9999 -9999 -9999 -9999 -9999 -9999 -9999 -9999 -9999 -9999 -9999 -9999 -9999 -9999 -9999 387.4797 399.4097 428.7312 419.6276 381.2034 358.3171 340.5818 338.9771 339.1749 333.4023 323.535 330.6839 349.3161 364.9563 380.3439 394.3509 412.7552 431.5702 452.4176 440.6791 404.3761 345.14 329.1748 306.9785 298.0894 290.2416 285.7065 286.5192 287.4098 288.5741 293.5419 297.1183 302.0264 308.5194 309.1919 308.1241 307.938 311.8215 315.0221 318.7893 322.7285 325.2918 330.3602 333.7146 335.532 334.4432 331.7865 326.593 323.7061 322.1734 323.06 325.0067 325.2559 323.2087 321.4453 318.6587 314.2965 307.6724 306.2961 309.0557
-9999 -9999 -9999 -9999 -9999 -9999 -9999 -9999 -9999 -9999 -9999 -9999 -9999 -9999 -9999 -9999 -9999 339.9363 368.3783 387.1599 417.7969 413.6236 386.7514 347.9986 341.2511 341.1889 330.2455 331.0564 349.2687 368.793 381.678 383.2329 402.7694 424.5223 445.6023 451.8464 446.2988 418.1368 369.3879 337.2321 324.1974 315.4488 303.1761 300.1266 298.2133 297.3933 292.4233 295.1332 299.8346 306.2063 314.1234 313.5366 311.6976 309.9688 311.4089 314.9753 318.6782 322.854 325.5357 329.6158 331.9955 334.1134 333.1879 328.9356 324.8723 321.2393 318.6385 319.2744 320.9565 324.1717 323.9108 323.1031 320.9395 315.8596 307.4347 304.1027 305.9
-9999 -9999 -9999 -9999 -9999 -9999 -9999 -9999 -9999 -9999 -9999 -9999 -9999 -9999 -9999 -9999 -9999 324.1031 347.0059 360.7216 424.7717 449.9588 419.7289 353.0674 333.8695 335.3042 325.0133 340.654 368.9362 388.7343 403.1112 404.668 428.1927 446.5787 448.5399 451.0488 446.0836 430.9851 396.8715 363.2433 353.7816 347.1249 334.1941 329.005 321.7784 315.1731 300.8576 300.2779 304.393 311.364 319.3569 319.1697 316.2525 313.8493 313.0844 315.3405 319.4484 323.6037 325.5912 328.7378 329.7016 331.5793 330.6335 327.7786 323.9563 321.5115 317.7849 317.4203 317.7454 320.4635 321.0625 321.1609 320.3318 313.1974 306.9782 302.7142 303.4839
-9999 -9999 -9999 -9999 -9999 -9999 -9999 -9999 -9999 -9999 -9999 -9999 -9999 -9999 -9999 -9999 -9999 316.6138 332.7095 352.1 431.1513 473.7992 439.0437 352.8192 323.618 313.0699 320.4899 355.4559 381.9766 400.6963 423.338 424.6982 442.6484 452.0132 449.3052 452.4514 451.7139 428.1299 416.8049 397.875 389.3232 386.2864 372.0512 366.1105 358.6747 348.3661 336.2468 311.7421 316.4055 323.6648 325.8737 324.0824 320.2997 317.403 316.4813 318.5909 322.7601 326.0511 327.1115 326.7362 326.0646 324.3526 324.5262 323.414 321.7456 320.2698 316.9862 316.1566 316.0106 317.0666 317.5031 317.4074 318.4148 310.0987 306.4372 301.5075 300.5915
-9999 -9999 -9999 -9999 -9999 -9999 -9999 -9999 -9999 -9999 -9999 -9999 -9999 -9999 -9999 -9999 -9999 315.1177 329.2713 363.4293 431.4944 475.7014 391.0181 356.0045 323.1126 322.572 325.5436 365.8629 384.9555 405.6724 425.4743 441.6199 449.4534 449.0544 447.7316 448.2714 451.1808 435.5221 428.9535 419.0424 413.1499 408.8654 404.3492 400.9094 394.2495 381.3129 365.1241 334.2 331.1822 332.7648 331.9781 329.6877 324.7756 321.3091 320.9675 324.0216 327.6011 329.5613 326.5107 323.4793 321.0163 318.1397 317.8034 317.0436 316.6031 315.8549 313.7162 313.0532 312.8417 313.1287 315.9214 315.6194 315.5521 308.7079 305.5242 300.8235 297.877
-9999 -9999 -9999 -9999 -9999 -9999 -9999 -9999 -9999 -9999 -9999 -9999 -9999 -9999 -9999 -9999 -9999 307.4987 326.7095 357.1209 419.7866 457.9807 392.5847 362.0695 324.2078 318.5233 334.1274 361.446 379.3717 386.1928 415.2179 434.3835 448.782 441.8961 441.1607 444.3191 446.8901 436.7744 429.9928 421.0857 416.6143 413.4465 419.1635 422.1425 420.7443 409.3506 386.9751 376.6803 356.2404 349.216 343.7379 336.5521 329.2493 326.1156 328.6268 331.8807 333.779 333.192 325.7396 320.4897 317.1937 314.2783 313.0093 311.4256 310.9236 310.5258 309.2795 308.6555 308.2024 308.2123 307.9983 313.1863 312.5972 306.621 303.9586 299.7211 295.998
-9999 -9999 -9999 -9999 -9999 -9999 -9999 -9999 -9999 -9999 -9999 -9999 -9999 -9999 -9999 -9999 -9999 307.105 324.2406 357.1958 409.4786 415.5334 373.2573 356.3002 323.7213 309.6822 322.397 352.9081 365.6612 376.8119 385.3626 400.5196 424.793 430.5132 435.4168 435.8429 435.71 434.0229 426.5163 417.1276 411.702 417.4949 423.5315 431.9441 429.7853 421.4709 399.8667 390.9719 375.7588 365.7477 356.4156 344.8735 336.7718 337.1944 340.2168 342.5554 339.8355 336.1727 326.0707 320.369 316.9739 312.1793 310.1947 308.1505 307.0437 307.0059 307.4246 307.2729 305.0883 303.9294 302.6218 306.0161 306.6453 302.4005 299.7412 297.7666 296.232
-9999 -9999 -9999 -9999 -9999 -9999 -9999 -9999 -9999 -9999 -9999 -9999 -9999 -9999 -9999 -9999 -9999 300.8105 321.8862 352.2193 377.5023 371.4943 341.6231 330.7818 304.7439 296.4984 319.1649 343.156 355.1368 359.9937 362.5198 371.926 390.2547 395.9719 410.4879 425.9721 425.8785 425.0203 421.4582 415.0812 410.8906 413.3493 425.9167 432.6089 434.234 426.8015 402.8483 394.2506 386.3241 374.0233 365.8298 357.9267 352.1721 352.9675 354.9322 354.4561 345.3949 338.0938 326.312 321.2558 317.7543 312.5383 309.7663 308.1075 308.408 309.0296 310.3765 311.0568 307.2813 303.6837 298.2469 296.1241 300.2468 297.9279 296.8686 296.3586 297.5667
-9999 -9999 -9999 -9999 -9999 -9999 -9999 -9999 -9999 -9999 -9999 -9999 -9999 -9999 -9999 -9999 -9999 296.5418 312.774 334.622 351.8875 343.272 318.7439 303.7202 288.5499 290.7415 308.9479 329.968 341.7107 341.5643 344.7572 355.2517 369.7058 375.7088 387.3073 401.2709 408.6738 414.7563 416.6351 413.8927 407.5389 413.2124 425.4759 431.2952 432.3471 428.7857 405.8855 394.0043 386.5389 383.792 379.0641 376.2803 374.7489 374.5486 374.2773 370.7918 358.6084 341.7453 327.706 321.4202 318.6253 313.3824 311.6604 311.4284 313.2306 316.3139 318.9211 319.656 313.7014 307.5699 297.5857 293.6015 296.1128 298.7635 297.9865 298.9699 300.0114
-9999 -9999 -9999 -9999 -9999 -9999 -9999 -9999 -9999 -9999 -9999 -9999 -9999 -9999 -9999 -9999 -9999 300.2 312.2293 317.9479 322.6021 305.4389 292.3524 282.1408 279.1885 284.9687 303.4978 313.3488 318.2295 319.4066 330.6719 344.9135 361.0457 368.7193 374.9878 380.0942 394.2576 402.0504 406.3994 407.0158 407.3908 413.051 418.2702 424.5127 430.5862 421.6592 413.0695 402.9156 388.0589 387.8625 387.9453 392.0514 393.891 394.8705 394.186 391.0624 379.2282 353.4779 335.2311 326.5004 318.6877 317.1774 317.7124 321.0948 324.9227 333.4382 336.5765 335.2558 321.5213 308.4394 298.8859 294.5412 306.9591 309.9869 309.9941 305.4529 303.8198
-9999 -9999 -9999 -9999 -9999 -9999 -9999 -9999 -9999 -9999 -9999 -9999 -9999 -9999 -9999 -9999 -9999 323.7639 325.0925 321.9902 317.9034 297.1028 281.9811 271.137 271.4179 279.2726 292.5891 295.6002 294.5926 303.3844 316.2566 334.3113 356.4582 363.6939 366.6538 365.8954 384.5107 385.7546 394.2428 396.7761 395.7141 403.6368 406.8301 412.4992 417.4911 419.553 412.9976 409.2776 393.8728 390.9377 393.2735 398.7688 400.7583 399.5429 400.4395 402.4671 398.9823 384.2592 350.7869 341.818 334.483 333.6949 336.8842 344.3669 350.0043 354.295 355.1553 350.6206 329.0204 310.6328 301.0637 297.521 320.0396 328.8528 329.3376 318.5164 312.5864
-9999 -9999 -9999 -9999 -9999 -9999 -9999 -9999 -9999 -9999 -9999 -9999 -9999 -9999 -9999 -9999 -9999 353.4811 352.9033 339.0954 324.9973 295.5375 276.1689 266.5722 267.8441 274.0139 281.9966 282.7932 281.2064 285.1525 298.2654 335.6039 346.7026 357.3648 359.1714 357.4728 359.9775 378.0141 381.9425 383.2851 381.7467 386.3636 391.2604 401.5413 405.1009 410.0076 409.5435 407.5015 399.7226 395.0355 396.2357 401.5606 401.4171 396.7949 397.9807 402.9667 409.9341 403.6834 397.8358 367.9604 364.4744 363.5555 365.2606 370.3939 373.3643 374.9225 367.8757 358.1142 331.2574 313.0275 302.5056 301.6916 332.1676 350.8986 356.4057 339.0439 326.1407
-9999 -9999 -9999 -9999 -9999 -9999 -9999 -9999 -9999 -9999 -9999 -9999 -9999 -9999 -9999 -9999 -9999 370.9397 365.8163 345.9649 324.1201 286.1918 269.7856 262.9304 266.405 274.3495 280.4683 281.4433 277.4436 278.9545 291.0113 318.1226 330.6496 343.457 347.6381 348.2236 346.979 365.5802 369.1379 368.4816 359.8071 359.8462 364.7937 384.5488 394.2438 400.5446 402.7422 406.4507 398.8169 396.4722 397.5438 401.8081 397.6026 395.6816 397.0925 405.6402 410.9177 411.5617 411.2357 396.4965 393.8306 391.4639 388.871 387.5019 384.121 378.7702 367.418 343.6389 330.905 314.5248 304.1824 303.8193 342.5616 367.8193 381.8435 365.7918 334.0596
-9999 -9999 -9999 -9999 -9999 -9999 -9999 -9999 -9999 -9999 -9999 -9999 -9999 -9999 -9999 -9999 -9999 372.5905 358.3061 327.6318 308.7018 277.996 266.487 262.515 265.5173 273.0025 279.3862 281.1128 275.2205 272.0205 280.0758 298.9567 309.2822 326.5066 332.4844 334.8969 332.4857 334.3531 342.0379 338.6679 326.0916 324.9502 332.6516 357.7934 368.9905 389.8397 395.2729 394.4566 393.6834 393.1203 394.6939 398.1807 396.1906 394.3798 395.3571 399.9403 404.2034 409.8702 410.4166 412.7717 407.4555 404.4535 400.7516 394.4461 382.2214 371.5979 361.1475 338.291 328.9892 314.7849 306.0707 305.223 345.1042 380.0696 401.6057 393.404 352.7998
-9999 -9999 -9999 -9999 -9999 -9999 -9999 -9999 -9999 -9999 -9999 -9999 -9999 -9999 -9999 -9999 -9999 354.6962 335.7474 312.9978 292.969 282.7227 274.91 268.469 264.9779 271.22 277.1626 279.2855 274.3643 270.1412 270.1161 284.5486 293.8636 303.8105 312.0007 317.5244 315.0426 309.0604 312.8568 308.6544 299.6093 298.0406 304.8947 329.2101 339.2806 370.0623 381.0702 385.7229 386.2898 387.0262 390.1166 391.6273 391.1556 390.1221 392.1926 395.6138 397.3907 400.9985 404.3514 404.2242 404.975 401.7013 395.7783 389.8381 374.374 361.8 353.4443 334.7987 328.1227 314.4723 305.5722 303.8363 343.0634 384.138 424.4538 417.7037 376.2747
-9999 -9999 -9999 -9999 -9999 -9999 -9999 -9999 -9999 -9999 -9999 -9999 -9999 -9999 -9999 -9999 -9999 331.9948 322.0149 310.5094 303.5177 298.3913 292.2355 282.2397 278.5849 271.5421 275.0316 274.8582 270.9243 267.8083 264.5082 273.4096 277.6731 281.5514 287.7289 297.8909 296.6357 292.9191 292.5535 294.5973 292.8546 290.425 292.6048 306.7395 324.0465 337.8314 369.6523 374.8399 375.4653 376.3366 378.1733 380.3012 380.2931 380.9209 383.3486 388.6266 390.3354 390.3611 390.0364 389.934 388.8298 389.8767 382.662 376.555 362.4322 353.9253 346.5612 331.6036 320.5416 312.5267 303.1812 309.185 339.9601 381.6002 444.056 443.1399 396.6664
-9999 -9999 -9999 -9999 -9999 -9999 -9999 -9999 -9999 -9999 -9999 -9999 -9999 -9999 -9999 -9999 -9999 331.8682 319.069 317.0768 314.9566 312.7227 310.2463 301.5245 294.8182 275.4158 273.3936 272.079 268.3444 265.1258 264.1955 262.0692 264.4088 265.2178 268.9026 278.8638 280.5844 281.4172 286.3974 292.5418 297.5049 295.6472 293.6361 302.1443 312.2088 318.6577 322.4283 357.2981 359.9237 362.7 366.6237 367.734 367.6016 370.0048 372.8772 381.8354 381.0414 377.563 373.6746 372.2805 373.5738 374.6879 367.5019 360.7322 348.4121 344.1799 339.6753 326.9039 314.9705 306.761 300.5489 307.8389 331.9176 376.4694 445.1564 448.9576 410.8731
-9999 -9999 -9999 -9999 -9999 -9999 -9999 -9999 -9999 -9999 -9999 -9999 -9999 -9999 -9999 -9999 -9999 347.759 334.9911 332.6743 331.252 329.5675 328.3133 322.3733 312.8362 302.8662 278.5824 274.0616 271.5941 268.8022 262.9896 260.0232 259.2534 258.9957 259.4878 266.3784 270.353 275.8175 285.5282 297.1388 301.8892 304.1735 311.179 317.3227 319.6165 318.3497 316.2147 330.5984 334.1146 338.5883 345.8773 346.8796 348.509 352.9937 369.848 374.3451 370.1787 358.2074 352.1951 351.513 355.9512 357.8307 350.4187 343.3859 333.172 331.8163 329.8392 321.2411 310.2177 297.2312 296.9813 306.6553 329.0957 361.3556 430.6566 444.2725 419.2434
-9999 -9999 -9999 -9999 -9999 -9999 -9999 -9999 -9999 -9999 -9999 -9999 -9999 -9999 -9999 -9999 -9999 367.8172 357.8499 356.1339 355.0066 352.3512 351.3553 345.3423 336.7439 328.7789 293.605 293.1638 290.4613 285.0714 273.7222 270.2782 267.4603 266.0769 264.4372 267.4202 272.6987 278.5107 287.4007 297.0422 303.4194 311.0969 330.9045 336.8037 336.6984 333.4414 335.7218 320.9059 317.0721 317.1792 319.2978 321.1689 324.9693 332.5346 354.2661 362.4351 356.1547 339.494 330.3712 331.7767 338.1757 340.4826 332.5324 320.0276 319.3508 319.6589 317.3163 313.5708 304.9649 294.8837 294.637 305.0476 322.3958 345.998 404.9057 422.915 413.6703
-9999 -9999 -9999 -9999 -9999 -9999 -9999 -9999 -9999 -9999 -9999 -9999 -9999 -9999 -9999 -9999 -9999 387.6845 386.7181 386.6665 387.8142 386.0846 383.4563 373.1783 364.7672 353.9262 354.1153 330.1391 329.2268 321.4447 298.4479 293.017 294.9553 302.3598 286.493 284.85 287.5707 292.1533 296.4585 301.8936 308.9306 322.58 351.3482 355.2992 357.8905 359.7236 357.9932 339.8658 319.9478 315.5964 313.6754 314.9058 316.9207 320.59 336.9911 340.6867 341.3456 325.3216 320.9159 322.6937 325.2318 324.1151 316.0843 310.7556 309.8744 309.1517 307.1754 304.6068 299.1506 293.2422 292.2357 300.7601 309.8567 325.8705 357.9575 391.908 395.2416
-9999 -9999 -9999 -9999 -9999 -9999 -9999 -9999 -9999 -9999 -9999 -9999 -9999 -9999 -9999 -9999 -9999 403.2531 404.5676 404.4753 405.1944 405.9151 405.349 401.366 393.89 383.7437 385.8151 381.1539 385.3494 370.7848 334.1826 326.1712 332.4226 353.8355 329.6266 323.7281 320.2141 320.8207 320.6139 325.444 339.7136 358.6919 380.2753 379.0596 384.4419 385.6164 372.3478 363.9069 356.1133 333.6499 331.7784 330.6436 329.7081 327.8942 327.7752 328.6707 329.015 323.5414 323.5629 322.913 320.0796 312.6062 306.018 302.6427 300.7133 300.6751 299.1429 297.4036 294.7358 292.591 292.9452 296.5237 303.695 312.6101 331.506 369.58 384.4642
-9999 -9999 -9999 -9999 -9999 -9999 -9999 -9999 -9999 -9999 -9999 -9999 -9999 -9999 -9999 -9999 -9999 410.2261 410.371 413.3167 416.8965 420.5229 425.7634 423.3973 420.8828 426.7659 442.2894 485.9975 472.2293 447.343 371.0567 358.2069 363.5779 384.2021 412.9531 374.244 372.5206 372.7349 375.3134 378.6149 387.0019 399.7176 419.0266 420.0077 417.3143 413.3914 401.8973 395.5605 390.6826 373.0555 371.2512 366.1065 359.5434 352.3518 339.8019 336.947 336.6204 329.3896 326.5463 322.4295 316.1375 304.2631 300.1821 297.0094 295.8157 295.5791 294.8757 294.0015 293.7024 294.7975 298.6031 301.6963 304.2404 313.0951 318.1411 353.2099 378.711
-9999 -9999 -9999 -9999 -9999 -9999 -9999 -9999 -9999 -9999 -9999 -9999 -9999 -9999 -9999 -9999 -9999 413.8651 413.1393 416.7116 424.0311 428.3199 438.0288 440.8547 444.8299 458.2529 482.9101 499.6465 501.0412 403.7076 387.6049 376.6803 384.4727 399.5612 445.2333 422.0501 426.4328 425.6002 421.7306 423.3967 432.4331 444.6325 460.8402 455.4856 442.5751 437.1358 427.4009 422.884 418.6898 411.9894 405.1422 396.7314 386.7998 378.0121 363.0176 357.8976 353.2601 339.3396 327.3983 320.543 313.3387 303.7658 300.7555 296.4547 294.5893 294.579 294.4514 294.8263 295.9282 298.9118 305.3598 310.9507 314.9268 322.7982 324.1407 346.1039 365.441
-9999 -9999 -9999 -9999 -9999 -9999 -9999 -9999 -9999 -9999 -9999 -9999 -9999 -9999 -9999 -9999 -9999 418.3362 419.7368 425.8478 435.0652 440.1653 448.102 456.2713 465.2083 471.415 482.4974 485.34 471.1325 395.2204 389.0642 385.1338 388.8415 407.9367 459.1931 467.95 470.3553 474.1517 463.355 464.8385 474.6603 494.97 493.7449 479.1564 457.3519 452.2343 440.7837 435.785 433.4338 425.1919 421.7011 413.2799 404.1106 389.2046 382.9671 376.8676 365.0099 356.7225 328.0022 319.3004 313.5374 307.681 305.1887 300.5516 297.889 297.5786 297.9928 298.1046 300.397 305.8566 317.8145 323.8362 329.16 340.2 345.7278 348.245 357.1022
-9999 -9999 -9999 -9999 -9999 -9999 -9999 -9999 -9999 -9999 -9999 -9999 -9999 -9999 -9999 -9999 -9999 419.5524 422.3249 427.9687 435.5038 438.8389 446.399 453.5131 465.6338 469.0468 465.0463 445.0507 421.0122 387.9971 388.6977 390.6882 401.3579 422.859 461.4258 466.3687 477.9185 483.214 476.7522 482.5718 487.8197 497.0445 496.5003 483.7357 465.07 455.1455 443.3285 437.784 435.4063 427.2758 422.5857 418.0298 411.1864 400.3449 394.5404 390.0511 377.87 368.2791 334.7933 321.9874 317.5214 314.1925 311.0097 307.671 304.988 304.466 303.9898 304.3223 309.8984 317.5979 329.9819 341.6785 354.8554 370.3765 366.7596 356.8788 353.9915
-9999 -9999 -9999 -9999 -9999 -9999 -9999 -9999 -9999 -9999 -9999 -9999 -9999 -9999 -9999 -9999 -9999 422.9266 425.8118 426.9993 427.2631 430.6152 433.4789 444.7889 449.7848 447.0223 431.9695 407.9564 390.8098 385.818 385.1349 391.2431 411.1872 457.349 463.2872 470.0262 473.0744 477.5958 477.7996 484.1999 484.5673 485.1369 482.1578 476.3594 471.4231 456.1661 443.709 437.8479 431.8672 424.0285 420.5239 417.0832 412.6233 406.1689 402.6096 396.3643 387.0242 379.4071 352.5204 329.5734 324.5439 322.6496 320.677 317.5969 315.0117 313.3514 312.527 310.254 318.3583 325.7979 346.2436 369.1393 384.1129 390.0768 379.1431 368.4554 357.9144
