Model and model input files/precip_2005.asc
ncols         625
nrows         453
xllcorner     138621.56993419
yllcorner     4094031.9406744
cellsize      1000
NODATA_value  -9999
[rows 68 to 101 of 453, columns 154 to 230 of 625]
659.5579 631.78 631.78 631.78 582.8162 583.28 583.28 584.2229 565.88 565.88 565.88 566.05 566.07 566.07 565.3937 578.55 578.55 578.55 568.226 567.01 567.01 567.4625 558.66 558.66 558.66 556.5576 556.31 556.31 556.31 560.5804 560.54 577.2874 609.9993 613.62 613.62 613.62 666.3394 665.84 665.84 698.5386 702.39 702.39 702.39 725.2364 725.02 725.02 719.4994 826.9 826.9 826.9 762.3082 762.92 762.92 759.6807 822.7 822.7 822.7 1400.382 1394.91 1394.91 1376.484 1734.96 1734.96 1734.96 1702.494 1698.67 1698.67 1698.67 1254.58 -9999 -9999 -9999 -9999 -9999 -9999 -9999 -9999
659.5579 631.78 631.78 631.78 582.8162 583.28 583.28 584.2229 565.88 565.88 565.88 566.05 566.07 566.07 565.3937 578.55 578.55 578.55 568.226 567.01 567.01 567.4625 558.66 558.66 558.66 556.2875 556.31 556.31 556.31 560.5804 560.54 560.54 564.2348 564.67 564.67 564.67 638.5195 637.82 637.82 676.3246 680.86 680.86 680.86 712.1766 711.88 711.88 710.3102 740.85 740.85 740.85 654.4618 655.28 655.28 652.5176 706.26 706.26 706.26 1119.615 1115.7 1115.7 1097.738 1447.17 1447.17 1447.17 1569.004 1567.85 1567.85 1567.85 1487.45 -9999 -9999 -9999 -9999 -9999 -9999 -9999 -9999
659.5579 631.78 631.78 631.78 582.8162 583.28 583.28 567.7136 565.88 565.88 565.88 566.05 566.07 566.07 565.3937 578.55 578.55 578.55 568.226 567.01 567.01 567.4625 558.66 558.66 558.66 556.2875 556.31 556.31 556.31 560.5804 560.54 560.54 564.2348 564.67 564.67 564.67 638.5195 637.82 637.82 676.3246 680.86 680.86 680.86 712.1766 711.88 711.88 737.7972 740.85 740.85 740.85 654.4618 655.28 655.28 652.5176 706.26 706.26 706.26 1119.615 1115.7 1115.7 1097.738 1447.17 1447.17 1447.17 1569.004 1567.85 1567.85 1567.85 1487.45 -9999 -9999 -9999 -9999 -9999 -9999 -9999 -9999
659.5579 631.78 631.78 631.78 582.8162 583.28 583.28 567.7136 565.88 565.88 565.88 566.05 566.07 566.07 565.3937 578.55 578.55 578.55 568.226 567.01 567.01 567.4625 558.66 558.66 558.66 556.2875 556.31 556.31 556.0808 560.54 560.54 560.54 564.2348 564.67 564.67 564.67 638.5195 637.82 637.82 676.3246 680.86 680.86 680.86 712.1766 711.88 711.88 737.7972 740.85 740.85 740.85 654.4618 655.28 655.28 652.5176 706.26 706.26 706.26 1119.615 1115.7 1115.7 1097.738 1447.17 1447.17 1447.17 1569.004 1567.85 1567.85 1567.85 1487.45 -9999 -9999 -9999 -9999 -9999 -9999 -9999 -9999
659.5579 631.78 631.78 631.78 582.8162 583.28 583.28 567.7136 565.88 565.88 565.88 566.0718 566.07 566.07 565.3937 578.55 578.55 578.55 568.226 567.01 567.01 567.4625 558.66 558.66 558.66 556.2875 556.31 556.31 556.0808 560.54 560.54 560.54 564.2348 564.67 564.67 564.67 638.5195 637.82 637.82 676.3246 680.86 680.86 680.86 712.1766 711.88 711.88 737.7972 740.85 740.85 740.85 654.4618 655.28 655.28 652.5176 706.26 706.26 706.26 1119.615 1115.7 1115.7 1097.738 1447.17 1447.17 1447.17 1569.004 1567.85 1567.85 1572.207 1487.45 -9999 -9999 -9999 -9999 -9999 -9999 -9999 -9999
607.6233 645.69 645.69 645.69 635.8064 635.9 635.9 602.5037 598.57 598.57 598.57 576.8846 577.09 577.09 576.4896 588.17 588.17 588.17 604.0585 605.93 605.93 608.0466 566.87 566.87 566.87 532.3228 532.65 532.65 532.7855 530.15 530.15 530.15 526.2226 525.76 525.76 525.76 567.6522 637.82 637.82 676.3246 680.86 680.86 680.86 712.1766 711.88 711.88 737.7972 740.85 740.85 740.85 655.28 655.28 655.28 652.5176 706.26 706.26 706.26 1119.615 1115.7 1115.7 1097.738 1447.17 1447.17 1447.17 1569.004 1567.85 1567.85 1572.207 1487.45 -9999 -9999 -9999 -9999 -9999 -9999 -9999 -9999
607.6233 645.69 645.69 645.69 635.8064 635.9 635.9 602.5037 598.57 598.57 598.57 576.8846 577.09 577.09 576.4896 588.17 588.17 588.17 604.0585 605.93 605.93 608.0466 566.87 566.87 566.87 532.3228 532.65 532.65 532.7855 530.15 530.15 530.15 525.718 525.76 525.76 525.76 571.2811 570.85 570.85 612.7811 617.72 617.72 617.72 645.1498 644.89 644.89 618.2033 615.06 615.06 615.06 577.6 577.6 577.6 569.9471 718.83 718.83 718.83 1243.318 1238.35 1238.35 1225.995 1466.36 1466.36 1466.36 1455.255 1455.36 1455.36 1469.198 1199.98 -9999 -9999 -9999 -9999 -9999 -9999 -9999 -9999
607.6233 645.69 645.69 645.69 635.8064 635.9 635.9 602.5037 598.57 598.57 598.57 576.8846 577.09 577.09 587.0024 588.17 588.17 588.17 604.0585 605.93 605.93 608.0466 566.87 566.87 566.87 532.3228 532.65 532.65 532.7855 530.15 530.15 530.15 525.718 525.76 525.76 525.76 571.2811 570.85 570.85 612.7811 617.72 617.72 617.72 645.1498 644.89 644.89 618.2033 615.06 615.06 615.06 577.6 577.6 577.6 569.9471 718.83 718.83 718.83 1243.318 1238.35 1238.35 1225.995 1466.36 1466.36 1466.36 1455.255 1455.36 1455.36 1469.198 1199.98 -9999 -9999 -9999 -9999 -9999 -9999 -9999 -9999
607.6233 645.69 645.69 645.69 635.8064 635.9 635.9 602.5037 598.57 598.57 598.57 576.8846 577.09 577.09 587.0024 588.17 588.17 588.17 604.0585 605.93 605.93 608.0466 566.87 566.87 566.87 532.3228 532.65 532.65 532.7855 530.15 530.15 530.15 525.718 525.76 525.76 523.3167 570.85 570.85 570.85 612.7811 617.72 617.72 617.72 645.1498 644.89 644.89 618.2033 615.06 615.06 615.06 577.6 577.6 577.6 703.9479 718.83 718.83 718.83 1243.318 1238.35 1238.35 1225.995 1466.36 1466.36 1466.36 1455.255 1455.36 1455.36 1469.198 1199.98 -9999 -9999 -9999 -9999 -9999 -9999 -9999 -9999
576.3456 574.59 574.59 574.59 598.2037 597.98 597.98 595.645 595.37 595.37 595.37 605.5665 605.47 605.47 615.3735 587.8987 588.17 588.17 606.0998 605.93 605.93 608.0466 566.87 566.87 566.87 532.3228 532.65 532.65 532.7855 530.15 530.15 530.15 525.718 525.76 525.76 523.3167 570.85 570.85 570.85 612.7811 617.72 617.72 617.72 645.1498 644.89 644.89 618.2033 615.06 615.06 615.06 577.6 577.6 577.6 703.9479 718.83 718.83 718.83 1243.318 1238.35 1238.35 1225.995 1466.36 1466.36 1466.36 1455.255 1455.36 1455.36 1469.198 1199.98 -9999 -9999 -9999 -9999 -9999 -9999 -9999 -9999
576.3456 574.59 574.59 574.59 598.2037 597.98 597.98 595.645 595.37 595.37 595.37 605.5665 605.47 605.47 615.3735 616.54 616.54 616.54 595.1877 595.39 595.39 598.1168 545.07 545.07 545.07 521.9208 522.14 522.14 523.0477 505.39 505.39 505.39 490.8018 490.94 490.94 489.1242 524.45 524.45 524.45 572.7776 578.47 578.47 578.47 682.7477 681.76 681.76 610.3242 601.91 601.91 601.91 557.72 557.72 557.72 727.1888 747.15 747.15 748.6846 1243.318 1238.35 1238.35 1225.995 1466.36 1466.36 1466.36 1455.255 1455.36 1455.36 1469.198 1199.98 -9999 -9999 -9999 -9999 -9999 -9999 -9999 -9999
576.3456 574.59 574.59 573.3226 597.98 597.98 597.98 595.645 595.37 595.37 595.37 605.5665 605.47 605.47 615.3735 616.54 616.54 616.54 595.1877 595.39 595.39 550.3725 545.07 545.07 545.07 521.9208 522.14 522.14 523.0477 505.39 505.39 505.39 490.8018 490.94 490.94 489.1242 524.45 524.45 524.45 578.9865 578.47 578.47 578.47 682.7477 681.76 681.76 610.3242 601.91 601.91 601.91 557.72 557.72 557.72 727.1888 747.15 747.15 718.2708 1280.1 1280.1 1280.1 1269.486 1475.98 1475.98 1475.98 1321.093 1322.56 1322.56 1340.869 984.68 -9999 -9999 -9999 -9999 -9999 -9999 -9999 -9999
576.3456 574.59 574.59 573.3226 597.98 597.98 597.98 595.645 595.37 595.37 595.37 605.5665 605.47 605.47 615.3735 616.54 616.54 616.54 595.1877 595.39 595.39 550.3725 545.07 545.07 545.07 521.9208 522.14 522.14 523.0477 505.39 505.39 505.39 490.8018 490.94 490.94 489.1242 524.45 524.45 524.45 578.9865 578.47 578.47 578.47 682.7477 681.76 681.76 610.3242 601.91 601.91 601.91 557.72 557.72 557.72 727.1888 747.15 747.15 718.2708 1280.1 1280.1 1280.1 1269.486 1475.98 1475.98 1475.98 1321.093 1322.56 1322.56 1340.869 984.68 -9999 -9999 -9999 -9999 -9999 -9999 -9999 -9999
576.3456 574.59 574.59 573.3226 597.98 597.98 597.98 595.645 595.37 595.37 595.37 605.5665 605.47 605.47 615.3735 616.54 616.54 616.54 595.1877 595.39 595.39 550.3725 545.07 545.07 545.07 521.9208 522.14 522.14 523.0477 505.39 505.39 505.39 490.8018 490.94 490.94 489.1242 524.45 524.45 524.45 578.9865 578.47 578.47 578.47 682.7477 681.76 681.76 610.3242 601.91 601.91 601.91 557.72 557.72 557.72 727.1888 747.15 747.15 718.2708 1280.1 1280.1 1280.1 1269.486 1475.98 1475.98 1475.98 1321.093 1322.56 1322.56 1340.869 984.68 -9999 -9999 -9999 -9999 -9999 -9999 -9999 -9999
576.2994 568.39 568.39 567.588 583.19 583.19 583.19 586.4105 586.38 586.38 586.38 585.8046 585.81 585.81 611.6288 614.67 614.67 614.67 589.3906 589.63 589.63 557.7903 554.04 554.04 554.04 552.36 552.36 552.36 553.4909 531.49 531.49 531.49 527.5069 490.94 490.94 489.1242 524.45 524.45 524.45 578.9865 578.47 578.47 572.8729 681.76 681.76 681.76 610.3242 601.91 601.91 601.91 557.72 557.72 557.72 727.1888 747.15 747.15 718.2708 1280.1 1280.1 1280.1 1455.339 1475.98 1475.98 1475.98 1321.093 1322.56 1322.56 1340.869 984.68 -9999 -9999 -9999 -9999 -9999 -9999 -9999 -9999
576.2994 568.39 568.39 567.588 583.19 583.19 583.19 586.4105 586.38 586.38 586.38 585.8046 585.81 585.81 611.6288 614.67 614.67 614.67 589.3906 589.63 589.63 557.7903 554.04 554.04 554.04 552.36 552.36 552.36 553.4909 531.49 531.49 531.49 525.6245 525.68 525.68 524.2066 552.87 552.87 552.87 577.3317 577.1 577.1 565.4204 792.64 792.64 792.64 626.535 606.97 606.97 606.97 599.38 599.38 599.38 762.5328 781.75 781.75 756.5078 1247.58 1247.58 1247.58 1366.136 1380.1 1380.1 1380.1 1130.365 1132.73 1132.73 1149.881 816.21 -9999 -9999 -9999 -9999 -9999 -9999 -9999 -9999
576.2994 568.39 568.39 567.588 583.19 583.19 583.19 586.4105 586.38 586.38 586.4109 585.81 585.81 585.81 611.6288 614.67 614.67 614.67 589.3906 589.63 589.63 557.7903 554.04 554.04 554.04 552.36 552.36 552.36 553.4909 531.49 531.49 531.49 525.6245 525.68 525.68 524.2066 552.87 552.87 552.87 577.3317 577.1 577.1 565.4204 792.64 792.64 792.64 626.535 606.97 606.97 606.97 599.38 599.38 599.38 762.5328 781.75 781.75 756.5078 1247.58 1247.58 1247.58 1366.136 1380.1 1380.1 1380.1 1130.365 1132.73 1132.73 1149.881 816.21 -9999 -9999 -9999 -9999 -9999 -9999 -9999 -9999
576.2994 568.39 568.39 567.588 583.19 583.19 583.19 586.4105 586.38 586.38 586.4109 585.81 585.81 585.81 611.6288 614.67 614.67 614.67 589.3906 589.63 589.63 557.7903 554.04 554.04 554.04 552.36 552.36 552.36 533.6891 531.49 531.49 531.49 525.6245 525.68 525.68 524.2066 552.87 552.87 552.87 577.3317 577.1 577.1 565.4204 792.64 792.64 792.64 605.1945 606.97 606.97 606.97 599.38 599.38 599.38 762.5328 781.75 781.75 756.5078 1247.58 1247.58 1247.58 1366.136 1380.1 1380.1 1393.504 1132.73 1132.73 1132.73 1149.881 816.21 -9999 -9999 -9999 -9999 -9999 -9999 -9999 -9999
576.2927 568.39 568.39 567.588 583.19 583.19 583.19 586.4105 586.38 586.38 586.4109 585.81 585.81 585.81 611.6288 614.67 614.67 614.67 589.3906 589.63 589.63 557.7903 554.04 554.04 554.04 552.36 552.36 552.36 533.6891 531.49 531.49 531.49 525.6245 525.68 525.68 524.2066 552.87 552.87 552.87 577.3317 577.1 577.1 565.4204 792.64 792.64 792.64 605.1945 606.97 606.97 606.97 599.38 599.38 599.38 762.5328 781.75 781.75 756.5078 1247.58 1247.58 1247.58 1366.136 1380.1 1380.1 1393.504 1132.73 1132.73 1132.73 1149.881 816.21 -9999 -9999 -9999 -9999 -9999 -9999 -9999 -9999
622.8322 620.32 620.32 614.4 729.57 729.57 729.57 741.4727 741.36 741.36 747.5742 626.68 626.68 626.68 775.1059 773.7 773.7 773.7 835.4448 834.86 834.86 727.8629 715.26 715.26 715.26 617.08 617.08 617.08 594.6786 592.04 592.04 590.3092 623.98 623.98 623.98 625.7476 591.36 591.36 591.36 523.053 523.7 523.7 523.5819 525.88 525.88 525.88 614.4086 613.57 613.57 613.57 611.18 611.18 611.8194 762.5328 781.75 781.75 756.5078 1247.58 1247.58 1247.58 1366.136 1380.1 1380.1 1393.504 1132.73 1132.73 1132.73 1149.881 816.21 -9999 -9999 -9999 -9999 -9999 -9999 -9999 -9999
620.092 620.32 620.32 614.4 729.57 729.57 729.57 741.4727 741.36 741.36 747.5742 626.68 626.68 626.68 775.1059 773.7 773.7 773.7 835.4448 834.86 834.86 727.8629 715.26 715.26 715.26 617.08 617.08 617.08 594.6786 592.04 592.04 590.3092 623.98 623.98 623.98 625.7476 591.36 591.36 591.36 523.053 523.7 523.7 523.5819 525.88 525.88 525.88 614.4086 613.57 613.57 613.6995 611.18 611.18 611.18 749.3191 765.59 765.59 746.3557 1120.55 1120.55 1120.55 1167.178 1172.67 1172.67 1180.864 1021.46 1021.46 1021.46 1033.34 802.22 -9999 -9999 -9999 -9999 -9999 -9999 -9999 -9999
620.092 620.32 620.32 614.4 729.57 729.57 729.57 741.4727 741.36 741.36 747.5742 626.68 626.68 626.68 775.1059 773.7 773.7 770.3859 834.86 834.86 834.86 727.8629 715.26 715.26 715.26 617.08 617.08 617.08 594.6786 592.04 592.04 590.3092 623.98 623.98 623.98 625.7476 591.36 591.36 591.36 523.053 523.7 523.7 523.5819 525.88 525.88 525.88 614.4086 613.57 613.57 613.6995 611.18 611.18 611.18 749.3191 765.59 765.59 746.3557 1120.55 1120.55 1120.55 1167.178 1172.67 1172.67 1180.864 1021.46 1021.46 1021.46 825.3224 802.22 -9999 -9999 -9999 -9999 -9999 -9999 -9999 -9999
620.092 620.32 620.32 614.4 729.57 729.57 729.57 741.4727 741.36 741.36 747.5742 626.68 626.68 626.68 775.1059 773.7 773.7 770.3859 834.86 834.86 834.86 727.8629 715.26 715.26 715.26 617.08 617.08 617.08 594.6786 592.04 592.04 590.3092 623.98 623.98 623.98 594.7973 591.36 591.36 591.36 523.053 523.7 523.7 523.5819 525.88 525.88 525.88 614.4086 613.57 613.57 613.6995 611.18 611.18 611.18 749.3191 765.59 765.59 746.3557 1120.55 1120.55 1120.55 1167.178 1172.67 1172.67 1180.864 1021.46 1021.46 1021.46 825.3224 802.22 -9999 -9999 -9999 -9999 -9999 -9999 -9999 -9999
706.0245 705.69 705.69 781.0353 789.91 789.91 789.91 870.0087 869.25 869.25 875.8587 747.29 747.29 747.29 642.7902 643.78 760.0097 770.3859 834.86 834.86 834.86 727.8629 715.26 715.26 715.26 617.08 617.08 617.08 594.6786 592.04 592.04 590.3092 623.98 623.98 623.98 594.7973 591.36 591.36 591.36 523.053 523.7 523.7 523.5819 525.88 525.88 525.88 614.4086 613.57 613.57 613.6995 611.18 611.18 611.18 767.0666 765.59 765.59 746.3557 1120.55 1120.55 1120.55 1167.178 1172.67 1172.67 1180.864 1021.46 1021.46 1021.46 825.3224 802.22 -9999 -9999 -9999 -9999 -9999 -9999 -9999 -9999
706.0245 705.69 705.69 781.0353 789.91 789.91 789.91 870.0087 869.25 869.25 875.8587 747.29 747.29 747.29 642.7902 643.78 643.78 636.9459 769.9 769.9 769.9 879.3972 878.36 878.36 878.36 755.22 755.22 755.22 680.5546 671.76 671.76 674.7246 617.05 617.05 617.05 567.2552 561.39 561.39 561.39 484.5118 485.24 485.24 483.0627 525.42 525.42 525.42 864.6431 861.43 861.43 858.713 911.57 911.57 911.57 673.293 675.55 675.55 663.7241 893.79 1096.655 1120.55 1167.178 1172.67 1172.67 1180.864 1021.46 1021.46 1021.46 825.3224 802.22 -9999 -9999 -9999 -9999 -9999 -9999 -9999 -9999
706.0245 705.69 705.69 781.0353 789.91 789.91 789.91 869.25 869.25 869.25 875.8587 747.29 747.29 747.29 642.7902 643.78 643.78 636.9459 769.9 769.9 769.9 879.3972 878.36 878.36 878.36 755.22 755.22 755.22 680.5546 671.76 671.76 674.7246 617.05 617.05 617.05 567.2552 561.39 561.39 565.5164 485.24 485.24 485.24 483.0627 525.42 525.42 525.42 864.6431 861.43 861.43 858.713 911.57 911.57 911.57 673.293 675.55 675.55 663.7241 893.79 893.79 893.79 1127.833 1155.4 1155.4 1159.106 1087 1087 1087 926.7727 907.9 -9999 -9999 -9999 -9999 -9999 -9999 -9999 -9999
706.0245 705.69 705.69 781.0353 789.91 789.91 789.91 869.25 869.25 869.25 875.8587 747.29 747.29 747.29 642.7902 643.78 643.78 636.9459 769.9 769.9 769.9 879.3972 878.36 878.36 878.36 755.22 755.22 755.22 680.5546 671.76 671.76 674.7246 617.05 617.05 617.05 567.2552 561.39 561.39 565.5164 485.24 485.24 485.24 483.0627 525.42 525.42 525.42 864.6431 861.43 861.43 858.713 911.57 911.57 911.57 673.293 675.55 675.55 663.7241 893.79 893.79 893.79 1127.833 1155.4 1155.4 1159.106 1087 1087 1087 926.7727 907.9 -9999 -9999 -9999 -9999 -9999 -9999 -9999 -9999
706.0245 705.69 705.69 781.0353 789.91 789.91 789.91 869.25 869.25 869.25 875.8587 747.29 747.29 747.29 642.7902 643.78 643.78 636.9459 769.9 769.9 769.9 879.3972 878.36 878.36 885.0327 755.22 755.22 755.22 680.5546 671.76 671.76 674.7246 617.05 617.05 617.05 567.2552 561.39 561.39 565.5164 485.24 485.24 485.24 483.0627 525.42 525.42 525.42 864.6431 861.43 861.43 858.713 911.57 911.57 911.57 673.293 675.55 675.55 870.793 893.79 893.79 893.79 1127.833 1155.4 1155.4 1159.106 1087 1087 1087 926.7727 907.9 -9999 -9999 -9999 -9999 -9999 -9999 -9999 -9999
754.1113 754.57 754.57 899.4724 916.54 916.54 916.54 1067.44 1067.44 1067.44 977.0471 966.4 966.4 966.4 767.6878 769.57 769.57 771.8015 728.39 728.39 728.39 860.5922 859.34 859.34 856.1343 918.5 918.5 918.5 879.0739 874.43 874.43 884.1919 694.28 694.28 625.1881 567.2552 561.39 561.39 565.5164 485.24 485.24 485.24 483.0627 525.42 525.42 525.42 864.6431 861.43 861.43 858.713 911.57 911.57 911.57 673.293 675.55 675.55 870.793 893.79 893.79 893.79 1127.833 1155.4 1155.4 1159.106 1087 1087 1087 926.7727 907.9 -9999 -9999 -9999 -9999 -9999 -9999 -9999 -9999
754.1113 754.57 754.57 899.4724 916.54 916.54 916.54 1067.44 1067.44 1067.44 977.0471 966.4 966.4 966.4 767.6878 769.57 769.57 771.8015 728.39 728.39 728.39 860.5922 859.34 859.34 856.1343 918.5 918.5 918.5 879.0739 874.43 874.43 884.1919 694.28 694.28 694.28 576.3505 562.46 562.46 566.5138 487.65 487.65 487.65 488.8041 488.94 488.94 488.94 686.8849 685.01 685.01 664.9503 1055.2 1055.2 1055.2 996.9482 997.5 997.5 739.3023 708.89 708.89 708.89 965.0838 995.26 995.26 987.793 1133.06 1133.06 1133.06 1024.891 1012.15 -9999 -9999 -9999 -9999 -9999 -9999 -9999 -9999
754.1113 754.57 754.57 899.4724 916.54 916.54 916.54 1067.44 1067.44 1067.44 977.0471 966.4 966.4 966.4 767.6878 769.57 769.57 771.8015 728.39 728.39 728.39 860.5922 859.34 859.34 856.1343 918.5 918.5 918.5 874.0085 874.43 874.43 884.1919 694.28 694.28 694.28 576.3505 562.46 562.46 566.5138 487.65 487.65 487.65 488.8041 488.94 488.94 488.94 686.8849 685.01 685.01 664.9503 1055.2 1055.2 1055.2 996.9482 997.5 997.5 739.3023 708.89 708.89 708.89 997.9984 995.26 995.26 987.793 1133.06 1133.06 1133.06 1024.891 1012.15 -9999 -9999 -9999 -9999 -9999 -9999 -9999 -9999
754.1113 754.57 754.57 899.4724 916.54 916.54 916.54 1067.44 1067.44 1067.44 977.0471 966.4 966.4 977.0657 769.57 769.57 769.57 771.8015 728.39 728.39 728.39 860.5922 859.34 859.34 856.1343 918.5 918.5 918.5 874.0085 874.43 874.43 884.1919 694.28 694.28 694.28 576.3505 562.46 562.46 566.5138 487.65 487.65 487.65 488.8041 488.94 488.94 488.94 686.8849 685.01 685.01 664.9503 1055.2 1055.2 1055.2 996.9482 997.5 997.5 739.3023 708.89 708.89 708.89 997.9984 995.26 995.26 987.793 1133.06 1133.06 1133.06 1024.891 1012.15 -9999 -9999 -9999 -9999 -9999 -9999 -9999 -9999
908.57 908.57 908.57 1102.614 1125.47 1125.47 1125.47 1163.15 1163.15 1163.15 1125.397 1120.95 1120.95 977.0657 769.57 769.57 769.57 771.8015 728.39 728.39 728.39 860.5922 859.34 859.34 856.1343 918.5 918.5 918.5 874.0085 874.43 874.43 884.1919 694.28 694.28 694.28 576.3505 562.46 562.46 566.5138 487.65 487.65 487.65 488.8041 488.94 488.94 478.3155 685.01 685.01 685.01 664.9503 1055.2 1055.2 1055.2 996.9482 997.5 997.5 739.3023 708.89 708.89 708.89 997.9984 995.26 995.26 987.793 1133.06 1133.06 1133.06 1024.891 1012.15 -9999 -9999 -9999 -9999 -9999 -9999 -9999 -9999
908.57 908.57 908.57 1102.614 1125.47 1125.47 1125.47 1163.15 1163.15 1163.15 1125.397 1120.95 1120.95 1128.169 987.72 987.72 987.72 987.8998 984.4 984.4 984.4 1219.527 1217.3 1217.3 1218.675 1191.92 1191.92 1191.92 1111.236 1112 1112 862.6591 833.29 833.29 833.29 656.1185 635.25 635.25 639.255 561.34 561.34 561.34 534.4028 531.23 531.23 528.4361 582.79 582.79 582.79 565.3768 904.14 904.14 904.14 1033.394 1001.153 997.5 739.3023 708.89 708.89 708.89 997.9984 995.26 995.26 987.793 1133.06 1133.06 1133.06 1024.891 1012.15 -9999 -9999 -9999 -9999 -9999 -9999 -9999 -9999
