Model and model input files/precip_1992.asc
ncols         625
nrows         453
xllcorner     138621.56993419
yllcorner     4094031.9406744
cellsize      1000
NODATA_value  -9999
[rows 0 to 33 of 453, columns 77 to 153 of 625]
273.6654 273.6654 275.7836 276.0698 276.0698 275.9995 287.45 287.45 287.45 300.6028 302.38 302.38 302.38 306.38 306.38 306.38 303.4728 303.08 303.08 303.08 288.08 288.08 288.08 270.2846 267.88 267.88 267.88 256.86 256.86 256.86 254.9483 254.69 254.69 254.69 244.45 244.45 244.45 251.9822 253 253 253 258.7 258.7 258.7 263.0432 263.63 263.63 263.63 269.58 269.58 269.58 269.58 273.55 273.55 273.55 272.8 272.8 272.8 272.8 270.02 270.02 270.02 274.06 274.06 274.06 282.4996 283.64 283.64 283.64 309.33 309.33 309.33 339.7496 343.86 343.86 343.86 393.14
292.46 292.46 285.0346 284.16 284.16 284.2245 282.97 282.97 282.97 291.1916 292.16 292.16 292.4131 287.49 287.49 287.49 284.8853 284.91 284.91 284.91 275.7634 275.85 275.85 263.2448 261.76 261.76 261.76 253.2191 253.3 253.3 247.7086 246.636 254.69 254.69 244.3521 244.45 244.45 252.099 253 253 253 258.7 258.7 258.7 263.1105 263.63 263.63 263.3076 269.58 269.58 269.58 273.1317 273.55 273.55 273.55 272.7928 272.8 272.8 272.9506 270.02 270.02 270.02 274.0986 274.06 274.06 282.6305 283.64 283.64 283.64 309.5757 309.33 309.33 340.2214 343.86 343.86 343.86 393.6113
292.46 292.46 285.0346 284.16 284.16 284.2245 282.97 282.97 282.97 291.1916 292.16 292.16 292.4131 287.49 287.49 287.49 284.8853 284.91 284.91 285.4009 275.85 275.85 275.85 263.2448 261.76 261.76 261.76 253.2191 253.3 253.3 247.7086 247.05 247.05 247.05 244.5463 244.57 244.57 253.7041 254.78 254.78 254.78 258.56 258.56 258.56 260.9666 261.25 261.25 261.1552 263 263 263 265.6392 265.95 265.95 265.917 266.56 266.56 266.56 269.3512 269.68 269.68 270.0233 274.0986 274.06 274.06 282.6305 283.64 283.64 283.64 309.5757 309.33 309.33 340.2214 343.86 343.86 343.86 393.6113
292.46 292.46 285.0346 284.16 284.16 284.2245 282.97 282.97 282.97 291.1916 292.16 292.16 292.4131 287.49 287.49 287.49 284.8853 284.91 284.91 285.4009 275.85 275.85 275.85 261.6253 261.76 261.76 261.76 253.2191 253.3 253.3 247.7086 247.05 247.05 247.05 244.5463 244.57 244.57 253.7041 254.78 254.78 254.78 258.56 258.56 258.56 260.9666 261.25 261.25 261.1552 263 263 263 265.6392 265.95 265.95 265.917 266.56 266.56 266.56 269.3512 269.68 269.68 269.247 277.67 277.67 277.67 286.661 287.72 287.72 287.72 317.3103 317.03 317.03 351.9204 356.03 356.03 356.03 396.5539
292.46 292.46 285.0346 284.16 284.16 284.2245 282.97 282.97 282.97 291.1916 292.16 292.16 292.4131 287.49 287.49 287.49 284.8853 284.91 284.91 285.4009 275.85 275.85 275.85 261.6253 261.76 261.76 262.2184 253.3 253.3 253.3 247.7086 247.05 247.05 247.05 244.5463 244.57 244.57 253.7041 254.78 254.78 254.78 258.56 258.56 258.56 260.9666 261.25 261.25 261.1552 263 263 263 265.6392 265.95 265.95 265.917 266.56 266.56 266.56 269.3512 269.68 269.68 269.247 277.67 277.67 277.67 287.8161 287.72 287.72 287.72 317.3103 317.03 317.03 351.9204 356.03 356.03 356.03 396.5539
313.96 313.96 303.2961 302.04 302.04 302.5217 293.15 293.15 293.7016 291.1916 292.16 292.16 292.4131 287.49 287.49 287.49 284.8853 284.91 284.91 285.4009 275.85 275.85 275.85 261.6253 261.76 261.76 262.2184 253.3 253.3 253.3 246.9902 247.05 247.05 247.05 244.5463 244.57 244.57 253.7041 254.78 254.78 254.78 258.56 258.56 258.56 260.9666 261.25 261.25 261.1552 263 263 263 265.6392 265.95 265.95 265.917 266.56 266.56 266.56 269.3512 269.68 269.68 269.247 277.67 277.67 277.67 287.8161 287.72 287.72 287.72 317.3103 317.03 317.03 351.9204 356.03 356.03 356.03 396.5539
313.96 313.96 303.2961 302.04 302.04 302.5217 293.15 293.15 293.15 292.148 292.03 292.03 292.3004 287.04 287.04 287.04 276.9747 277.07 277.07 277.7002 265.44 265.44 265.44 252.1844 252.31 252.31 252.5484 247.91 247.91 247.91 253.3011 253.25 253.25 252.8187 261.21 244.4109 244.57 253.7041 254.78 254.78 254.78 258.56 258.56 258.56 260.9666 261.25 261.25 261.1552 263 263 263 265.6392 265.95 265.95 265.917 266.56 266.56 266.56 269.3512 269.68 269.68 269.247 277.67 277.67 277.67 287.8161 287.72 287.72 286.1318 317.03 317.03 317.03 351.9204 356.03 356.03 356.03 396.5539
313.96 313.96 301.926 302.04 302.04 294.0868 293.15 293.15 293.15 292.148 292.03 292.03 292.3004 287.04 287.04 287.04 276.9747 277.07 277.07 277.7002 265.44 265.44 265.44 252.1844 252.31 252.31 252.5484 247.91 247.91 247.91 253.3011 253.25 253.25 252.8187 261.21 261.21 261.21 264.5113 264.48 264.48 264.48 270.1 270.1 270.1 277.7401 278.64 278.64 278.8568 274.64 274.64 274.64 273.6559 273.54 273.54 273.5725 272.94 272.94 272.94 273.6557 273.74 273.74 273.4366 279.34 279.34 279.34 303.3878 303.16 303.16 300.3813 354.44 354.44 354.44 455.6991 454.74 454.74 457.9138 396.17
313.96 313.96 301.926 302.04 302.04 294.0868 293.15 293.15 293.15 292.0193 292.03 292.03 292.3004 287.04 287.04 287.04 276.9747 277.07 277.07 277.7002 265.44 265.44 265.44 252.1844 252.31 252.31 252.5484 247.91 247.91 247.91 253.3011 253.25 253.25 252.8187 261.21 261.21 261.21 264.5113 264.48 264.48 264.1755 270.1 270.1 270.1 277.7401 278.64 278.64 278.8568 274.64 274.64 274.64 273.6559 273.54 273.54 273.5725 272.94 272.94 272.94 273.6557 273.74 273.74 273.4366 279.34 279.34 279.34 303.3878 303.16 303.16 300.3813 354.44 354.44 354.44 455.6991 454.74 454.74 452.6034 494.17
313.96 313.96 301.926 302.04 302.04 294.0868 293.15 293.15 293.15 292.0193 292.03 292.03 287.5658 287.04 287.04 287.04 276.9747 277.07 277.07 277.7002 265.44 265.44 265.44 252.1844 252.31 252.31 252.5484 247.91 247.91 247.91 253.3011 253.25 253.25 252.8187 261.21 261.21 261.21 264.5113 264.48 264.48 264.1755 270.1 270.1 270.1 278.7217 278.64 278.64 278.8568 274.64 274.64 274.64 273.6559 273.54 273.54 273.5725 272.94 272.94 272.94 273.6557 273.74 273.74 273.4366 279.34 279.34 279.34 303.3878 303.16 303.16 300.3813 354.44 354.44 354.44 455.6991 454.74 454.74 452.6034 494.17
350.87 350.87 337.8265 337.95 337.95 328.3239 327.19 327.19 327.19 324.6358 324.66 324.66 313.7008 312.41 312.41 312.41 281.86 281.86 281.86 283.1263 265.5065 265.44 265.44 252.1844 252.31 252.31 252.5484 247.91 247.91 247.91 253.3011 253.25 253.25 252.8187 261.21 261.21 261.21 264.5113 264.48 264.48 264.1755 270.1 270.1 270.1 278.7217 278.64 278.64 275.0615 274.64 274.64 274.64 273.6559 273.54 273.54 273.5725 272.94 272.94 272.94 273.6557 273.74 273.74 273.4366 279.34 279.34 279.34 303.3878 303.16 303.16 300.3813 354.44 354.44 354.44 455.6991 454.74 454.74 452.6034 494.17
350.87 350.87 337.8265 337.95 337.95 328.3239 327.19 327.19 327.19 324.6358 324.66 324.66 313.7008 312.41 312.41 312.41 281.86 281.86 281.86 260.9526 258.49 258.49 258.49 247.9805 248.08 248.08 247.2818 262.81 262.81 262.81 289.6543 289.4 289.4 289.2 293.09 293.09 293.09 289.4253 289.46 289.46 289.0904 296.28 296.28 296.28 307.4962 307.39 307.39 310.4317 274.2943 274.64 274.64 273.5295 273.54 273.54 273.5725 272.94 272.94 272.94 273.6557 273.74 273.74 273.4366 279.34 279.34 279.34 303.3878 303.16 303.16 300.3813 354.44 354.44 354.44 455.6991 454.74 454.74 452.6034 494.17
350.87 350.87 337.8265 337.95 337.95 328.3239 327.19 327.19 327.19 324.6358 324.66 324.66 313.7008 312.41 312.41 312.41 281.86 281.86 281.86 260.9526 258.49 258.49 259.0541 248.08 248.08 248.08 247.2818 262.81 262.81 262.81 289.6543 289.4 289.4 289.2 293.09 293.09 293.09 289.4253 289.46 289.46 289.0904 296.28 296.28 296.28 307.4962 307.39 307.39 310.4317 310.79 310.79 310.79 311.7087 311.7 311.7 308.8193 308.48 308.48 308.48 303.4075 302.81 302.81 302.7721 303.51 303.51 303.51 331.9191 331.65 331.65 328.3933 391.75 391.75 391.75 518.9044 517.7 517.7 509.243 673.77
350.87 350.87 337.8265 337.95 337.95 328.3239 327.19 327.19 327.19 324.6358 324.66 324.66 313.7008 312.41 312.41 312.41 281.86 281.86 281.86 260.9526 258.49 258.49 259.0541 248.08 248.08 248.08 261.2578 262.81 262.81 262.81 289.6543 289.4 289.4 289.2 293.09 293.09 293.09 289.4253 289.46 289.46 289.0904 296.28 296.28 296.28 307.4962 307.39 307.39 310.4317 310.79 310.79 310.79 311.7087 311.7 311.7 308.8193 308.48 308.48 308.48 302.7558 302.81 302.81 302.7721 303.51 303.51 303.51 331.9191 331.65 331.65 328.3933 391.75 391.75 391.75 518.9044 517.7 517.7 509.243 673.77
331.48 331.48 345.4221 345.29 345.29 361.3843 326.8449 327.19 327.19 324.6358 324.66 324.66 313.7008 312.41 312.41 312.41 281.86 281.86 281.86 260.9526 258.49 258.49 259.0541 248.08 248.08 248.08 261.2578 262.81 262.81 261.3691 289.4 289.4 289.4 289.2 293.09 293.09 293.09 289.4253 289.46 289.46 289.0904 296.28 296.28 296.28 307.4962 307.39 307.39 310.4317 310.79 310.79 310.79 311.7087 311.7 311.7 308.8193 308.48 308.48 308.48 302.7558 302.81 302.81 303.4362 303.51 303.51 303.51 331.9191 331.65 331.65 328.3933 391.75 391.75 391.75 518.9044 517.7 517.7 509.243 673.77
331.48 330.7317 345.29 345.29 345.29 361.3843 363.28 363.28 363.28 371.4373 371.36 371.36 332.2112 327.6 327.6 327.6 280.79 280.79 280.79 261.323 259.03 259.03 258.9325 260.83 260.83 260.83 286.3447 289.35 289.35 287.7536 318.81 318.81 292.4991 292.7012 293.09 293.09 293.09 289.4253 289.46 289.46 289.0904 296.28 296.28 296.28 307.4962 307.39 307.39 310.4317 310.79 310.79 310.79 311.7087 311.7 311.7 308.8193 308.48 308.48 308.48 302.7558 302.81 302.81 303.4362 303.51 303.51 303.51 331.65 331.65 331.65 328.3933 391.75 391.75 391.75 518.9044 517.7 517.7 509.243 673.77
331.48 330.7317 345.29 345.29 345.29 363.452 363.28 363.28 363.28 371.4373 371.36 371.36 332.2112 327.6 327.6 327.6 280.79 280.79 280.79 261.323 259.03 259.03 258.9325 260.83 260.83 260.83 286.3447 289.35 289.35 287.7536 318.81 318.81 318.81 318.7563 318.75 318.75 318.7576 318.61 318.61 318.61 318.1992 326.19 326.19 326.19 329.2389 329.21 329.21 332.878 333.31 333.31 333.31 341.3764 341.3 341.3 339.7523 339.57 339.57 339.57 333.2804 333.34 333.34 341.655 303.51 303.51 303.51 331.65 331.65 331.65 385.417 391.75 391.75 391.75 518.9044 517.7 517.7 509.243 673.77
331.48 330.7317 345.29 345.29 345.29 363.452 363.28 363.28 362.8422 371.36 371.36 371.36 332.2112 327.6 327.6 327.6 280.79 280.79 280.79 261.323 259.03 259.03 258.9325 260.83 260.83 260.83 286.3447 289.35 289.35 287.7536 318.81 318.81 318.81 318.7563 318.75 318.75 318.7576 318.61 318.61 318.61 325.3913 326.19 326.19 326.19 329.2389 329.21 329.21 332.878 333.31 333.31 333.31 341.3764 341.3 341.3 339.7523 339.57 339.57 339.57 333.2804 333.34 333.34 339.656 340.4 340.4 340.4 361.15 361.15 361.15 404.6109 409.73 409.73 405.6741 484.58 484.58 484.58 479.5731 576.98
331.48 330.7317 345.29 345.29 345.29 363.452 363.28 363.28 362.8422 371.36 371.36 371.36 327.1815 327.6 327.6 327.6 280.79 280.79 280.79 261.323 259.03 259.03 258.9325 260.83 260.83 260.83 286.3447 289.35 289.35 287.7536 318.81 318.81 318.81 318.7563 318.75 318.75 318.7576 318.61 318.61 318.61 325.3913 326.19 326.19 326.0264 329.21 329.21 329.21 332.878 333.31 333.31 333.31 341.3764 341.3 341.3 339.7523 339.57 339.57 339.57 333.2804 333.34 333.34 339.656 340.4 340.4 340.4 361.15 361.15 361.15 404.6109 409.73 409.73 405.6741 484.58 484.58 484.58 479.5731 576.98
328.4 328.4748 327.02 327.02 327.02 352.5014 352.26 352.26 352.2286 352.84 352.84 352.84 320.4431 320.75 320.75 323.15 276.46 280.3337 280.79 261.323 259.03 259.03 258.9325 260.83 260.83 260.83 286.3447 289.35 289.35 287.7536 318.81 318.81 318.81 318.7563 318.75 318.75 318.7576 318.61 318.61 318.61 325.3913 326.19 326.19 326.0264 329.21 329.21 329.21 333.3492 333.31 333.31 333.31 341.3764 341.3 341.3 339.7523 339.57 339.57 339.57 333.2804 333.34 333.34 339.656 340.4 340.4 340.4 361.15 361.15 361.15 404.6109 409.73 409.73 405.6741 484.58 484.58 484.58 567.2433 576.98
328.4 328.4748 327.02 327.02 327.02 352.5014 352.26 352.26 352.2286 352.84 352.84 352.84 320.4431 320.75 320.75 323.15 276.46 276.46 276.46 260.9632 261.11 261.11 260.3356 275.4 275.4 275.4 299.6086 302.46 302.46 300.9753 329.86 329.86 329.86 341.2754 342.62 342.62 342.6178 342.66 342.66 342.66 352.9661 354.18 354.18 353.8462 360.34 332.4903 329.21 333.3492 333.31 333.31 333.31 341.3764 341.3 341.3 339.7523 339.57 339.57 339.57 333.2804 333.34 333.34 339.656 340.4 340.4 340.4 361.15 361.15 361.15 404.6109 409.73 409.73 405.6741 484.58 484.58 484.58 567.2433 576.98
328.4 328.4748 327.02 327.02 327.02 352.5014 352.26 352.26 352.2286 352.84 352.84 352.84 320.4431 320.75 320.75 323.15 276.46 276.46 276.46 260.9632 261.11 261.11 273.8942 275.4 275.4 275.4 299.6086 302.46 302.46 300.9753 329.86 329.86 329.86 341.2754 342.62 342.62 342.6178 342.66 342.66 342.66 352.9661 354.18 354.18 353.8462 360.34 360.34 360.34 362.0159 362 362 362.0233 361.57 361.57 361.57 354.9766 354.2 354.2 354.2 359.056 359.01 359.01 378.146 380.4 380.4 380.4 391.79 391.79 391.79 432.6923 437.51 437.51 431.0671 556.41 556.41 556.41 687.4725 709.7338
328.4 328.4748 327.02 327.02 327.02 352.5014 352.26 352.26 352.2286 352.84 352.84 352.84 320.4431 320.75 320.75 323.15 276.46 276.46 276.46 260.9632 261.11 261.11 273.8942 275.4 275.4 275.4 302.7188 302.46 302.46 300.9753 329.86 329.86 329.86 341.2754 342.62 342.62 342.6178 342.66 342.66 342.66 352.9661 354.18 354.18 353.8462 360.34 360.34 360.34 362.0159 362 362 362.0233 361.57 361.57 361.57 354.1295 354.2 354.2 354.2 359.056 359.01 359.01 378.146 380.4 380.4 380.4 391.79 391.79 391.79 432.6923 437.51 437.51 431.0671 556.41 556.41 556.41 687.4725 702.91
328.4 327.1654 327.02 327.02 327.02 352.5014 352.26 352.26 352.2286 352.84 352.84 352.84 320.4431 320.75 320.75 323.15 276.46 276.46 276.46 260.9632 261.11 261.11 273.8942 275.4 275.4 275.4 302.7188 302.46 302.46 326.9727 329.86 329.86 329.86 341.2754 342.62 342.62 342.6178 342.66 342.66 342.66 352.9661 354.18 354.18 353.8462 360.34 360.34 360.34 362.0159 362 362 362.0233 361.57 361.57 361.57 354.1295 354.2 354.2 353.9394 359.01 359.01 359.01 378.146 380.4 380.4 380.4 391.79 391.79 391.79 432.6923 437.51 437.51 431.0671 556.41 556.41 556.41 687.4725 702.91
310.18 313.839 314.27 314.27 313.2469 333.15 333.15 333.15 333.4047 328.45 328.45 328.45 297.941 298.23 298.23 299.744 270.29 270.29 270.29 270.4818 270.9878 261.11 273.8942 275.4 275.4 275.4 302.7188 302.46 302.46 326.9727 329.86 329.86 329.86 341.2754 342.62 342.62 342.6178 342.66 342.66 342.66 352.9661 354.18 354.18 353.8462 360.34 360.34 360.34 362.0159 362 362 362.0233 361.57 361.57 361.57 354.1295 354.2 354.2 353.9394 359.01 359.01 359.01 380.6045 380.4 380.4 380.4 391.79 391.79 391.79 432.6923 437.51 437.51 431.0671 556.41 556.41 556.41 687.4725 702.91
310.18 313.839 314.27 314.27 313.2469 333.15 333.15 333.15 328.9453 328.45 328.45 328.45 297.941 298.23 298.23 299.744 270.29 270.29 270.29 270.4818 270.48 270.48 297.6855 300.89 300.89 300.89 316.6796 316.53 316.53 328.518 329.93 329.93 329.93 351.0399 350.84 350.84 362.3628 363.72 363.72 363.72 368.6494 369.23 369.23 368.2649 387.04 387.04 387.04 397.6 397.5 397.5 397.9698 388.83 388.83 388.83 377.2402 377.35 377.35 376.528 392.52 359.01 359.01 380.6045 380.4 380.4 380.4 391.79 391.79 391.79 432.6923 437.51 437.51 431.0671 556.41 556.41 556.41 687.4725 702.91
310.18 313.839 314.27 314.27 313.2469 333.15 333.15 333.15 328.9453 328.45 328.45 330.0876 298.23 298.23 298.23 299.744 270.29 270.29 270.29 270.4818 270.48 270.48 297.6855 300.89 300.89 300.89 316.6796 316.53 316.53 328.518 329.93 329.93 329.93 351.0399 350.84 350.84 362.3628 363.72 363.72 363.72 368.6494 369.23 369.23 368.2649 387.04 387.04 387.04 397.6 397.5 397.5 397.9698 388.83 388.83 388.83 377.2402 377.35 377.35 376.528 392.52 392.52 392.52 415.8611 415.64 415.64 416.2523 404.34 404.34 404.34 419.155 420.9 420.9 415.2737 524.73 524.73 524.73 694.2436 714.21
310.18 313.839 314.27 314.27 313.2469 333.15 333.15 333.15 328.9453 328.45 328.45 330.0876 298.23 298.23 298.23 273.2342 270.29 270.29 270.29 270.4818 270.48 270.48 297.6855 300.89 300.89 300.89 316.6796 316.53 316.53 328.518 329.93 329.93 329.93 351.0399 350.84 350.84 362.3628 363.72 363.72 363.72 369.2827 369.23 369.23 368.2649 387.04 387.04 387.04 397.6 397.5 397.5 397.9698 388.83 388.83 388.83 377.2402 377.35 377.35 376.528 392.52 392.52 392.52 415.8611 415.64 415.64 416.2523 404.34 404.34 404.34 421.0583 420.9 420.9 415.2737 524.73 524.73 524.73 694.2436 714.21
294.34 305.4333 306.74 306.74 305.2813 333.66 333.2037 333.15 328.9453 328.45 328.45 330.0876 298.23 298.23 298.23 273.2342 270.29 270.29 270.29 270.4818 270.48 270.48 297.6855 300.89 300.89 300.89 316.6796 316.53 316.53 328.518 329.93 329.93 329.93 351.0399 350.84 350.84 362.3628 363.72 363.72 363.72 369.2827 369.23 369.23 385.1633 387.04 387.04 387.04 397.6 397.5 397.5 397.9698 388.83 388.83 388.83 377.2402 377.35 377.35 376.528 392.52 392.52 392.52 415.8611 415.64 415.64 416.2523 404.34 404.34 404.34 421.0583 420.9 420.9 513.7889 524.73 524.73 524.73 694.2436 714.21
294.34 305.4333 306.74 306.74 305.2813 333.66 333.66 333.66 337.3459 337.78 337.78 340.0374 296.12 296.12 296.12 275.8031 273.41 273.41 272.4091 291.88 291.88 291.88 325.5358 329.5 329.5 329.5 350.3374 350.14 350.14 364.8387 366.57 366.57 366.57 350.6896 350.84 350.84 362.3628 363.72 363.72 363.72 369.2827 369.23 369.23 385.1633 387.04 387.04 387.04 397.5 397.5 397.5 397.9698 388.83 388.83 388.83 377.2402 377.35 377.35 376.528 392.52 392.52 392.52 415.8611 415.64 415.64 416.2523 404.34 404.34 404.34 421.0583 420.9 420.9 513.7889 524.73 524.73 524.73 694.2436 714.21
294.34 305.4333 306.74 306.74 305.2813 333.66 333.66 333.66 337.3459 337.78 337.78 340.0374 296.12 296.12 296.12 275.8031 273.41 273.41 272.4091 291.88 291.88 291.88 329.8597 329.5 329.5 329.5 350.3374 350.14 350.14 364.8387 366.57 366.57 366.57 382.9451 382.79 382.79 388.3904 389.05 389.05 389.05 408.161 407.98 407.98 425.4878 427.55 427.55 427.55 426.41 426.41 426.41 426.8885 417.58 417.58 417.58 416.1767 416.19 416.19 415.7197 424.87 424.87 424.87 424.658 425.1488 415.64 416.2523 404.34 404.34 404.34 421.0583 420.9 420.9 513.7889 524.73 524.73 524.73 716.0219 714.21
294.34 306.8586 306.74 306.74 305.2813 333.66 333.66 333.66 337.3459 337.78 337.78 340.0374 296.12 296.12 296.12 275.8031 273.41 273.41 272.4091 291.88 291.88 291.88 329.8597 329.5 329.5 328.3816 350.14 350.14 350.14 364.8387 366.57 366.57 366.57 382.9451 382.79 382.79 388.3904 389.05 389.05 389.05 408.161 407.98 407.98 425.4878 427.55 427.55 427.55 426.41 426.41 426.41 418.5104 417.58 417.58 417.58 416.1767 416.19 416.19 415.7197 424.87 424.87 424.87 424.658 424.66 424.66 425.6717 405.99 405.99 405.99 423.1223 422.96 422.96 528.4005 540.82 540.82 540.82 653.2045 652.14
294.34 306.8586 306.74 306.74 330.8233 333.66 333.66 333.66 337.3459 337.78 337.78 340.0374 296.12 296.12 296.12 275.8031 273.41 273.41 272.4091 291.88 291.88 291.88 329.8597 329.5 329.5 328.3816 350.14 350.14 350.14 366.7271 366.57 366.57 366.57 382.9451 382.79 382.79 388.3904 389.05 389.05 389.05 408.161 407.98 407.98 425.4878 427.55 427.55 427.55 426.41 426.41 426.41 418.5104 417.58 417.58 417.6553 416.19 416.19 416.19 415.7197 424.87 424.87 424.87 424.658 424.66 424.66 425.6717 405.99 405.99 405.99 423.1223 422.96 422.96 528.4005 540.82 540.82 540.82 653.2045 652.14
286.1 304.2822 304.11 304.11 321.7878 323.87 323.87 323.87 321.3382 321.04 321.04 323.0515 283.92 283.92 283.92 289.082 289.69 289.69 272.2535 291.88 291.88 291.88 329.8597 329.5 329.5 328.3816 350.14 350.14 350.14 366.7271 366.57 366.57 366.57 382.9451 382.79 382.79 388.3904 389.05 389.05 389.05 408.161 407.98 407.98 425.4878 427.55 427.55 427.55 426.41 426.41 426.41 418.5104 417.58 417.58 417.6553 416.19 416.19 416.19 423.9554 424.87 424.87 424.87 424.658 424.66 424.66 425.6717 405.99 405.99 405.99 423.1223 422.96 422.96 528.4005 540.82 540.82 540.82 653.2045 652.14
