Model and model input files/precip_1982.asc
ncols         625
nrows         453
xllcorner     138621.56993419
yllcorner     4094031.9406744
cellsize      1000
NODATA_value  -9999
[rows 68 to 101 of 453, columns 77 to 153 of 625]
396.04 396.04 396.04 418.2177 420.83 420.83 420.7346 422.59 422.59 422.59 424.9071 425.18 425.18 425.18 422.2624 422.29 422.29 411.1609 409.85 409.85 409.85 425.367 425.22 425.22 459.0726 463.06 463.06 463.06 439.3555 439.58 439.58 440.4519 423.49 423.49 423.49 400.9263 401.14 401.14 401.0208 403.34 403.34 403.34 449.79 449.35 449.35 449.35 456.114 456.05 456.05 457.7856 457.99 457.99 457.99 451.41 451.41 451.41 477.4078 480.47 480.47 476.1746 559.74 559.74 559.74 641.5177 651.15 651.15 651.15 683.1935 682.89 682.89 685.3788 636.96 636.96 636.96 626.1779 626.28 626.28
396.04 396.04 396.04 418.2177 420.83 420.83 420.7346 422.59 422.59 422.59 425.2048 425.18 425.18 425.18 422.2624 422.29 422.29 411.1609 409.85 409.85 409.85 425.367 425.22 425.22 459.0726 463.06 463.06 463.06 439.58 439.58 439.58 440.4519 423.49 423.49 423.49 400.9263 401.14 401.14 401.0208 403.34 403.34 403.34 449.79 449.35 449.35 448.9869 456.05 456.05 456.05 457.7856 457.99 457.99 457.99 451.41 451.41 451.41 477.4078 480.47 480.47 476.1746 559.74 559.74 559.74 641.5177 651.15 651.15 651.15 683.1935 682.89 682.89 685.3788 636.96 636.96 636.96 626.1779 626.28 626.28
441.34 441.34 441.34 482.7522 487.63 487.63 487.8511 483.55 483.55 483.55 483.4491 483.45 483.45 483.45 478.7656 478.81 428.2458 411.1609 409.85 409.85 409.85 425.367 425.22 425.22 459.0726 463.06 463.06 463.06 439.58 439.58 439.58 440.4519 423.49 423.49 423.49 400.9263 401.14 401.14 401.0208 403.34 403.34 403.34 449.79 449.35 449.35 448.9869 456.05 456.05 456.05 457.7856 457.99 457.99 457.99 451.41 451.41 451.41 477.4078 480.47 480.47 476.1746 559.74 559.74 559.74 641.5177 651.15 651.15 649.4301 682.89 682.89 682.89 685.3788 636.96 636.96 636.96 626.1779 626.28 626.28
441.34 441.34 441.34 482.7522 487.63 487.63 487.8511 483.55 483.55 483.55 483.4491 483.45 483.45 483.7014 478.81 478.81 478.81 488.2036 489.31 489.31 489.31 548.8742 548.31 548.31 499.5798 493.84 493.84 493.84 455.94 455.94 455.94 426.9631 423.55 423.55 423.55 422.0962 422.11 422.11 422.1306 421.73 421.73 421.73 431.1997 431.11 447.428 448.9869 456.05 456.05 456.05 458.0085 457.99 457.99 457.99 451.41 451.41 451.41 477.4078 480.47 480.47 476.1746 559.74 559.74 559.74 641.5177 651.15 651.15 649.4301 682.89 682.89 682.89 685.3788 636.96 636.96 636.96 626.1779 626.28 626.28
441.34 441.34 441.34 482.7522 487.63 487.63 487.8511 483.55 483.55 483.55 483.4491 483.45 483.45 483.7014 478.81 478.81 478.81 488.2036 489.31 489.31 489.31 548.8742 548.31 548.31 499.5798 493.84 493.84 493.84 455.94 455.94 455.94 426.9631 423.55 423.55 423.55 422.0962 422.11 422.11 422.1306 421.73 421.73 421.73 431.1997 431.11 431.11 427.8073 492.06 492.06 492.06 515.4819 515.26 515.26 515.26 604.14 604.14 604.14 671.0937 678.98 678.98 683.0413 604.03 604.03 604.03 632.488 635.84 635.84 637.0966 612.65 612.65 612.65 614.0833 586.2 586.2 586.2 587.0884 587.08 626.6549
441.34 441.34 441.34 482.7522 487.63 487.63 487.8511 483.55 483.55 483.55 483.4491 483.45 483.45 483.7014 478.81 478.81 478.81 489.4104 489.31 489.31 489.31 548.8742 548.31 548.31 499.5798 493.84 493.84 493.84 455.94 455.94 455.94 426.9631 423.55 423.55 423.55 422.11 422.11 422.11 422.1306 421.73 421.73 421.73 431.1997 431.11 431.11 427.8073 492.06 492.06 492.06 515.4819 515.26 515.26 510.4438 604.14 604.14 604.14 671.0937 678.98 678.98 683.0413 604.03 604.03 604.03 632.488 635.84 635.84 637.0966 612.65 612.65 612.65 588.9872 586.2 586.2 586.2 587.0884 587.08 587.08
441.34 441.34 441.34 482.7522 487.63 487.63 487.8511 483.55 483.55 483.55 483.4491 483.45 483.45 483.7014 478.81 478.81 478.81 489.4104 489.31 489.31 489.31 548.8742 548.31 548.31 499.5798 493.84 493.84 493.84 455.94 455.94 455.94 426.9631 423.55 423.55 423.55 422.11 422.11 422.11 422.1306 421.73 421.73 421.73 431.1997 431.11 431.11 427.8073 492.06 492.06 492.06 515.4819 515.26 515.26 510.4438 604.14 604.14 604.14 671.0937 678.98 678.98 683.0413 604.03 604.03 604.03 632.488 635.84 635.84 637.0966 612.65 612.65 612.65 588.9872 586.2 586.2 586.2 587.0884 587.08 587.08
412.03 412.03 412.03 416.2802 416.24 416.24 415.8168 424.05 424.05 424.05 489.2677 488.65 488.65 488.9394 483.31 483.31 483.31 531.5368 531.08 531.08 526.8485 609.17 609.17 609.17 613.1421 613.61 613.61 613.61 466.8695 455.94 455.94 426.9631 423.55 423.55 423.55 422.11 422.11 422.11 421.7701 421.73 421.73 421.73 431.1997 431.11 431.11 427.8073 492.06 492.06 492.06 515.4819 515.26 515.26 510.4438 604.14 604.14 604.14 679.6956 678.98 678.98 683.0413 604.03 604.03 604.03 632.488 635.84 635.84 637.0966 612.65 612.65 612.65 588.9872 586.2 586.2 586.1523 587.08 587.08 587.08
412.03 412.03 412.03 416.2802 416.24 416.24 423.227 424.05 424.05 424.05 489.2677 488.65 488.65 488.9394 483.31 483.31 483.31 531.5368 531.08 531.08 526.8485 609.17 609.17 609.17 613.1421 613.61 613.61 613.61 559.66 559.66 559.66 524.0807 519.89 519.89 519.89 481.92 481.92 481.92 453.8198 450.51 450.51 450.51 453.9223 453.89 453.89 454.2043 448.09 448.09 448.09 456.3079 456.23 456.23 453.6501 503.84 503.84 503.84 569.8553 569.23 667.4151 683.0413 604.03 604.03 604.03 632.488 635.84 635.84 637.0966 612.65 612.65 612.65 588.9872 586.2 586.2 586.1523 587.08 587.08 587.08
412.03 412.03 412.03 416.2802 416.24 416.24 423.227 424.05 424.05 424.05 489.2677 488.65 488.65 488.9394 483.31 483.31 483.31 531.5368 531.08 531.08 526.8485 609.17 609.17 609.17 613.6525 613.61 613.61 613.61 559.66 559.66 559.66 524.0807 519.89 519.89 519.89 481.92 481.92 481.92 453.8198 450.51 450.51 450.3268 453.89 453.89 453.89 454.2043 448.09 448.09 448.09 456.3079 456.23 456.23 453.6501 503.84 503.84 503.84 569.8553 569.23 569.23 587.3461 589.48 589.48 589.48 649.9477 657.07 657.07 658.5585 629.6 629.6 629.6 598.816 595.19 595.19 596.3328 574.1 574.1 574.1
412.03 412.03 412.03 416.2802 416.24 416.24 423.227 424.05 424.05 424.05 488.65 488.65 488.65 488.9394 483.31 483.31 483.31 531.5368 531.08 531.08 526.8485 609.17 609.17 609.17 613.6525 613.61 613.61 613.61 559.66 559.66 559.66 524.0807 519.89 519.89 519.89 481.92 481.92 481.92 453.8198 450.51 450.51 450.3268 453.89 453.89 453.89 454.2043 448.09 448.09 448.09 456.3079 456.23 456.23 453.6501 503.84 503.84 503.84 569.8553 569.23 569.23 587.3461 589.48 589.48 589.48 649.9477 657.07 657.07 658.5585 629.6 629.6 629.6 598.816 595.19 595.19 596.3328 574.1 574.1 574.1
384.98 384.98 384.98 376.4997 376.58 416.6192 423.227 424.05 424.05 424.05 488.65 488.65 488.65 488.9394 483.31 483.31 483.31 531.5368 531.08 531.08 526.8485 609.17 609.17 609.17 613.6525 613.61 613.61 616.5334 559.66 559.66 559.66 524.0807 519.89 519.89 519.89 481.92 481.92 481.92 453.8198 450.51 450.51 450.3268 453.89 453.89 453.89 448.7012 448.09 448.09 448.09 456.3079 456.23 456.23 453.6501 503.84 503.84 503.84 569.8553 569.23 569.23 587.3461 589.48 589.48 589.48 657.7163 657.07 657.07 658.5585 629.6 629.6 629.6 598.816 595.19 595.19 596.3328 574.1 574.1 574.1
384.98 384.98 384.98 376.4997 376.58 376.58 388.9795 390.44 390.44 390.44 481.24 481.24 481.24 518.5101 522.9 522.9 522.9 502.3958 502.59 502.59 501.1903 528.42 528.42 528.42 598.7158 598.05 598.05 597.2388 613.02 613.02 613.02 578.8543 519.3646 519.89 519.89 481.92 481.92 481.92 453.8198 450.51 450.51 450.3268 453.89 453.89 453.89 448.7012 448.09 448.09 448.09 456.3079 456.23 456.23 453.6501 503.84 503.84 503.84 569.8553 569.23 569.23 587.3461 589.48 589.48 589.48 657.7163 657.07 657.07 658.5585 629.6 629.6 629.6 598.816 595.19 595.19 596.3328 574.1 574.1 574.1
384.98 384.98 384.98 376.4997 376.58 376.58 388.9795 390.44 390.44 390.44 481.24 481.24 481.24 518.5101 522.9 522.9 522.9 502.3958 502.59 502.59 501.1903 528.42 528.42 528.42 598.7158 598.05 598.05 597.2388 613.02 613.02 613.02 574.4648 574.83 574.83 574.83 542.05 542.05 542.05 547.6235 548.28 548.28 549.4505 526.68 526.68 526.68 503.9923 501.32 501.32 501.7437 493.5 493.5 493.5 493.0941 500.99 500.99 500.99 529.8837 529.61 529.61 622.4005 633.33 633.33 633.33 676.832 676.42 676.42 648.8298 645.58 645.58 645.58 632.5632 631.03 631.03 595.9901 574.1 574.1 574.1
384.98 384.98 384.98 376.4997 376.58 376.58 388.9795 390.44 390.44 390.44 481.24 481.24 481.24 518.5101 522.9 522.9 524.0005 502.59 502.59 502.59 501.1903 528.42 528.42 528.42 598.7158 598.05 598.05 597.2388 613.02 613.02 613.02 574.4648 574.83 574.83 576.6063 542.05 542.05 542.05 547.6235 548.28 548.28 549.4505 526.68 526.68 526.68 503.9923 501.32 501.32 501.7437 493.5 493.5 493.5 493.0941 500.99 500.99 500.99 529.8837 529.61 529.61 622.4005 633.33 633.33 633.33 676.832 676.42 676.42 648.8298 645.58 645.58 645.58 632.5632 631.03 631.03 632.6036 601.99 601.99 601.99
384.98 384.98 385.4352 376.58 376.58 376.58 388.9795 390.44 390.44 390.44 481.24 481.24 481.24 518.5101 522.9 522.9 524.0005 502.59 502.59 502.59 501.1903 528.42 528.42 528.42 598.7158 598.05 598.05 597.2388 613.02 613.02 613.02 574.4648 574.83 574.83 576.6063 542.05 542.05 542.05 547.6235 548.28 548.28 549.4505 526.68 526.68 526.68 503.9923 501.32 501.32 501.7437 493.5 493.5 493.5 500.2007 500.99 500.99 500.99 529.8837 529.61 529.61 622.4005 633.33 633.33 633.33 676.832 676.42 676.42 648.8298 645.58 645.58 645.58 632.5632 631.03 631.03 632.6036 601.99 601.99 601.99
368.87 368.87 369.2504 361.85 361.85 361.85 373.0417 374.36 374.36 374.36 398.74 398.74 398.74 433.1383 437.19 437.19 433.6461 502.59 502.59 502.59 525.6981 528.42 528.42 528.42 598.7158 598.05 598.05 597.2388 613.02 613.02 613.02 574.4648 574.83 574.83 576.6063 542.05 542.05 542.05 547.6235 548.28 548.28 549.4505 526.68 526.68 526.68 503.9923 501.32 501.32 501.7437 493.5 493.5 493.5 500.2007 500.99 500.99 500.99 529.8837 529.61 529.61 622.4005 633.33 633.33 633.33 676.832 676.42 676.42 648.8298 645.58 645.58 645.58 630.8909 631.03 631.03 632.6036 601.99 601.99 601.99
368.87 368.87 369.2504 361.85 361.85 361.85 374.4796 374.36 374.36 374.36 398.74 398.74 398.74 433.1383 437.19 437.19 434.4525 487.71 487.71 487.71 491.4496 491.89 491.89 491.89 570.2018 569.46 569.46 566.2158 629.33 629.33 629.33 601.1733 601.44 601.44 600.6283 616.42 616.42 616.42 603.4774 603.6 603.6 603.8005 599.9 599.9 599.9 503.2921 501.32 501.32 501.7437 493.5 493.5 493.5 500.2007 500.99 500.99 499.4391 529.61 529.61 529.61 622.4005 633.33 633.33 633.33 676.832 676.42 676.42 648.8298 645.58 645.58 645.58 630.8909 631.03 631.03 632.6036 601.99 601.99 601.99
368.87 368.87 369.2504 361.85 361.85 361.85 374.4796 374.36 374.36 374.36 398.74 398.74 398.74 433.1383 437.19 437.19 434.4525 487.71 487.71 487.71 491.4496 491.89 491.89 487.6867 569.46 569.46 569.46 566.2158 629.33 629.33 629.33 601.1733 601.44 601.44 600.6283 616.42 616.42 616.42 603.4774 603.6 603.6 603.8005 599.9 599.9 599.9 573.1686 570.02 570.02 571.6017 540.83 540.83 540.83 600.1436 607.13 607.13 610.2778 549.04 549.04 549.04 577.7306 581.11 581.11 581.11 625.1572 624.74 624.74 672.674 678.32 678.32 678.32 665.2966 665.42 665.42 609.5507 602.97 602.97 602.97
368.87 368.87 369.2504 361.85 361.85 361.85 374.4796 374.36 374.36 373.0389 398.74 398.74 398.74 433.1383 437.19 437.19 434.4525 487.71 487.71 487.71 491.4496 491.89 491.89 487.6867 569.46 569.46 569.46 566.2158 629.33 629.33 629.33 601.1733 601.44 601.44 600.6283 616.42 616.42 616.42 603.4774 603.6 603.6 600.2899 599.9 599.9 599.9 573.1686 570.02 570.02 571.6017 540.83 540.83 540.83 600.1436 607.13 607.13 610.2778 549.04 549.04 549.04 581.4166 581.11 581.11 581.11 625.1572 624.74 624.74 672.674 678.32 678.32 678.32 665.2966 665.42 665.42 609.5507 602.97 602.97 602.97
354.37 354.37 353.9647 361.85 361.85 361.85 374.4796 374.36 374.36 373.0389 398.74 398.74 398.74 433.1383 437.19 437.19 434.4525 487.71 487.71 487.71 491.4496 491.89 491.89 487.6867 569.46 569.46 569.46 623.0212 629.33 629.33 629.33 601.1733 601.44 601.44 600.6283 616.42 616.42 616.42 603.4774 603.6 603.6 600.2899 599.9 599.9 599.9 573.1686 570.02 570.02 571.6017 540.83 540.83 540.83 600.1436 607.13 607.13 610.2778 549.04 549.04 549.04 581.4166 581.11 581.11 581.11 625.1572 624.74 624.74 672.674 678.32 678.32 678.32 665.2966 665.42 665.42 609.5507 602.97 602.97 602.97
354.37 354.37 354.2204 357.13 357.13 357.13 373.3739 373.22 373.22 372.3617 389.06 389.06 389.06 452.9754 452.37 452.37 448.7763 518.69 518.69 518.69 538.497 540.83 540.83 542.7656 505.11 505.11 505.11 556.2379 562.26 629.9714 629.33 601.1733 601.44 601.44 600.6283 616.42 616.42 616.42 603.4774 603.6 603.6 600.2899 599.9 599.9 599.9 569.7343 570.02 570.02 571.6017 540.83 540.83 540.83 600.1436 607.13 607.13 610.2778 549.04 549.04 549.04 581.4166 581.11 581.11 581.11 625.1572 624.74 624.74 672.674 678.32 678.32 678.32 665.2966 665.42 665.42 609.5507 602.97 602.97 602.97
354.37 354.37 354.2204 357.13 357.13 357.13 373.3739 373.22 373.22 372.3617 389.06 389.06 389.06 452.9754 452.37 452.37 448.7763 518.69 518.69 518.69 538.497 540.83 540.83 542.7656 505.11 505.11 505.11 556.2379 562.26 562.26 558.2301 636.63 636.63 636.63 634.7264 671.76 671.76 671.76 658.5448 658.67 658.67 609.0362 603.19 603.19 603.19 603.1497 603.15 603.15 604.8364 572.03 572.03 572.03 554.8174 552.79 552.79 553.5491 538.78 538.78 538.78 581.4166 581.11 581.11 578.7458 624.74 624.74 624.74 672.674 678.32 678.32 678.32 665.2966 665.42 665.42 609.5507 602.97 602.97 602.97
354.37 354.37 356.8392 357.13 357.13 357.13 373.3739 373.22 373.22 372.3617 389.06 389.06 389.06 452.9754 452.37 452.37 511.7015 518.69 518.69 518.69 538.497 540.83 540.83 542.7656 505.11 505.11 505.11 556.2379 562.26 562.26 558.2301 636.63 636.63 636.63 634.7264 671.76 671.76 671.76 658.5448 658.67 658.67 609.0362 603.19 603.19 603.19 603.1497 603.15 603.15 575.3093 572.03 572.03 572.03 554.8174 552.79 552.79 553.5491 538.78 538.78 538.78 584.7555 584.32 584.32 578.2987 695.44 695.44 695.44 765.0776 773.28 773.28 773.28 749.3433 749.57 749.57 649.381 637.58 637.58 637.58
354.37 354.37 356.8392 357.13 357.13 357.13 373.3739 373.22 373.22 372.3617 389.06 389.06 389.06 452.9754 452.37 452.37 511.7015 518.69 518.69 518.69 538.497 540.83 540.83 542.7656 505.11 505.11 505.11 556.2379 562.26 562.26 558.2301 636.63 636.63 636.63 668.0582 671.76 671.76 671.76 658.5448 658.67 658.67 609.0362 603.19 603.19 603.19 603.1497 603.15 603.15 575.3093 572.03 572.03 572.03 554.8174 552.79 552.79 553.5491 538.78 538.78 538.78 584.7555 584.32 584.32 578.2987 695.44 695.44 695.44 774.0244 773.28 773.28 773.28 749.3433 749.57 749.57 649.381 637.58 637.58 637.58
345.66 345.66 360.2245 361.94 361.94 360.2293 393.51 393.51 393.51 391.1474 437.11 437.11 437.11 458.6743 453.0128 452.37 511.7015 518.69 518.69 518.69 541.0417 540.83 540.83 542.7656 505.11 505.11 505.11 556.2379 562.26 562.26 558.2301 636.63 636.63 636.63 668.0582 671.76 671.76 671.76 658.5448 658.67 658.67 609.0362 603.19 603.19 603.19 603.1497 603.15 603.15 575.3093 572.03 572.03 572.03 552.606 552.79 552.79 553.5491 538.78 538.78 538.78 584.7555 584.32 584.32 578.2987 695.44 695.44 695.44 774.0244 773.28 773.28 773.28 749.3433 749.57 749.57 649.381 637.58 637.58 637.58
345.66 345.66 360.2245 361.94 361.94 360.2293 393.51 393.51 393.51 391.1474 437.11 437.11 437.11 458.6743 458.47 458.47 475.0206 476.97 476.97 476.97 517.6857 517.3 517.3 516.8443 525.71 525.71 525.71 475.0921 469.13 469.13 466.4206 519.13 519.13 519.13 603.7884 613.76 613.76 610.8339 667.76 667.76 667.76 615.4871 603.1313 603.19 603.19 603.1497 603.15 603.15 575.3093 572.03 572.03 572.03 552.606 552.79 552.79 553.5491 538.78 538.78 538.78 584.7555 584.32 584.32 578.2987 695.44 695.44 695.44 774.0244 773.28 773.28 773.28 749.3433 749.57 749.57 649.381 637.58 637.58 637.58
345.66 345.66 360.2245 361.94 361.94 360.2293 393.51 393.51 393.51 432.5156 437.11 437.11 437.11 458.6743 458.47 458.47 475.0206 476.97 476.97 476.97 517.6857 517.3 517.3 524.8238 525.71 525.71 525.71 475.0921 469.13 469.13 466.4206 519.13 519.13 519.13 603.7884 613.76 613.76 610.8339 667.76 667.76 667.76 615.4871 609.33 609.33 609.33 654.5382 654.11 654.11 642.9898 641.68 641.68 641.68 612.0897 612.37 612.37 612.4214 611.42 611.42 611.42 653.014 652.62 652.62 645.1784 789.95 789.95 789.95 951.1671 949.64 949.64 946.6543 1004.74 1004.74 1004.74 835.0475 635.8829 637.58 637.58
345.66 345.66 360.2245 361.94 361.94 360.2293 393.51 393.51 393.51 432.5156 437.11 437.11 437.11 458.6743 458.47 458.47 475.0206 476.97 476.97 476.97 517.6857 517.3 517.3 524.8238 525.71 525.71 525.71 475.0921 469.13 469.13 466.4206 519.13 519.13 519.13 603.7884 613.76 613.76 610.8339 667.76 667.76 667.76 608.7713 609.33 609.33 609.33 654.5382 654.11 654.11 642.9898 641.68 641.68 641.68 612.0897 612.37 612.37 611.5201 611.42 611.42 611.42 653.014 652.62 652.62 645.1784 789.95 789.95 789.95 951.1671 949.64 949.64 946.6543 1004.74 1004.74 1004.74 835.0475 815.06 815.06 815.06
345.66 345.66 360.2245 361.94 361.94 360.2293 393.51 393.51 393.51 432.5156 437.11 437.11 437.11 458.6743 458.47 458.47 475.0206 476.97 476.97 476.97 517.6857 517.3 517.3 524.8238 525.71 525.71 525.71 468.589 469.13 469.13 466.4206 519.13 519.13 519.13 603.7884 613.76 613.76 610.8339 667.76 667.76 667.76 608.7713 609.33 609.33 609.33 654.5382 654.11 654.11 642.9898 641.68 641.68 641.68 612.0897 612.37 612.37 611.5201 611.42 611.42 611.42 653.014 652.62 652.62 645.1784 789.95 789.95 789.95 951.1671 949.64 949.64 946.6543 1004.74 1004.74 1004.74 813.2462 815.06 815.06 815.06
388.14 388.14 359.5657 356.2 356.2 355.8137 363.33 363.33 363.33 367.6868 368.2 368.2 368.0456 371.05 371.05 371.05 406.4145 469.9742 476.97 476.97 517.6857 517.3 517.3 524.8238 525.71 525.71 525.71 468.589 469.13 469.13 466.4206 519.13 519.13 519.13 603.7884 613.76 613.76 610.8339 667.76 667.76 667.76 608.7713 609.33 609.33 609.33 654.5382 654.11 654.11 642.9898 641.68 641.68 641.68 612.0897 612.37 612.37 611.5201 611.42 611.42 611.42 652.62 652.62 652.62 645.1784 789.95 789.95 789.95 951.1671 949.64 949.64 946.6543 1004.74 1004.74 1004.74 813.2462 815.06 815.06 815.06
388.14 388.14 359.5657 356.2 356.2 355.8137 363.33 363.33 363.33 367.6868 368.2 368.2 368.0456 371.05 371.05 371.05 410.958 410.58 410.58 410.58 466.0252 465.5 465.5 505.8565 510.61 510.61 510.61 455.1749 455.7 455.7 470.8013 472.58 472.58 472.58 538.6927 546.48 546.48 545.031 573.22 573.22 573.22 570.8173 570.84 570.84 569.028 604.28 604.28 604.28 593.133 591.82 591.82 591.82 725.9101 724.64 724.64 796.559 609.5686 611.42 611.42 652.62 652.62 652.62 645.1784 789.95 789.95 789.95 951.1671 949.64 949.64 946.6543 1004.74 1004.74 1004.74 813.2462 815.06 815.06 815.06
388.14 388.14 355.8946 356.2 356.2 355.8137 363.33 363.33 363.33 367.6868 368.2 368.2 368.0456 371.05 371.05 371.05 410.958 410.58 410.58 410.58 466.0252 465.5 465.5 505.8565 510.61 510.61 510.61 455.1749 455.7 455.7 470.8013 472.58 472.58 472.58 538.6927 546.48 546.48 545.031 573.22 573.22 573.22 570.8173 570.84 570.84 569.028 604.28 604.28 604.28 593.133 591.82 591.82 591.82 725.9101 724.64 724.64 796.559 805.03 805.03 805.03 809.38 809.38 809.38 803.6708 914.74 914.74 914.74 1203.616 1200.88 1200.88 1204.487 1134.32 1134.32 1134.32 842.9502 845.71 845.71 839.2774
388.14 388.14 355.8946 356.2 356.2 355.8137 363.33 363.33 363.33 367.6868 368.2 368.2 368.0456 371.05 371.05 371.05 410.958 410.58 410.58 410.58 466.0252 465.5 465.5 505.8565 510.61 510.61 510.61 455.1749 455.7 455.7 470.8013 472.58 472.58 472.58 538.6927 546.48 546.48 545.031 573.22 573.22 573.22 570.8173 570.84 570.84 569.028 604.28 604.28 604.28 591.7009 591.82 591.82 591.82 725.9101 724.64 724.64 796.559 805.03 805.03 805.03 809.38 809.38 809.38 903.6377 914.74 914.74 914.74 1203.616 1200.88 1200.88 1204.487 1134.32 1134.32 1134.32 842.9502 845.71 845.71 839.2774
