Model and model input files/precip_1999.asc
ncols         625
nrows         453
xllcorner     138621.56993419
yllcorner     4094031.9406744
cellsize      1000
NODATA_value  -9999
[rows 34 to 67 of 453, columns 77 to 153 of 625]
313.83 316.8183 316.79 316.79 323.4729 324.26 324.26 324.26 322.2813 322.3 322.3 323.1979 305.73 305.73 305.73 312.7081 313.53 313.53 312.8787 325.55 325.55 325.55 339.3608 339.23 339.23 338.7017 348.98 348.98 348.98 354.4821 354.43 354.43 354.3596 355.73 355.73 355.73 354.9606 354.87 354.87 354.87 367.7722 367.65 367.65 368.2404 368.31 368.31 369.9354 367.68 367.68 367.68 365.2734 364.99 364.99 364.6595 371.09 371.09 371.09 386.6296 388.46 388.46 388.46 394.3458 394.29 394.29 395.5845 370.4 370.4 370.4 390.2682 390.08 390.08 528.8453 545.19 545.19 545.19 678.6138 677.35
313.83 316.8183 316.79 316.79 323.4729 324.26 324.26 324.26 322.2813 322.3 322.3 307.4761 305.73 305.73 305.73 312.7081 313.53 313.53 312.8787 325.55 325.55 325.55 339.3608 339.23 339.23 338.7017 348.98 348.98 348.98 354.4821 354.43 354.43 354.3596 355.73 355.73 355.73 354.8618 354.87 354.87 354.87 367.7722 367.65 367.65 368.2404 368.31 368.31 368.31 360.92 360.92 360.92 380.1902 382.46 382.46 381.1199 407.19 407.19 407.19 414.7675 415.66 415.66 416.2897 404.04 404.04 404.04 404.7417 391.09 391.09 391.09 388.768 388.79 388.79 433.0381 438.25 438.25 438.25 523.1442 522.34
313.83 316.8183 316.79 316.79 323.4729 324.26 324.26 324.26 322.2813 322.3 322.3 307.4761 305.73 305.73 305.73 313.6046 313.53 313.53 312.8787 325.55 325.55 325.55 339.3608 339.23 339.23 338.7017 348.98 348.98 348.98 354.4821 354.43 354.43 354.3596 355.73 355.73 355.73 354.8618 354.87 354.87 354.1775 367.65 367.65 367.65 368.2404 368.31 368.31 368.31 360.92 360.92 360.92 380.1902 382.46 382.46 381.1199 407.19 407.19 407.19 414.7675 415.66 415.66 416.2897 404.04 404.04 404.04 392.4546 391.09 391.09 391.09 388.768 388.79 388.79 433.0381 438.25 438.25 438.25 523.1442 522.34
313.83 316.8183 316.79 316.79 323.4729 324.26 324.26 324.26 322.2813 322.3 322.3 307.4761 305.73 305.73 305.73 313.6046 313.53 313.53 312.8787 325.55 325.55 325.55 339.3608 339.23 339.23 338.7017 348.98 348.98 348.98 354.4821 354.43 354.43 354.3596 355.73 355.73 355.73 354.8618 354.87 354.87 354.1775 367.65 367.65 367.65 368.2404 368.31 368.31 368.31 360.92 360.92 360.92 380.1902 382.46 382.46 381.1199 407.19 407.19 407.19 414.7675 415.66 415.66 416.2897 404.04 404.04 404.04 392.4546 391.09 391.09 391.09 388.768 388.79 388.79 433.0381 438.25 438.25 438.25 523.1442 522.34
313.62 322.2719 322.19 322.19 314.4783 313.57 313.57 313.57 313.9536 313.95 313.95 322.4847 323.49 323.49 323.49 343.1159 342.93 342.93 342.1696 342.08 342.08 342.08 348.8744 348.81 348.81 348.3283 357.7 357.7 357.7 351.7133 354.4554 354.43 354.3596 355.73 355.73 355.73 354.8618 354.87 354.87 354.1775 367.65 367.65 367.65 368.3163 368.31 368.31 368.31 360.92 360.92 360.92 380.1902 382.46 382.46 381.1199 407.19 407.19 407.19 414.7675 415.66 415.66 416.2897 404.04 404.04 404.04 392.4546 391.09 391.09 391.2146 388.79 388.79 388.79 433.0381 438.25 438.25 438.25 523.1442 522.34
313.1556 322.19 322.19 322.19 314.4783 313.57 313.57 313.57 313.9536 313.95 313.95 322.4847 323.49 323.49 323.49 343.1159 342.93 342.93 342.1696 342.08 342.08 342.08 348.81 348.81 348.81 348.3283 357.7 357.7 357.7 351.7133 351.77 351.77 351.7976 351.26 351.26 351.26 362.2137 362.11 362.11 361.9328 365.38 365.38 365.38 357.2429 357.32 357.32 357.1553 360.36 360.36 360.36 378.2794 380.39 380.39 379.2472 401.48 401.48 401.48 424.8834 427.64 416.9224 416.2897 404.04 404.04 404.04 392.4546 391.09 391.09 391.2146 388.79 388.79 388.79 438.723 438.25 438.25 438.25 523.1442 522.34
313.1556 322.19 322.19 322.19 314.4783 313.57 313.57 313.57 313.9536 313.95 313.95 322.4847 323.49 323.49 323.49 343.1159 342.93 342.93 342.1696 342.08 342.08 342.08 348.81 348.81 348.81 356.7632 357.7 357.7 357.7 351.7133 351.77 351.77 351.7976 351.26 351.26 351.26 362.2137 362.11 362.11 361.9328 365.38 365.38 365.38 357.2429 357.32 357.32 357.1553 360.36 360.36 360.36 378.2794 380.39 380.39 379.2472 401.48 401.48 401.48 424.8834 427.64 427.64 427.083 437.92 437.92 437.92 423.8207 422.16 422.16 423.1283 404.29 404.29 404.29 397.9803 398.04 398.04 398.04 433.5968 433.26
313.1556 322.19 322.19 322.19 313.4876 313.57 313.57 313.57 313.9536 313.95 313.95 322.4847 323.49 323.49 323.49 343.1159 342.93 342.93 342.1696 342.08 342.08 342.08 348.81 348.81 348.81 356.7632 357.7 357.7 357.7 351.7133 351.77 351.77 351.7976 351.26 351.26 351.26 362.2137 362.11 362.11 361.9328 365.38 365.38 365.38 357.2429 357.32 357.32 357.1553 360.36 360.36 360.36 380.5815 380.39 380.39 379.2472 401.48 401.48 401.48 424.8834 427.64 427.64 427.083 437.92 437.92 437.92 423.8207 422.16 422.16 423.1283 404.29 404.29 404.29 397.9803 398.04 398.04 396.1315 433.26 433.26
310.6689 317.5 317.5 317.5 320.5388 320.51 320.8861 313.5494 313.95 313.95 313.95 322.4847 323.49 323.49 323.49 343.1159 342.93 342.93 342.1696 342.08 342.08 342.08 348.81 348.81 348.81 356.7632 357.7 357.7 358.0213 351.77 351.77 351.77 351.7976 351.26 351.26 351.26 362.2137 362.11 362.11 361.9328 365.38 365.38 365.38 357.2429 357.32 357.32 357.1553 360.36 360.36 360.36 380.5815 380.39 380.39 399.2577 401.48 401.48 401.48 424.8834 427.64 427.64 427.083 437.92 437.92 437.92 423.8207 422.16 422.16 423.1283 404.29 404.29 404.29 397.9803 398.04 398.04 396.1315 433.26 433.26
310.6689 317.5 317.5 317.5 320.5388 320.51 320.51 319.2036 344.62 344.62 344.62 354.5414 355.71 355.71 355.71 337.4571 337.63 337.63 335.0714 334.77 334.77 334.77 343.23 343.23 343.23 351.9437 352.97 352.97 352.918 353.93 353.93 353.93 360.9528 362.35 351.26 351.26 362.2137 362.11 362.11 361.9328 365.38 365.38 365.38 357.2429 357.32 357.32 357.1553 360.36 360.36 360.36 380.5815 380.39 380.39 399.2577 401.48 401.48 401.48 424.8834 427.64 427.64 427.083 437.92 437.92 437.92 423.8207 422.16 422.16 423.1283 404.29 404.29 404.29 397.9803 398.04 398.04 396.1315 433.26 433.26
310.6689 317.5 317.5 317.5 320.5388 320.51 320.51 319.2036 344.62 344.62 344.62 355.816 355.71 355.71 355.71 337.4571 337.63 337.63 335.0714 334.77 334.77 334.77 343.23 343.23 343.23 351.9437 352.97 352.97 352.918 353.93 353.93 353.93 360.9528 361.78 361.78 361.2576 371.42 371.42 371.42 372.0459 359.87 359.87 359.87 359.9104 359.91 359.91 359.1736 373.5 373.5 373.5 386.7152 386.59 386.59 406.7012 409.07 409.07 409.07 423.0323 422.9 422.9 422.5153 430 430 430 433.5248 433.94 433.94 435.5342 404.52 404.52 404.52 393.2735 393.38 393.38 395.6405 433.26 433.26
310.6689 317.5 317.5 317.5 320.5388 320.51 320.51 319.2036 344.62 344.62 344.62 355.816 355.71 355.71 356.6897 337.63 337.63 337.63 335.0714 334.77 334.77 334.77 343.23 343.23 343.23 351.9437 352.97 352.97 352.918 353.93 353.93 353.93 360.9528 361.78 361.78 361.2576 371.42 371.42 371.42 372.0459 359.87 359.87 359.87 359.9104 359.91 359.91 359.1736 373.5 373.5 373.5 386.7152 386.59 386.59 406.7012 409.07 409.07 409.07 423.0323 422.9 422.9 429.2518 430 430 430 433.5248 433.94 433.94 435.5342 404.52 404.52 404.52 393.2735 393.38 393.38 392.8961 402.31 402.31
310.6689 317.5 317.5 317.5 320.5388 320.51 320.51 319.2036 344.62 344.62 344.62 355.816 355.71 355.71 356.6897 337.63 337.63 337.63 334.7426 334.77 334.77 334.77 343.23 343.23 343.23 351.9437 352.97 352.97 352.918 353.93 353.93 353.93 360.9528 361.78 361.78 361.2576 371.42 371.42 371.42 361.0871 359.87 359.87 359.87 359.9104 359.91 359.91 359.1736 373.5 373.5 373.5 386.7152 386.59 386.59 406.7012 409.07 409.07 409.07 423.0323 422.9 422.9 429.2518 430 430 430 433.5248 433.94 433.94 435.5342 404.52 404.52 404.52 393.2735 393.38 393.38 392.8961 402.31 402.31
303.6075 312.41 312.41 312.41 323.0306 322.93 322.93 322.1762 336.84 336.84 336.84 346.128 346.04 346.04 346.5602 336.44 336.44 336.44 335.5138 334.77 334.77 334.77 343.23 343.23 343.23 351.9437 352.97 352.97 352.918 353.93 353.93 353.93 360.9528 361.78 361.78 361.2576 371.42 371.42 371.42 361.0871 359.87 359.87 359.87 359.9104 359.91 359.91 359.1736 373.5 373.5 373.5 386.7152 386.59 386.59 406.7012 409.07 409.07 409.07 423.0323 422.9 422.9 429.2518 430 430 430 433.9777 433.94 433.94 435.5342 404.52 404.52 404.52 393.2735 393.38 393.38 392.8961 402.31 402.31
311.5301 312.41 312.41 312.41 323.0306 322.93 322.93 322.1762 336.84 336.84 336.84 346.128 346.04 346.04 346.5602 336.44 336.44 336.44 341.4272 341.38 341.38 340.6891 354.13 354.13 354.13 348.5386 347.88 347.88 347.1707 360.97 360.97 360.97 377.3416 379.27 379.27 378.8528 386.97 386.97 386.97 374.0516 372.53 372.53 372.2883 376.99 376.99 376.99 377.1791 373.5 373.5 373.5 386.7152 386.59 386.59 406.7012 409.07 409.07 409.07 423.0323 422.9 422.9 429.2518 430 430 430 433.9777 433.94 433.94 435.5342 404.52 404.52 404.52 393.2735 393.38 393.38 392.8961 402.31 402.31
311.5301 312.41 312.41 312.41 322.93 322.93 322.93 322.1762 336.84 336.84 336.84 346.128 346.04 346.04 346.5602 336.44 336.44 336.44 341.4272 341.38 341.38 340.6891 354.13 354.13 354.13 347.8203 347.88 347.88 347.1707 360.97 360.97 360.97 377.3416 379.27 379.27 378.8528 386.97 386.97 386.97 374.0516 372.53 372.53 372.2883 376.99 376.99 376.99 384.7375 385.65 385.65 385.65 395.7153 395.62 395.62 407.7422 409.17 409.17 409.17 424.0207 423.88 423.88 444.6264 447.07 447.07 447.07 418.4792 418.75 418.75 392.1886 389.06 389.06 389.06 384.2949 384.34 384.34 383.0498 408.15 408.15
311.5301 312.41 312.41 312.41 322.93 322.93 322.93 322.1762 336.84 336.84 336.84 346.128 346.04 346.04 346.5602 336.44 336.44 336.44 341.4272 341.38 341.38 340.6891 354.13 354.13 354.13 347.8203 347.88 347.88 347.1707 360.97 360.97 360.97 377.3416 379.27 379.27 378.8528 386.97 386.97 386.97 374.0516 372.53 372.53 372.2883 376.99 376.99 376.99 384.7375 385.65 385.65 385.65 395.7153 395.62 395.62 407.7422 409.17 409.17 409.17 424.0207 423.88 423.88 444.6264 447.07 447.07 447.07 418.4792 418.75 418.75 392.1886 389.06 389.06 389.06 384.34 384.34 384.34 383.0498 408.15 408.15
322.881 321.94 321.94 321.94 322.8923 322.93 322.93 335.3742 336.84 336.84 336.84 346.128 346.04 346.04 346.5602 336.44 336.44 336.44 341.4272 341.38 341.38 340.6891 354.13 354.13 354.13 347.8203 347.88 347.88 359.5906 360.97 360.97 360.97 377.3416 379.27 379.27 378.8528 386.97 386.97 386.97 374.0516 372.53 372.53 372.2883 376.99 376.99 376.99 384.7375 385.65 385.65 385.1097 395.62 395.62 395.62 407.7422 409.17 409.17 409.17 424.0207 423.88 423.88 444.6264 447.07 447.07 447.07 418.4792 418.75 418.75 392.1886 389.06 389.06 389.06 384.34 384.34 384.34 383.0498 408.15 408.15
322.881 321.94 321.94 321.94 326.87 326.87 326.87 324.875 324.64 324.64 324.4986 327.25 327.25 327.25 326.9503 332.78 332.78 332.78 333.6381 333.63 333.63 333.3558 338.69 338.69 338.69 345.0906 345.03 345.03 353.511 354.51 354.16 360.97 379.445 379.27 379.27 378.8528 386.97 386.97 386.97 374.0516 372.53 372.53 372.2883 376.99 376.99 376.99 384.7375 385.65 385.65 385.1097 395.62 395.62 395.62 409.2996 409.17 409.17 409.17 424.0207 423.88 423.88 444.6264 447.07 447.07 447.07 418.4792 418.75 418.75 392.1886 389.06 389.06 389.06 384.34 384.34 384.34 405.641 408.15 408.15
322.881 321.94 321.94 321.94 326.87 326.87 326.87 324.875 324.64 324.64 324.4986 327.25 327.25 327.25 326.9503 332.78 332.78 332.78 333.6381 333.63 333.63 333.3558 338.69 338.69 338.69 345.0906 345.03 345.03 353.511 354.51 354.51 354.51 355.8729 355.86 355.86 355.5858 360.92 360.92 360.92 357.6546 357.27 357.27 356.8587 364.86 364.86 364.86 370.854 371.56 371.56 371.0452 381.06 381.06 381.06 400.8979 400.71 400.71 400.71 422.456 422.25 422.25 444.4546 447.07 447.07 447.07 418.4792 418.75 418.75 392.1886 389.06 389.06 389.06 384.34 384.34 384.34 405.641 408.15 408.15
322.881 321.94 321.94 321.94 326.87 326.87 326.87 324.875 324.64 324.64 324.4986 327.25 327.25 327.25 332.1973 332.78 332.78 332.78 333.6381 333.63 333.63 333.3558 338.69 338.69 338.69 345.0906 345.03 345.03 353.511 354.51 354.51 354.51 355.8729 355.86 355.86 360.3868 360.92 360.92 360.92 357.6546 357.27 357.27 356.8587 364.86 364.86 364.86 370.854 371.56 371.56 371.0452 381.06 381.06 381.06 400.8979 400.71 400.71 399.5428 422.25 422.25 422.25 412.1407 410.95 410.95 410.95 392.5053 392.68 392.68 381.8192 380.54 380.54 380.54 385.93 385.93 385.93 398.7589 400.27 400.27
322.881 321.94 321.94 321.94 326.87 326.87 326.87 324.875 324.64 324.64 324.4986 327.25 327.25 327.25 332.1973 332.78 332.78 332.7339 333.63 333.63 333.63 333.3558 338.69 338.69 338.69 345.0906 345.03 345.03 353.511 354.51 354.51 354.51 355.8729 355.86 355.86 360.3868 360.92 360.92 360.92 357.6546 357.27 357.27 356.8587 364.86 364.86 364.86 370.854 371.56 371.56 371.0452 381.06 381.06 381.06 400.8979 400.71 400.71 399.5428 422.25 422.25 422.25 412.1407 410.95 410.95 410.95 392.5053 392.68 392.68 381.8192 380.54 380.54 380.54 385.93 385.93 385.93 398.7589 400.27 400.27
327.85 328.31 328.31 328.31 322.42 322.42 322.42 329.4518 330.28 330.28 329.588 343.05 343.05 343.05 348.4446 349.08 332.78 332.7339 333.63 333.63 333.63 333.3558 338.69 338.69 338.69 345.0906 345.03 345.03 353.511 354.51 354.51 354.51 355.8729 355.86 355.86 360.3868 360.92 360.92 360.92 357.2351 357.27 357.27 356.8587 364.86 364.86 364.86 370.854 371.56 371.56 371.0452 381.06 381.06 381.06 400.8979 400.71 400.71 399.5428 422.25 422.25 422.25 410.8419 410.95 410.95 410.95 392.5053 392.68 392.68 381.8192 380.54 380.54 380.54 385.93 385.93 385.93 398.7589 400.27 400.27
327.85 328.31 328.31 328.31 322.42 322.42 322.42 329.4518 330.28 330.28 329.588 343.05 343.05 343.05 348.4446 349.08 349.08 348.9294 351.86 351.86 351.86 345.6066 344.87 344.87 344.87 342.8307 342.85 342.85 347.8599 348.45 348.45 348.45 357.738 357.65 357.65 366.7126 367.78 367.78 367.78 379.3597 379.25 379.25 380.1983 381.1472 364.86 364.86 370.854 371.56 371.56 371.0452 381.06 381.06 381.06 400.8979 400.71 400.71 399.5428 422.25 422.25 422.25 410.8419 410.95 410.95 410.95 392.5053 392.68 392.68 381.8192 380.54 380.54 380.54 385.93 385.93 385.93 398.7589 400.27 400.27
327.85 328.31 328.31 328.6292 322.42 322.42 322.42 329.4518 330.28 330.28 329.588 343.05 343.05 343.05 348.4446 349.08 349.08 348.9294 351.86 351.86 351.86 345.6066 344.87 344.87 344.9795 342.85 342.85 342.85 347.8599 348.45 348.45 348.45 357.738 357.65 357.65 366.7126 367.78 367.78 367.78 379.3597 379.25 379.25 380.1983 380.31 380.31 380.31 379.2991 379.18 379.18 378.7524 387.07 387.07 387.07 402.3548 402.21 402.21 402.6511 394.07 394.07 394.07 385.307 385.39 385.39 385.5791 381.9 381.9 381.9 380.7907 380.66 380.66 380.66 387.85 387.85 387.85 397.5746 400.2848 400.27
327.85 328.31 328.31 328.6292 322.42 322.42 322.42 330.3552 330.28 330.28 329.588 343.05 343.05 343.05 348.4446 349.08 349.08 348.9294 351.86 351.86 351.86 345.6066 344.87 344.87 344.9795 342.85 342.85 342.85 347.8599 348.45 348.45 348.45 357.738 357.65 357.65 366.7126 367.78 367.78 367.78 379.3597 379.25 379.25 380.1983 380.31 380.31 380.31 379.1692 379.18 379.18 378.7524 387.07 387.07 387.07 402.3548 402.21 402.21 402.6511 394.07 394.07 394.07 385.307 385.39 385.39 385.5791 381.9 381.9 381.9 380.7907 380.66 380.66 380.66 387.85 387.85 387.85 397.5746 398.72 398.72
327.85 328.31 328.31 328.6292 322.42 322.42 322.42 330.3552 330.28 330.28 329.588 343.05 343.05 343.05 348.4446 349.08 349.08 348.9294 351.86 351.86 351.86 345.6066 344.87 344.87 344.9795 342.85 342.85 342.85 348.5036 348.45 348.45 348.45 357.738 357.65 357.65 366.7126 367.78 367.78 367.78 379.3597 379.25 379.25 380.1983 380.31 380.31 380.31 379.1692 379.18 379.18 378.7524 387.07 387.07 387.07 402.3548 402.21 402.21 402.6511 394.07 394.07 394.07 385.307 385.39 385.39 385.5791 381.9 381.9 381.9 380.6481 380.66 380.66 380.66 387.85 387.85 387.85 397.5746 398.72 398.72
349.5246 349.49 349.49 350.0552 339.06 339.06 339.06 346.238 346.17 346.17 359.5536 361.13 361.13 361.13 361.8815 361.97 361.97 361.8443 364.29 351.7411 351.86 345.6066 344.87 344.87 344.9795 342.85 342.85 342.85 348.5036 348.45 348.45 348.45 357.738 357.65 357.65 366.7126 367.78 367.78 367.78 379.3597 379.25 379.25 380.1983 380.31 380.31 380.31 379.1692 379.18 379.18 386.2386 387.07 387.07 387.07 402.3548 402.21 402.21 402.6511 394.07 394.07 394.07 385.307 385.39 385.39 385.5791 381.9 381.9 381.9 380.6481 380.66 380.66 380.66 387.85 387.85 387.85 397.5746 398.72 398.72
349.5246 349.49 349.49 350.0552 339.06 339.06 339.06 346.238 346.17 346.17 359.5536 361.13 361.13 361.13 361.978 361.97 361.97 361.8443 364.29 364.29 364.29 359.0386 358.42 358.42 355.2912 416.16 416.16 416.16 387.0543 387.33 387.33 389.0781 355.07 355.07 355.07 354.9716 354.96 354.96 354.96 378.7756 378.55 378.55 384.383 385.07 385.07 385.07 376.0445 376.13 376.13 375.8079 375.77 375.77 375.77 387.92 387.92 387.92 387.8799 393.4999 394.07 394.07 385.307 385.39 385.39 385.5791 381.9 381.9 381.9 380.6481 380.66 380.66 380.2704 387.85 387.85 387.85 397.5746 398.72 398.72
349.5246 349.49 349.49 350.0552 339.06 339.06 339.06 346.238 346.17 346.17 359.5536 361.13 361.13 361.13 361.978 361.97 361.97 361.8443 364.29 364.29 364.29 359.0386 358.42 358.42 355.2912 416.16 416.16 416.16 387.0543 387.33 387.33 389.0781 355.07 355.07 355.07 354.959 354.96 354.96 354.96 378.7756 378.55 378.55 384.383 385.07 385.07 385.07 376.0445 376.13 376.13 375.8079 375.77 375.77 375.77 387.92 387.92 387.92 387.8799 388.66 388.66 388.66 380.6441 380.72 380.72 379.51 403.05 403.05 403.05 409.8141 409.75 409.75 408.6083 430.82 430.82 430.82 471.8486 471.46 471.46
349.49 349.49 349.49 350.0552 339.06 339.06 339.06 346.238 346.17 346.17 359.5536 361.13 361.13 361.13 361.978 361.97 361.97 364.0455 364.29 364.29 364.29 359.0386 358.42 358.42 355.2912 416.16 416.16 416.16 387.0543 387.33 387.33 389.0781 355.07 355.07 355.07 354.959 354.96 354.96 354.96 378.7756 378.55 378.55 384.383 385.07 385.07 385.07 376.0445 376.13 376.13 375.8079 375.77 375.77 375.77 387.92 387.92 387.92 388.582 388.66 388.66 388.66 380.6441 380.72 380.72 379.51 403.05 403.05 403.05 409.8141 409.75 409.75 408.6083 430.82 430.82 430.82 471.8486 471.46 471.46
355.71 355.71 355.71 354.9476 371.4446 339.06 339.06 346.238 346.17 346.17 359.5536 361.13 361.13 361.13 361.978 361.97 361.97 364.0455 364.29 364.29 364.29 359.0386 358.42 358.42 355.2912 416.16 416.16 416.16 387.0543 387.33 387.33 389.0781 355.07 355.07 355.07 354.959 354.96 354.96 353.6817 378.55 378.55 378.55 384.383 385.07 385.07 385.07 376.0445 376.13 376.13 375.8079 375.77 375.77 375.77 387.92 387.92 387.92 388.582 388.66 388.66 388.66 380.6441 380.72 380.72 379.51 403.05 403.05 403.05 409.8141 409.75 409.75 408.6083 430.82 430.82 430.82 471.8486 471.46 471.46
355.71 355.71 355.71 368.2974 369.78 369.78 369.78 376.2008 376.14 376.14 376.8557 376.94 376.94 376.94 368.7524 368.83 368.83 361.6998 360.86 360.86 360.86 370.7941 370.7 370.7 369.2814 396.88 396.88 396.88 376.7695 376.96 376.96 387.9853 355.07 355.07 355.07 354.959 354.96 354.96 353.6817 378.55 378.55 378.55 384.383 385.07 385.07 385.07 376.0445 376.13 376.13 375.8079 375.77 375.77 375.77 387.92 387.92 387.92 388.582 388.66 388.66 389.0902 380.72 380.72 380.72 379.51 403.05 403.05 403.05 409.8141 409.75 409.75 408.6083 430.82 430.82 430.82 471.8486 471.46 471.46
355.71 355.71 355.71 368.2974 369.78 369.78 369.78 376.2008 376.14 376.14 376.8557 376.94 376.94 376.94 368.7524 368.83 368.83 361.6998 360.86 360.86 360.86 370.7941 370.7 370.7 369.2814 396.88 396.88 396.88 376.7695 376.96 376.96 377.497 367.05 367.05 367.05 351.735 351.88 351.88 351.822 352.95 352.95 352.95 385.5185 385.21 385.21 385.21 387.4916 387.47 387.47 384.6877 384.36 384.36 384.36 377.05 377.05 377.05 395.5598 397.74 397.74 394.3955 459.46 379.967 380.72 379.51 403.05 403.05 403.05 409.8141 409.75 409.75 408.6083 430.82 430.82 430.82 471.8486 471.46 471.46
