Model and model input files/precip_2001.asc
ncols         625
nrows         453
xllcorner     138621.56993419
yllcorner     4094031.9406744
cellsize      1000
NODATA_value  -9999
[rows 68 to 101 of 453, columns 154 to 230 of 625]
467.4875 448.47 448.47 448.47 414.0641 414.39 414.39 415.5718 392.58 392.58 392.58 390.1824 389.9 389.9 389.3462 400.12 400.12 400.12 395.1459 394.56 394.56 394.5838 394.12 394.12 394.12 392.6081 392.43 392.43 392.43 393.3992 393.39 399.8492 402.5155 402.74 402.74 402.74 418.8324 418.68 418.68 429.9523 431.28 431.28 431.28 451.6732 451.48 451.48 447.274 529.1 529.1 529.1 469.6065 470.17 470.17 467.1063 526.71 526.71 526.71 972.5833 968.36 968.36 955.7349 1201.35 1201.35 1201.35 1183.52 1181.42 1181.42 1181.42 868.56 -9999 -9999 -9999 -9999 -9999 -9999 -9999 -9999
467.4875 448.47 448.47 448.47 414.0641 414.39 414.39 415.5718 392.58 392.58 392.58 390.1824 389.9 389.9 389.3462 400.12 400.12 400.12 395.1459 394.56 394.56 394.5838 394.12 394.12 394.12 392.4138 392.43 392.43 392.43 393.3992 393.39 393.39 389.8831 389.47 389.47 389.47 415.86 415.61 415.61 430.6755 432.45 432.45 432.45 463.9383 463.64 463.64 462.5725 483.34 483.34 483.34 415.8205 416.46 416.46 414.4719 453.15 453.15 453.15 761.6925 758.77 758.77 745.0432 1012.09 1012.09 1012.09 1134.722 1133.56 1133.56 1133.56 1101.37 -9999 -9999 -9999 -9999 -9999 -9999 -9999 -9999
467.4875 448.47 448.47 448.47 414.0641 414.39 414.39 394.8782 392.58 392.58 392.58 390.1824 389.9 389.9 389.3462 400.12 400.12 400.12 395.1459 394.56 394.56 394.5838 394.12 394.12 394.12 392.4138 392.43 392.43 392.43 393.3992 393.39 393.39 389.8831 389.47 389.47 389.47 415.86 415.61 415.61 430.6755 432.45 432.45 432.45 463.9383 463.64 463.64 481.2641 483.34 483.34 483.34 415.8205 416.46 416.46 414.4719 453.15 453.15 453.15 761.6925 758.77 758.77 745.0432 1012.09 1012.09 1012.09 1134.722 1133.56 1133.56 1133.56 1101.37 -9999 -9999 -9999 -9999 -9999 -9999 -9999 -9999
467.4875 448.47 448.47 448.47 414.0641 414.39 414.39 394.8782 392.58 392.58 392.58 390.1824 389.9 389.9 389.3462 400.12 400.12 400.12 395.1459 394.56 394.56 394.5838 394.12 394.12 394.12 392.4138 392.43 392.43 392.378 393.39 393.39 393.39 389.8831 389.47 389.47 389.47 415.86 415.61 415.61 430.6755 432.45 432.45 432.45 463.9383 463.64 463.64 481.2641 483.34 483.34 483.34 415.8205 416.46 416.46 414.4719 453.15 453.15 453.15 761.6925 758.77 758.77 745.0432 1012.09 1012.09 1012.09 1134.722 1133.56 1133.56 1133.56 1101.37 -9999 -9999 -9999 -9999 -9999 -9999 -9999 -9999
467.4875 448.47 448.47 448.47 414.0641 414.39 414.39 394.8782 392.58 392.58 392.58 389.8744 389.9 389.9 389.3462 400.12 400.12 400.12 395.1459 394.56 394.56 394.5838 394.12 394.12 394.12 392.4138 392.43 392.43 392.378 393.39 393.39 393.39 389.8831 389.47 389.47 389.47 415.86 415.61 415.61 430.6755 432.45 432.45 432.45 463.9383 463.64 463.64 481.2641 483.34 483.34 483.34 415.8205 416.46 416.46 414.4719 453.15 453.15 453.15 761.6925 758.77 758.77 745.0432 1012.09 1012.09 1012.09 1134.722 1133.56 1133.56 1135.304 1101.37 -9999 -9999 -9999 -9999 -9999 -9999 -9999 -9999
432.3539 457.18 457.18 457.18 450.5371 450.6 450.6 429.0664 426.53 426.53 426.53 412.7495 412.88 412.88 412.5462 419.04 419.04 419.04 428.2457 429.33 429.33 430.5747 406.36 406.36 406.36 385.4822 385.68 385.68 385.8892 381.82 381.82 381.82 380.0128 379.8 379.8 379.8 398.0814 415.61 415.61 430.6755 432.45 432.45 432.45 463.9383 463.64 463.64 481.2641 483.34 483.34 483.34 416.46 416.46 416.46 414.4719 453.15 453.15 453.15 761.6925 758.77 758.77 745.0432 1012.09 1012.09 1012.09 1134.722 1133.56 1133.56 1135.304 1101.37 -9999 -9999 -9999 -9999 -9999 -9999 -9999 -9999
432.3539 457.18 457.18 457.18 450.5371 450.6 450.6 429.0664 426.53 426.53 426.53 412.7495 412.88 412.88 412.5462 419.04 419.04 419.04 428.2457 429.33 429.33 430.5747 406.36 406.36 406.36 385.4822 385.68 385.68 385.8892 381.82 381.82 381.82 379.7807 379.8 379.8 379.8 398.9918 398.81 398.81 415.7632 417.76 417.76 417.76 433.6707 433.52 433.52 411.3512 408.74 408.74 408.74 382.98 382.98 382.98 378.3914 467.66 467.66 467.66 829.2045 825.78 825.78 816.5189 996.69 996.69 996.69 1038.244 1037.85 1037.85 1047.225 864.83 -9999 -9999 -9999 -9999 -9999 -9999 -9999 -9999
432.3539 457.18 457.18 457.18 450.5371 450.6 450.6 429.0664 426.53 426.53 426.53 412.7495 412.88 412.88 418.3909 419.04 419.04 419.04 428.2457 429.33 429.33 430.5747 406.36 406.36 406.36 385.4822 385.68 385.68 385.8892 381.82 381.82 381.82 379.7807 379.8 379.8 379.8 398.9918 398.81 398.81 415.7632 417.76 417.76 417.76 433.6707 433.52 433.52 411.3512 408.74 408.74 408.74 382.98 382.98 382.98 378.3914 467.66 467.66 467.66 829.2045 825.78 825.78 816.5189 996.69 996.69 996.69 1038.244 1037.85 1037.85 1047.225 864.83 -9999 -9999 -9999 -9999 -9999 -9999 -9999 -9999
432.3539 457.18 457.18 457.18 450.5371 450.6 450.6 429.0664 426.53 426.53 426.53 412.7495 412.88 412.88 418.3909 419.04 419.04 419.04 428.2457 429.33 429.33 430.5747 406.36 406.36 406.36 385.4822 385.68 385.68 385.8892 381.82 381.82 381.82 379.7807 379.8 379.8 378.7699 398.81 398.81 398.81 415.7632 417.76 417.76 417.76 433.6707 433.52 433.52 411.3512 408.74 408.74 408.74 382.98 382.98 382.98 458.7368 467.66 467.66 467.66 829.2045 825.78 825.78 816.5189 996.69 996.69 996.69 1038.244 1037.85 1037.85 1047.225 864.83 -9999 -9999 -9999 -9999 -9999 -9999 -9999 -9999
408.3653 406.83 406.83 406.83 424.3358 424.17 424.17 424.1432 424.14 424.14 424.14 433.4583 433.37 433.37 439.695 418.8354 419.04 419.04 429.4284 429.33 429.33 430.5747 406.36 406.36 406.36 385.4822 385.68 385.68 385.8892 381.82 381.82 381.82 379.7807 379.8 379.8 378.7699 398.81 398.81 398.81 415.7632 417.76 417.76 417.76 433.6707 433.52 433.52 411.3512 408.74 408.74 408.74 382.98 382.98 382.98 458.7368 467.66 467.66 467.66 829.2045 825.78 825.78 816.5189 996.69 996.69 996.69 1038.244 1037.85 1037.85 1047.225 864.83 -9999 -9999 -9999 -9999 -9999 -9999 -9999 -9999
408.3653 406.83 406.83 406.83 424.3358 424.17 424.17 424.1432 424.14 424.14 424.14 433.4583 433.37 433.37 439.695 440.44 440.44 440.44 428.6887 428.8 428.8 430.3823 399.6 399.6 399.6 388.414 388.52 388.52 389.0461 378.81 378.81 378.81 371.2181 371.29 371.29 370.4804 386.23 386.23 386.23 411.6016 414.59 414.59 414.59 469.278 468.76 468.76 420.5397 414.86 414.86 414.86 380.14 380.14 380.14 489.0159 501.84 501.84 503.6921 829.2045 825.78 825.78 816.5189 996.69 996.69 996.69 1038.244 1037.85 1037.85 1047.225 864.83 -9999 -9999 -9999 -9999 -9999 -9999 -9999 -9999
408.3653 406.83 406.83 405.8904 424.17 424.17 424.17 424.1432 424.14 424.14 424.14 433.4583 433.37 433.37 439.695 440.44 440.44 440.44 428.6887 428.8 428.8 402.6769 399.6 399.6 399.6 388.414 388.52 388.52 389.0461 378.81 378.81 378.81 371.2181 371.29 371.29 370.4804 386.23 386.23 386.23 414.8612 414.59 414.59 414.59 469.278 468.76 468.76 420.5397 414.86 414.86 414.86 380.14 380.14 380.14 489.0159 501.84 501.84 481.7744 872.14 872.14 872.14 864.4302 1014.42 1014.42 1014.42 928.7889 929.6 929.6 942.7746 686.47 -9999 -9999 -9999 -9999 -9999 -9999 -9999 -9999
408.3653 406.83 406.83 405.8904 424.17 424.17 424.17 424.1432 424.14 424.14 424.14 433.4583 433.37 433.37 439.695 440.44 440.44 440.44 428.6887 428.8 428.8 402.6769 399.6 399.6 399.6 388.414 388.52 388.52 389.0461 378.81 378.81 378.81 371.2181 371.29 371.29 370.4804 386.23 386.23 386.23 414.8612 414.59 414.59 414.59 469.278 468.76 468.76 420.5397 414.86 414.86 414.86 380.14 380.14 380.14 489.0159 501.84 501.84 481.7744 872.14 872.14 872.14 864.4302 1014.42 1014.42 1014.42 928.7889 929.6 929.6 942.7746 686.47 -9999 -9999 -9999 -9999 -9999 -9999 -9999 -9999
408.3653 406.83 406.83 405.8904 424.17 424.17 424.17 424.1432 424.14 424.14 424.14 433.4583 433.37 433.37 439.695 440.44 440.44 440.44 428.6887 428.8 428.8 402.6769 399.6 399.6 399.6 388.414 388.52 388.52 389.0461 378.81 378.81 378.81 371.2181 371.29 371.29 370.4804 386.23 386.23 386.23 414.8612 414.59 414.59 414.59 469.278 468.76 468.76 420.5397 414.86 414.86 414.86 380.14 380.14 380.14 489.0159 501.84 501.84 481.7744 872.14 872.14 872.14 864.4302 1014.42 1014.42 1014.42 928.7889 929.6 929.6 942.7746 686.47 -9999 -9999 -9999 -9999 -9999 -9999 -9999 -9999
406.0709 401.25 401.25 400.5222 414.68 414.68 414.68 421.969 421.9 421.9 421.9 425.2215 425.19 425.19 441.669 443.61 443.61 443.61 432.2322 432.34 432.34 417.1582 415.37 415.37 415.37 421.75 421.75 421.75 422.4989 407.93 407.93 407.93 404.2031 371.29 371.29 370.4804 386.23 386.23 386.23 414.8612 414.59 414.59 411.6547 468.76 468.76 468.76 420.5397 414.86 414.86 414.86 380.14 380.14 380.14 489.0159 501.84 501.84 481.7744 872.14 872.14 872.14 999.4272 1014.42 1014.42 1014.42 928.7889 929.6 929.6 942.7746 686.47 -9999 -9999 -9999 -9999 -9999 -9999 -9999 -9999
406.0709 401.25 401.25 400.5222 414.68 414.68 414.68 421.969 421.9 421.9 421.9 425.2215 425.19 425.19 441.669 443.61 443.61 443.61 432.2322 432.34 432.34 417.1582 415.37 415.37 415.37 421.75 421.75 421.75 422.4989 407.93 407.93 407.93 402.5086 402.56 402.56 401.9926 413.03 413.03 413.03 417.3307 417.29 417.29 409.8766 554.1 554.1 554.1 440.0174 426.58 426.58 426.58 402.86 402.86 402.86 519.3939 533.12 533.12 514.4562 877.55 877.55 877.55 958.7372 968.3 968.3 968.3 795.1802 796.82 796.82 809.3319 565.92 -9999 -9999 -9999 -9999 -9999 -9999 -9999 -9999
406.0709 401.25 401.25 400.5222 414.68 414.68 414.68 421.969 421.9 421.9 421.7217 425.19 425.19 425.19 441.669 443.61 443.61 443.61 432.2322 432.34 432.34 417.1582 415.37 415.37 415.37 421.75 421.75 421.75 422.4989 407.93 407.93 407.93 402.5086 402.56 402.56 401.9926 413.03 413.03 413.03 417.3307 417.29 417.29 409.8766 554.1 554.1 554.1 440.0174 426.58 426.58 426.58 402.86 402.86 402.86 519.3939 533.12 533.12 514.4562 877.55 877.55 877.55 958.7372 968.3 968.3 968.3 795.1802 796.82 796.82 809.3319 565.92 -9999 -9999 -9999 -9999 -9999 -9999 -9999 -9999
406.0709 401.25 401.25 400.5222 414.68 414.68 414.68 421.969 421.9 421.9 421.7217 425.19 425.19 425.19 441.669 443.61 443.61 443.61 432.2322 432.34 432.34 417.1582 415.37 415.37 415.37 421.75 421.75 421.75 409.3863 407.93 407.93 407.93 402.5086 402.56 402.56 401.9926 413.03 413.03 413.03 417.3307 417.29 417.29 409.8766 554.1 554.1 554.1 425.3606 426.58 426.58 426.58 402.86 402.86 402.86 519.3939 533.12 533.12 514.4562 877.55 877.55 877.55 958.7372 968.3 968.3 977.592 796.82 796.82 796.82 809.3319 565.92 -9999 -9999 -9999 -9999 -9999 -9999 -9999 -9999
406.074 401.25 401.25 400.5222 414.68 414.68 414.68 421.969 421.9 421.9 421.7217 425.19 425.19 425.19 441.669 443.61 443.61 443.61 432.2322 432.34 432.34 417.1582 415.37 415.37 415.37 421.75 421.75 421.75 409.3863 407.93 407.93 407.93 402.5086 402.56 402.56 401.9926 413.03 413.03 413.03 417.3307 417.29 417.29 409.8766 554.1 554.1 554.1 425.3606 426.58 426.58 426.58 402.86 402.86 402.86 519.3939 533.12 533.12 514.4562 877.55 877.55 877.55 958.7372 968.3 968.3 977.592 796.82 796.82 796.82 809.3319 565.92 -9999 -9999 -9999 -9999 -9999 -9999 -9999 -9999
438.0916 437.08 437.08 432.9856 512.64 512.64 512.64 525.7239 525.6 525.6 529.806 447.98 447.98 447.98 556.0839 555.06 555.06 555.06 607.8601 607.36 607.36 544.2979 536.87 536.87 536.87 480.56 480.56 480.56 469.1088 467.76 467.76 467.2452 477.26 477.26 477.26 479.2259 440.98 440.98 440.98 383.6066 384.15 384.15 384.0671 385.68 385.68 385.68 443.2453 442.7 442.7 442.7 422.16 422.16 423.2058 519.3939 533.12 533.12 514.4562 877.55 877.55 877.55 958.7372 968.3 968.3 977.592 796.82 796.82 796.82 809.3319 565.92 -9999 -9999 -9999 -9999 -9999 -9999 -9999 -9999
436.9882 437.08 437.08 432.9856 512.64 512.64 512.64 525.7239 525.6 525.6 529.806 447.98 447.98 447.98 556.0839 555.06 555.06 555.06 607.8601 607.36 607.36 544.2979 536.87 536.87 536.87 480.56 480.56 480.56 469.1088 467.76 467.76 467.2452 477.26 477.26 477.26 479.2259 440.98 440.98 440.98 383.6066 384.15 384.15 384.0671 385.68 385.68 385.68 443.2453 442.7 442.7 443.813 422.16 422.16 422.16 518.8511 530.24 530.24 515.4593 803.01 803.01 803.01 834.9213 838.68 838.68 844.8108 725.54 725.54 725.54 734.4376 561.34 -9999 -9999 -9999 -9999 -9999 -9999 -9999 -9999
436.9882 437.08 437.08 432.9856 512.64 512.64 512.64 525.7239 525.6 525.6 529.806 447.98 447.98 447.98 556.0839 555.06 555.06 552.226 607.36 607.36 607.36 544.2979 536.87 536.87 536.87 480.56 480.56 480.56 469.1088 467.76 467.76 467.2452 477.26 477.26 477.26 479.2259 440.98 440.98 440.98 383.6066 384.15 384.15 384.0671 385.68 385.68 385.68 443.2453 442.7 442.7 443.813 422.16 422.16 422.16 518.8511 530.24 530.24 515.4593 803.01 803.01 803.01 834.9213 838.68 838.68 844.8108 725.54 725.54 725.54 578.6426 561.34 -9999 -9999 -9999 -9999 -9999 -9999 -9999 -9999
436.9882 437.08 437.08 432.9856 512.64 512.64 512.64 525.7239 525.6 525.6 529.806 447.98 447.98 447.98 556.0839 555.06 555.06 552.226 607.36 607.36 607.36 544.2979 536.87 536.87 536.87 480.56 480.56 480.56 469.1088 467.76 467.76 467.2452 477.26 477.26 477.26 444.803 440.98 440.98 440.98 383.6066 384.15 384.15 384.0671 385.68 385.68 385.68 443.2453 442.7 442.7 443.813 422.16 422.16 422.16 518.8511 530.24 530.24 515.4593 803.01 803.01 803.01 834.9213 838.68 838.68 844.8108 725.54 725.54 725.54 578.6426 561.34 -9999 -9999 -9999 -9999 -9999 -9999 -9999 -9999
497.8931 497.62 497.62 553.4893 560.07 560.07 560.07 621.5322 620.95 620.95 625.4622 537.68 537.68 537.68 466.4554 467.13 545.7944 552.226 607.36 607.36 607.36 544.2979 536.87 536.87 536.87 480.56 480.56 480.56 469.1088 467.76 467.76 467.2452 477.26 477.26 477.26 444.803 440.98 440.98 440.98 383.6066 384.15 384.15 384.0671 385.68 385.68 385.68 443.2453 442.7 442.7 443.813 422.16 422.16 422.16 531.2735 530.24 530.24 515.4593 803.01 803.01 803.01 834.9213 838.68 838.68 844.8108 725.54 725.54 725.54 578.6426 561.34 -9999 -9999 -9999 -9999 -9999 -9999 -9999 -9999
497.8931 497.62 497.62 553.4893 560.07 560.07 560.07 621.5322 620.95 620.95 625.4622 537.68 537.68 537.68 466.4554 467.13 467.13 462.3686 555 555 555 654.9871 654.04 654.04 654.04 567.72 567.72 567.72 507.8785 500.83 500.83 503.6385 449 449 449 408.6703 403.92 403.92 403.92 349.7671 350.28 350.28 348.5281 382.61 382.61 382.61 613.5979 611.41 611.41 609.7334 642.35 642.35 642.35 470.1893 471.82 471.82 462.9842 634.88 785.2933 803.01 834.9213 838.68 838.68 844.8108 725.54 725.54 725.54 578.6426 561.34 -9999 -9999 -9999 -9999 -9999 -9999 -9999 -9999
497.8931 497.62 497.62 553.4893 560.07 560.07 560.07 620.95 620.95 620.95 625.4622 537.68 537.68 537.68 466.4554 467.13 467.13 462.3686 555 555 555 654.9871 654.04 654.04 654.04 567.72 567.72 567.72 507.8785 500.83 500.83 503.6385 449 449 449 408.6703 403.92 403.92 406.8266 350.28 350.28 350.28 348.5281 382.61 382.61 382.61 613.5979 611.41 611.41 609.7334 642.35 642.35 642.35 470.1893 471.82 471.82 462.9842 634.88 634.88 634.88 809.6987 830.29 830.29 832.3247 792.74 792.74 792.74 664.4329 649.32 -9999 -9999 -9999 -9999 -9999 -9999 -9999 -9999
497.8931 497.62 497.62 553.4893 560.07 560.07 560.07 620.95 620.95 620.95 625.4622 537.68 537.68 537.68 466.4554 467.13 467.13 462.3686 555 555 555 654.9871 654.04 654.04 654.04 567.72 567.72 567.72 507.8785 500.83 500.83 503.6385 449 449 449 408.6703 403.92 403.92 406.8266 350.28 350.28 350.28 348.5281 382.61 382.61 382.61 613.5979 611.41 611.41 609.7334 642.35 642.35 642.35 470.1893 471.82 471.82 462.9842 634.88 634.88 634.88 809.6987 830.29 830.29 832.3247 792.74 792.74 792.74 664.4329 649.32 -9999 -9999 -9999 -9999 -9999 -9999 -9999 -9999
497.8931 497.62 497.62 553.4893 560.07 560.07 560.07 620.95 620.95 620.95 625.4622 537.68 537.68 537.68 466.4554 467.13 467.13 462.3686 555 555 555 654.9871 654.04 654.04 658.7175 567.72 567.72 567.72 507.8785 500.83 500.83 503.6385 449 449 449 408.6703 403.92 403.92 406.8266 350.28 350.28 350.28 348.5281 382.61 382.61 382.61 613.5979 611.41 611.41 609.7334 642.35 642.35 642.35 470.1893 471.82 471.82 617.6976 634.88 634.88 634.88 809.6987 830.29 830.29 832.3247 792.74 792.74 792.74 664.4329 649.32 -9999 -9999 -9999 -9999 -9999 -9999 -9999 -9999
531.6079 531.98 531.98 638.3509 650.88 650.88 650.88 765.24 765.24 765.24 703.1978 695.89 695.89 695.89 554.2584 555.6 555.6 557.2527 525.1 525.1 525.1 624.6227 623.68 623.68 620.7311 678.1 678.1 678.1 635.9989 631.04 631.04 638.9037 485.92 485.92 452.8904 408.6703 403.92 403.92 406.8266 350.28 350.28 350.28 348.5281 382.61 382.61 382.61 613.5979 611.41 611.41 609.7334 642.35 642.35 642.35 470.1893 471.82 471.82 617.6976 634.88 634.88 634.88 809.6987 830.29 830.29 832.3247 792.74 792.74 792.74 664.4329 649.32 -9999 -9999 -9999 -9999 -9999 -9999 -9999 -9999
531.6079 531.98 531.98 638.3509 650.88 650.88 650.88 765.24 765.24 765.24 703.1978 695.89 695.89 695.89 554.2584 555.6 555.6 557.2527 525.1 525.1 525.1 624.6227 623.68 623.68 620.7311 678.1 678.1 678.1 635.9989 631.04 631.04 638.9037 485.92 485.92 485.92 404.9475 395.41 395.41 398.0029 347.56 347.56 347.56 349.8145 350.08 350.08 350.08 480.8385 479.6 479.6 465.8212 733.88 733.88 733.88 706.541 706.8 706.8 520.4049 498.45 498.45 498.45 695.6253 718.85 718.85 711.8094 848.78 848.78 848.78 774.043 765.24 -9999 -9999 -9999 -9999 -9999 -9999 -9999 -9999
531.6079 531.98 531.98 638.3509 650.88 650.88 650.88 765.24 765.24 765.24 703.1978 695.89 695.89 695.89 554.2584 555.6 555.6 557.2527 525.1 525.1 525.1 624.6227 623.68 623.68 620.7311 678.1 678.1 678.1 630.59 631.04 631.04 638.9037 485.92 485.92 485.92 404.9475 395.41 395.41 398.0029 347.56 347.56 347.56 349.8145 350.08 350.08 350.08 480.8385 479.6 479.6 465.8212 733.88 733.88 733.88 706.541 706.8 706.8 520.4049 498.45 498.45 498.45 720.9576 718.85 718.85 711.8094 848.78 848.78 848.78 774.043 765.24 -9999 -9999 -9999 -9999 -9999 -9999 -9999 -9999
531.6079 531.98 531.98 638.3509 650.88 650.88 650.88 765.24 765.24 765.24 703.1978 695.89 695.89 703.492 555.6 555.6 555.6 557.2527 525.1 525.1 525.1 624.6227 623.68 623.68 620.7311 678.1 678.1 678.1 630.59 631.04 631.04 638.9037 485.92 485.92 485.92 404.9475 395.41 395.41 398.0029 347.56 347.56 347.56 349.8145 350.08 350.08 350.08 480.8385 479.6 479.6 465.8212 733.88 733.88 733.88 706.541 706.8 706.8 520.4049 498.45 498.45 498.45 720.9576 718.85 718.85 711.8094 848.78 848.78 848.78 774.043 765.24 -9999 -9999 -9999 -9999 -9999 -9999 -9999 -9999
652.13 652.13 652.13 795.44 812.32 812.32 812.32 837.55 837.55 837.55 814.7997 812.12 812.12 703.492 555.6 555.6 555.6 557.2527 525.1 525.1 525.1 624.6227 623.68 623.68 620.7311 678.1 678.1 678.1 630.59 631.04 631.04 638.9037 485.92 485.92 485.92 404.9475 395.41 395.41 398.0029 347.56 347.56 347.56 349.8145 350.08 350.08 343.0616 479.6 479.6 479.6 465.8212 733.88 733.88 733.88 706.541 706.8 706.8 520.4049 498.45 498.45 498.45 720.9576 718.85 718.85 711.8094 848.78 848.78 848.78 774.043 765.24 -9999 -9999 -9999 -9999 -9999 -9999 -9999 -9999
652.13 652.13 652.13 795.44 812.32 812.32 812.32 837.55 837.55 837.55 814.7997 812.12 812.12 817.1221 719.81 719.81 719.81 720.1172 714.14 714.14 714.14 894.2459 892.54 892.54 892.2696 897.53 897.53 897.53 851.4131 851.85 851.85 647.3745 623.29 623.29 623.29 482.0108 465.37 465.37 468.9583 399.15 399.15 399.15 378.3142 375.86 375.86 373.8816 412.37 412.37 412.37 399.9286 641.97 641.97 641.97 739.3928 710.1372 706.8 520.4049 498.45 498.45 498.45 720.9576 718.85 718.85 711.8094 848.78 848.78 848.78 774.043 765.24 -9999 -9999 -9999 -9999 -9999 -9999 -9999 -9999
