Model and model input files/precip_1993.asc
ncols         625
nrows         453
xllcorner     138621.56993419
yllcorner     4094031.9406744
cellsize      1000
NODATA_value  -9999
[rows 102 to 135 of 453, columns 154 to 230 of 625]
856.97 856.97 856.97 1066.625 1091.32 1091.32 1091.32 1153.3 1153.3 1153.3 1123.777 1120.3 1120.3 1128.218 974.18 974.18 974.18 965.0548 963.98 963.98 963.98 1217.461 1215.06 1215.06 1214.776 1220.31 1220.31 1220.31 1152.205 1152.85 1152.85 872.072 839 839 839 632.0196 607.64 607.64 613.1059 506.77 506.77 506.77 474.0536 470.2 470.2 466.5147 538.21 538.21 538.21 516.8482 932.43 932.43 932.43 1077.938 1076.56 1076.56 858.6652 833 833 833 698.2941 699.57 699.57 832.0013 847.6 847.6 847.6 894.5947 900.13 -9999 -9999 -9999 -9999 -9999 -9999 -9999 -9999
856.97 856.97 856.97 1093.561 1091.32 1091.32 1091.32 1153.3 1153.3 1153.3 1123.777 1120.3 1120.3 1128.218 974.18 974.18 974.18 965.0548 963.98 963.98 963.98 1217.461 1215.06 1215.06 1214.776 1220.31 1220.31 1220.31 1152.205 1152.85 1152.85 872.072 839 839 839 632.0196 607.64 607.64 613.1059 506.77 506.77 506.77 474.0536 470.2 470.2 466.5147 538.21 538.21 538.21 890.889 932.43 932.43 932.43 1077.938 1076.56 1076.56 858.6652 833 833 833 698.2941 699.57 699.57 832.0013 847.6 847.6 847.6 894.5947 900.13 -9999 -9999 -9999 -9999 -9999 -9999 -9999 -9999
856.97 856.97 856.97 1093.561 1091.32 1091.32 1091.32 1153.3 1153.3 1153.3 1123.777 1120.3 1120.3 1128.218 974.18 974.18 974.18 965.0548 963.98 963.98 963.98 1217.461 1215.06 1215.06 1214.776 1220.31 1220.31 1220.31 1152.205 1152.85 1152.85 872.072 839 839 839 605.4276 607.64 607.64 613.1059 506.77 506.77 506.77 474.0536 470.2 470.2 466.5147 538.21 538.21 538.21 890.889 932.43 932.43 932.43 1077.938 1076.56 1076.56 858.6652 833 833 833 698.2941 699.57 699.57 832.0013 847.6 847.6 847.6 894.5947 900.13 -9999 -9999 -9999 -9999 -9999 -9999 -9999 -9999
822.22 822.22 822.22 859.2911 858.94 858.94 859.1931 854.27 854.27 854.27 1009.72 1028.03 1028.03 1019.796 1179.98 1179.98 1179.98 1142.925 1138.56 1138.56 1131.505 1268.75 1268.75 1268.75 1259.916 1431.78 1431.78 1431.78 1306.574 1307.76 1316.154 872.072 839 839 839 605.4276 607.64 607.64 613.1059 506.77 506.77 506.77 474.0536 470.2 470.2 466.5147 538.21 538.21 538.21 890.889 932.43 932.43 932.43 1077.938 1076.56 1076.56 858.6652 833 833 833 698.2941 699.57 699.57 832.0013 847.6 847.6 847.6 894.5947 900.13 -9999 -9999 -9999 -9999 -9999 -9999 -9999 -9999
822.22 822.22 822.22 859.2911 858.94 858.94 859.1931 854.27 854.27 854.27 1009.72 1028.03 1028.03 1019.796 1179.98 1179.98 1179.98 1142.925 1138.56 1138.56 1131.505 1268.75 1268.75 1268.75 1259.916 1431.78 1431.78 1431.78 1306.574 1307.76 1307.76 1081.697 1055.07 1055.07 1055.07 750.2932 753.18 753.18 758.5012 654.98 654.98 654.98 580.1357 571.32 571.32 572.9857 540.58 540.58 540.58 608.0616 616.01 616.01 616.01 661.6018 661.17 661.17 621.5918 616.93 616.93 616.93 676.3932 675.83 675.83 631.7429 626.55 626.55 626.55 656.847 656.56 -9999 -9999 -9999 -9999 -9999 -9999 -9999 -9999
822.22 822.22 822.22 859.2911 858.94 858.94 859.1931 854.27 854.27 854.27 1009.72 1028.03 1028.03 1019.796 1179.98 1179.98 1179.98 1142.925 1138.56 1138.56 1131.505 1268.75 1268.75 1268.75 1259.916 1431.78 1431.78 1431.78 1306.574 1307.76 1307.76 1081.697 1055.07 1055.07 1055.07 750.2932 753.18 753.18 665.3278 654.98 654.98 654.98 580.1357 571.32 571.32 572.9857 540.58 540.58 540.58 608.0616 616.01 616.01 613.5629 661.17 661.17 661.17 621.5918 616.93 616.93 616.93 676.3932 675.83 675.83 631.7429 626.55 626.55 626.55 656.847 656.56 -9999 -9999 -9999 -9999 -9999 -9999 -9999 -9999
822.22 822.22 822.22 859.2911 858.94 858.94 859.1931 854.27 854.27 854.27 1029.692 1028.03 1028.03 1019.796 1179.98 1179.98 1179.98 1142.925 1138.56 1138.56 1131.505 1268.75 1268.75 1268.75 1414.601 1431.78 1431.78 1431.78 1306.574 1307.76 1307.76 1081.697 1055.07 1055.07 1055.07 750.2932 753.18 753.18 665.3278 654.98 654.98 654.98 580.1357 571.32 571.32 572.9857 540.58 540.58 540.58 608.0616 616.01 616.01 613.5629 661.17 661.17 661.17 621.5918 616.93 616.93 616.93 676.3932 675.83 675.83 631.7429 626.55 626.55 626.55 656.847 656.56 -9999 -9999 -9999 -9999 -9999 -9999 -9999 -9999
822.22 822.22 822.22 859.2911 858.94 858.94 859.1931 854.27 854.27 854.27 1029.692 1028.03 1028.03 1019.796 1179.98 1179.98 1179.98 1142.925 1138.56 1138.56 1131.505 1268.75 1268.75 1268.75 1414.601 1431.78 1431.78 1431.78 1306.574 1307.76 1307.76 1081.697 1055.07 1055.07 1055.07 750.2932 753.18 753.18 665.3278 654.98 654.98 654.98 580.1357 571.32 571.32 572.9857 540.58 540.58 540.58 608.0616 616.01 616.01 613.5629 661.17 661.17 661.17 621.5918 616.93 616.93 616.93 676.3932 675.83 675.83 631.7429 626.55 626.55 626.55 656.847 656.56 -9999 -9999 -9999 -9999 -9999 -9999 -9999 -9999
787.5 787.5 787.5 955.3903 953.8 953.8 954.8539 934.35 934.35 934.35 863.4383 864.11 864.11 851.0237 1105.61 1105.61 1105.61 1289.214 1310.84 1310.84 1307.681 1369.13 1369.13 1369.13 1303.715 1296.01 1296.01 1296.01 1111.179 1112.93 1112.93 1009.377 997.18 997.18 997.18 913.9834 753.18 753.18 665.3278 654.98 654.98 654.98 580.1357 571.32 571.32 572.9857 540.58 540.58 540.58 608.0616 616.01 616.01 613.5629 661.17 661.17 661.17 621.5918 616.93 616.93 616.93 676.3932 675.83 675.83 631.7429 626.55 626.55 626.55 656.847 656.56 -9999 -9999 -9999 -9999 -9999 -9999 -9999 -9999
787.5 787.5 787.5 955.3903 953.8 953.8 954.8539 934.35 934.35 934.35 863.4383 864.11 864.11 851.0237 1105.61 1105.61 1105.61 1289.214 1310.84 1310.84 1307.681 1369.13 1369.13 1369.13 1303.715 1296.01 1296.01 1305.931 1112.93 1112.93 1112.93 1009.377 997.18 997.18 997.18 905.6732 906.54 906.54 785.1483 770.85 770.85 770.85 628.0676 629.42 629.42 633.0462 562.5 562.5 562.5 576.9482 578.65 578.65 579.0689 570.92 570.92 570.92 638.9141 638.27 638.27 638.27 700.0855 699.5 699.5 626.8386 618.28 618.28 618.28 658.6625 658.28 -9999 -9999 -9999 -9999 -9999 -9999 -9999 -9999
787.5 787.5 787.5 955.3903 953.8 953.8 954.8539 934.35 934.35 934.35 863.4383 864.11 864.11 1080.162 1105.61 1105.61 1105.61 1289.214 1310.84 1310.84 1307.681 1369.13 1369.13 1369.13 1303.715 1296.01 1296.01 1305.931 1112.93 1112.93 1112.93 1009.377 997.18 997.18 997.18 905.6732 906.54 906.54 785.1483 770.85 770.85 770.85 628.0676 629.42 629.42 633.0462 562.5 562.5 562.5 576.9482 578.65 578.65 579.0689 570.92 570.92 570.92 638.9141 638.27 638.27 638.27 700.0855 699.5 699.5 626.8386 618.28 618.28 618.28 658.6625 658.28 -9999 -9999 -9999 -9999 -9999 -9999 -9999 -9999
787.5 787.5 787.5 955.3903 953.8 953.8 954.8539 934.35 934.35 934.35 863.4383 864.11 864.11 1080.162 1105.61 1105.61 1105.61 1289.214 1310.84 1310.84 1307.681 1369.13 1369.13 1369.13 1303.715 1296.01 1296.01 1305.931 1112.93 1112.93 1112.93 1009.377 997.18 997.18 997.18 905.6732 906.54 906.54 785.1483 770.85 770.85 770.85 628.0676 629.42 629.42 633.0462 562.5 562.5 562.5 576.9482 578.65 578.65 579.0689 570.92 570.92 570.92 638.9141 638.27 638.27 638.27 700.0855 699.5 699.5 626.8386 618.28 618.28 618.28 658.6625 658.28 -9999 -9999 -9999 -9999 -9999 -9999 -9999 -9999
748.99 748.99 736.6905 975.97 975.97 975.97 962.1619 1230.79 1230.79 1230.79 1043.728 1045.5 1045.5 992.0999 1106.756 1105.61 1105.61 1289.214 1310.84 1310.84 1307.681 1369.13 1369.13 1369.13 1303.715 1296.01 1296.01 1305.931 1112.93 1112.93 1112.93 1009.377 997.18 997.18 997.18 905.6732 906.54 906.54 785.1483 770.85 770.85 770.85 628.0676 629.42 629.42 633.0462 562.5 562.5 562.5 576.9482 578.65 578.65 579.0689 570.92 570.92 570.92 638.9141 638.27 638.27 634.9521 699.5 699.5 699.5 626.8386 618.28 618.28 618.28 658.6625 658.28 -9999 -9999 -9999 -9999 -9999 -9999 -9999 -9999
748.99 748.99 736.6905 975.97 975.97 975.97 962.1619 1230.79 1230.79 1230.79 1043.728 1045.5 1045.5 992.0999 985.81 985.81 985.81 1141.999 1140.52 1140.52 1126.444 1400.29 1400.29 1400.29 1353.099 1347.54 1347.54 1344.049 1411.97 1411.97 1411.97 1304.966 1305.98 1305.98 1305.98 977.7208 980.83 980.83 818.8134 799.73 799.73 799.73 784.4957 784.64 784.64 764.6541 762.3 762.3 762.3 813.8751 819.95 819.95 831.1289 613.65 613.65 613.65 638.9141 638.27 638.27 634.9521 699.5 699.5 699.5 626.8386 618.28 618.28 618.28 658.6625 658.28 -9999 -9999 -9999 -9999 -9999 -9999 -9999 -9999
748.99 748.99 736.6905 975.97 975.97 975.97 962.1619 1230.79 1230.79 1230.79 1043.728 1045.5 1045.5 992.0999 985.81 985.81 985.81 1141.999 1140.52 1140.52 1126.444 1400.29 1400.29 1400.29 1353.099 1347.54 1347.54 1344.049 1411.97 1411.97 1411.97 1304.966 1305.98 1305.98 1305.98 977.7208 980.83 980.83 818.8134 799.73 799.73 799.73 784.4957 784.64 784.64 764.6541 762.3 762.3 762.3 813.8751 819.95 819.95 831.1289 613.65 613.65 613.65 583.5247 583.81 583.81 584.3541 573.77 573.77 573.77 684.1399 697.14 697.14 697.14 744.1856 743.74 -9999 -9999 -9999 -9999 -9999 -9999 -9999 -9999
748.99 748.99 736.6905 975.97 975.97 975.97 962.1619 1230.79 1230.79 1230.79 1043.728 1045.5 1045.5 992.0999 985.81 985.81 985.81 1141.999 1140.52 1140.52 1126.444 1400.29 1400.29 1400.29 1353.099 1347.54 1347.54 1344.049 1411.97 1411.97 1411.97 1304.966 1305.98 1305.98 1305.98 977.7208 980.83 980.83 818.8134 799.73 799.73 799.73 784.4957 784.64 784.64 764.6541 762.3 762.3 762.3 813.8751 819.95 819.95 831.1289 613.65 613.65 613.65 583.5247 583.81 583.81 584.3541 573.77 573.77 573.77 684.1399 697.14 697.14 697.14 744.1856 743.74 -9999 -9999 -9999 -9999 -9999 -9999 -9999 -9999
748.99 748.99 736.6905 975.97 975.97 975.97 1203.938 1230.79 1230.79 1230.79 1043.728 1045.5 1045.5 992.0999 985.81 985.81 985.81 1141.999 1140.52 1140.52 1372.917 1400.29 1400.29 1400.29 1353.099 1347.54 1347.54 1344.049 1411.97 1411.97 1411.97 1304.966 1305.98 1305.98 1323.599 980.83 980.83 980.83 818.8134 799.73 799.73 799.73 784.4957 784.64 784.64 764.6541 762.3 762.3 762.3 820.5013 819.95 819.95 831.1289 613.65 613.65 613.65 583.5247 583.81 583.81 584.3541 573.77 573.77 573.77 684.1399 697.14 697.14 697.14 744.1856 743.74 -9999 -9999 -9999 -9999 -9999 -9999 -9999 -9999
950.92 950.92 941.2578 1129.23 1129.23 1129.23 1279.447 1297.14 1297.14 1297.14 1258.948 1259.31 1259.31 1291.391 1295.17 1295.17 1295.17 1290.728 1290.77 1290.77 1359.289 1367.36 1367.36 1367.36 1286.897 1277.42 1277.42 1285.35 1131.08 1131.08 1131.08 965.8271 1305.98 1305.98 1323.599 980.83 980.83 980.83 818.8134 799.73 799.73 799.73 784.4957 784.64 784.64 764.6541 762.3 762.3 762.3 820.5013 819.95 819.95 831.1289 613.65 613.65 613.65 583.5247 583.81 583.81 584.3541 573.77 573.77 573.77 698.3198 697.14 697.14 697.14 744.1856 743.74 -9999 -9999 -9999 -9999 -9999 -9999 -9999 -9999
950.92 950.92 941.2578 1129.23 1129.23 1129.23 1279.447 1297.14 1297.14 1297.14 1258.948 1259.31 1259.31 1291.391 1295.17 1295.17 1295.17 1290.728 1290.77 1290.77 1359.289 1367.36 1367.36 1367.36 1286.897 1277.42 1277.42 1285.35 1131.08 1131.08 1131.08 983.2397 984.64 984.64 995.5068 784.1 784.1 784.1 648.3406 632.35 632.35 632.35 653.995 653.79 653.79 785.7383 801.28 801.28 801.28 804.5914 804.56 804.56 818.8167 541.46 541.46 541.46 376.5479 378.11 378.11 376.9525 399.47 399.47 399.47 600.8777 598.97 598.97 598.97 568.5923 568.88 -9999 -9999 -9999 -9999 -9999 -9999 -9999 -9999
950.92 950.92 941.2578 1129.23 1129.23 1129.23 1279.447 1297.14 1297.14 1299.19 1259.31 1259.31 1259.31 1291.391 1295.17 1295.17 1295.17 1290.728 1290.77 1290.77 1359.289 1367.36 1367.36 1367.36 1276.56 1277.42 1277.42 1285.35 1131.08 1131.08 1131.08 983.2397 984.64 984.64 995.5068 784.1 784.1 784.1 648.3406 632.35 632.35 632.35 653.995 653.79 653.79 785.7383 801.28 801.28 801.28 804.5914 804.56 804.56 818.8167 541.46 541.46 541.46 376.5479 378.11 378.11 376.9525 399.47 399.47 399.47 600.8777 598.97 598.97 598.97 568.5923 568.88 -9999 -9999 -9999 -9999 -9999 -9999 -9999 -9999
950.92 950.92 941.2578 1129.23 1129.23 1129.23 1279.447 1297.14 1297.14 1299.19 1259.31 1259.31 1259.31 1291.391 1295.17 1295.17 1295.17 1290.728 1290.77 1290.77 1359.289 1367.36 1367.36 1367.36 1276.56 1277.42 1277.42 1285.35 1131.08 1131.08 1131.08 983.2397 984.64 984.64 995.5068 784.1 784.1 784.1 630.8989 632.35 632.35 632.35 653.995 653.79 653.79 785.7383 801.28 801.28 801.28 804.5914 804.56 804.56 569.1842 541.46 541.46 541.46 376.5479 378.11 378.11 376.9525 399.47 399.47 399.47 600.8777 598.97 598.97 598.97 568.5923 568.88 -9999 -9999 -9999 -9999 -9999 -9999 -9999 -9999
950.92 950.92 941.2578 1129.23 1129.23 1129.23 1279.447 1297.14 1297.14 1299.19 1259.31 1259.31 1259.31 1291.391 1295.17 1295.17 1295.17 1290.728 1290.77 1290.77 1359.289 1367.36 1367.36 1367.36 1276.56 1277.42 1277.42 1285.35 1131.08 1131.08 1131.08 983.2397 984.64 984.64 995.5068 784.1 784.1 784.1 630.8989 632.35 632.35 632.35 653.995 653.79 653.79 785.7383 801.28 801.28 801.28 804.5914 804.56 804.56 569.1842 541.46 541.46 541.46 376.5479 378.11 378.11 376.9525 399.47 399.47 399.47 600.8777 598.97 598.97 600.6005 568.88 568.88 -9999 -9999 -9999 -9999 -9999 -9999 -9999 -9999
1227.84 1227.84 1228.449 1216.6 1216.6 1216.6 1224.231 1225.13 1225.13 1223.223 1260.33 1260.33 1260.33 1251.204 1251.29 1251.29 1251.29 1295.398 1294.98 1294.98 1321.568 1324.7 1324.7 1324.7 1243.683 1244.45 1244.45 1260.555 947.24 947.24 947.24 723.5209 725.64 725.64 733.7617 575.76 575.76 575.76 463.5774 464.64 464.64 464.64 438.1491 438.4 438.4 455.4695 457.48 457.48 457.48 437.9651 438.15 418.2952 569.1842 541.46 541.46 541.46 376.5479 378.11 378.11 376.9525 399.47 399.47 399.47 600.8777 598.97 598.97 600.6005 568.88 568.88 -9999 -9999 -9999 -9999 -9999 -9999 -9999 -9999
1227.84 1227.84 1228.449 1216.6 1216.6 1216.6 1224.231 1225.13 1225.13 1223.223 1260.33 1260.33 1260.33 1251.204 1251.29 1251.29 1251.29 1295.398 1294.98 1294.98 1321.568 1324.7 1324.7 1324.7 1243.683 1244.45 1244.45 978.5585 947.24 947.24 947.24 723.5209 725.64 725.64 733.7617 575.76 575.76 575.76 463.5774 464.64 464.64 466.0619 438.4 438.4 438.4 455.4695 457.48 457.48 457.48 437.9651 438.15 438.15 360.5502 351.41 351.41 351.41 316.4388 316.77 316.77 315.6283 337.84 337.84 337.84 424.7734 423.95 423.95 425.6591 392.41 392.41 -9999 -9999 -9999 -9999 -9999 -9999 -9999 -9999
1227.84 1227.84 1217.938 1216.6 1216.6 1216.6 1224.115 1225.13 1225.13 1225.13 1260.33 1260.33 1260.33 1251.29 1251.29 1251.29 1251.29 1294.98 1294.98 1294.98 1321.162 1324.7 1324.7 1324.7 1244.45 1244.45 1244.45 982.6196 947.24 947.24 947.24 725.64 725.64 725.64 725.64 575.76 575.76 575.76 464.64 464.64 464.64 464.64 438.4 438.4 438.4 455.2087 457.48 457.48 457.48 438.15 438.15 438.15 361.7355 351.41 351.41 351.41 316.77 316.77 316.77 316.77 337.84 337.84 337.84 423.95 423.95 423.95 423.95 392.41 392.41 -9999 -9999 -9999 -9999 -9999 -9999 -9999 -9999
-9999 -9999 -9999 -9999 -9999 -9999 -9999 -9999 -9999 -9999 -9999 -9999 -9999 -9999 -9999 -9999 -9999 -9999 -9999 -9999 -9999 -9999 -9999 -9999 -9999 -9999 -9999 -9999 -9999 -9999 -9999 -9999 -9999 -9999 -9999 -9999 -9999 -9999 -9999 -9999 -9999 -9999 -9999 -9999 -9999 -9999 -9999 -9999 -9999 -9999 -9999 -9999 -9999 -9999 -9999 -9999 -9999 -9999 -9999 -9999 -9999 -9999 -9999 -9999 -9999 -9999 -9999 -9999 -9999 -9999 -9999 -9999 -9999 -9999 -9999 -9999 -9999
-9999 -9999 -9999 -9999 -9999 -9999 -9999 -9999 -9999 -9999 -9999 -9999 -9999 -9999 -9999 -9999 -9999 -9999 -9999 -9999 -9999 -9999 -9999 -9999 -9999 -9999 -9999 -9999 -9999 -9999 -9999 -9999 -9999 -9999 -9999 -9999 -9999 -9999 -9999 -9999 -9999 -9999 -9999 -9999 -9999 -9999 -9999 -9999 -9999 -9999 -9999 -9999 -9999 -9999 -9999 -9999 -9999 -9999 -9999 -9999 -9999 -9999 -9999 -9999 -9999 -9999 -9999 -9999 -9999 -9999 -9999 -9999 -9999 -9999 -9999 -9999 -9999
-9999 -9999 -9999 -9999 -9999 -9999 -9999 -9999 -9999 -9999 -9999 -9999 -9999 -9999 -9999 -9999 -9999 -9999 -9999 -9999 -9999 -9999 -9999 -9999 -9999 -9999 -9999 -9999 -9999 -9999 -9999 -9999 -9999 -9999 -9999 -9999 -9999 -9999 -9999 -9999 -9999 -9999 -9999 -9999 -9999 -9999 -9999 -9999 -9999 -9999 -9999 -9999 -9999 -9999 -9999 -9999 -9999 -9999 -9999 -9999 -9999 -9999 -9999 -9999 -9999 -9999 -9999 -9999 -9999 -9999 -9999 -9999 -9999 -9999 -9999 -9999 -9999
-9999 -9999 -9999 -9999 -9999 -9999 -9999 -9999 -9999 -9999 -9999 -9999 -9999 -9999 -9999 -9999 -9999 -9999 -9999 -9999 -9999 -9999 -9999 -9999 -9999 -9999 -9999 -9999 -9999 -9999 -9999 -9999 -9999 -9999 -9999 -9999 -9999 -9999 -9999 -9999 -9999 -9999 -9999 -9999 -9999 -9999 -9999 -9999 -9999 -9999 -9999 -9999 -9999 -9999 -9999 -9999 -9999 -9999 -9999 -9999 -9999 -9999 -9999 -9999 -9999 -9999 -9999 -9999 -9999 -9999 -9999 -9999 -9999 -9999 -9999 -9999 -9999
-9999 -9999 -9999 -9999 -9999 -9999 -9999 -9999 -9999 -9999 -9999 -9999 -9999 -9999 -9999 -9999 -9999 -9999 -9999 -9999 -9999 -9999 -9999 -9999 -9999 -9999 -9999 -9999 -9999 -9999 -9999 -9999 -9999 -9999 -9999 -9999 -9999 -9999 -9999 -9999 -9999 -9999 -9999 -9999 -9999 -9999 -9999 -9999 -9999 -9999 -9999 -9999 -9999 -9999 -9999 -9999 -9999 -9999 -9999 -9999 -9999 -9999 -9999 -9999 -9999 -9999 -9999 -9999 -9999 -9999 -9999 -9999 -9999 -9999 -9999 -9999 -9999
-9999 -9999 -9999 -9999 -9999 -9999 -9999 -9999 -9999 -9999 -9999 -9999 -9999 -9999 -9999 -9999 -9999 -9999 -9999 -9999 -9999 -9999 -9999 -9999 -9999 -9999 -9999 -9999 -9999 -9999 -9999 -9999 -9999 -9999 -9999 -9999 -9999 -9999 -9999 -9999 -9999 -9999 -9999 -9999 -9999 -9999 -9999 -9999 -9999 -9999 -9999 -9999 -9999 -9999 -9999 -9999 -9999 -9999 -9999 -9999 -9999 -9999 -9999 -9999 -9999 -9999 -9999 -9999 -9999 -9999 -9999 -9999 -9999 -9999 -9999 -9999 -9999
-9999 -9999 -9999 -9999 -9999 -9999 -9999 -9999 -9999 -9999 -9999 -9999 -9999 -9999 -9999 -9999 -9999 -9999 -9999 -9999 -9999 -9999 -9999 -9999 -9999 -9999 -9999 -9999 -9999 -9999 -9999 -9999 -9999 -9999 -9999 -9999 -9999 -9999 -9999 -9999 -9999 -9999 -9999 -9999 -9999 -9999 -9999 -9999 -9999 -9999 -9999 -9999 -9999 -9999 -9999 -9999 -9999 -9999 -9999 -9999 -9999 -9999 -9999 -9999 -9999 -9999 -9999 -9999 -9999 -9999 -9999 -9999 -9999 -9999 -9999 -9999 -9999
-9999 -9999 -9999 -9999 -9999 -9999 -9999 -9999 -9999 -9999 -9999 -9999 -9999 -9999 -9999 -9999 -9999 -9999 -9999 -9999 -9999 -9999 -9999 -9999 -9999 -9999 -9999 -9999 -9999 -9999 -9999 -9999 -9999 -9999 -9999 -9999 -9999 -9999 -9999 -9999 -9999 -9999 -9999 -9999 -9999 -9999 -9999 -9999 -9999 -9999 -9999 -9999 -9999 -9999 -9999 -9999 -9999 -9999 -9999 -9999 -9999 -9999 -9999 -9999 -9999 -9999 -9999 -9999 -9999 -9999 -9999 -9999 -9999 -9999 -9999 -9999 -9999
-9999 -9999 -9999 -9999 -9999 -9999 -9999 -9999 -9999 -9999 -9999 -9999 -9999 -9999 -9999 -9999 -9999 -9999 -9999 -9999 -9999 -9999 -9999 -9999 -9999 -9999 -9999 -9999 -9999 -9999 -9999 -9999 -9999 -9999 -9999 -9999 -9999 -9999 -9999 -9999 -9999 -9999 -9999 -9999 -9999 -9999 -9999 -9999 -9999 -9999 -9999 -9999 -9999 -9999 -9999 -9999 -9999 -9999 -9999 -9999 -9999 -9999 -9999 -9999 -9999 -9999 -9999 -9999 -9999 -9999 -9999 -9999 -9999 -9999 -9999 -9999 -9999
