Model and model input files/precip_1993.asc
ncols         625
nrows         453
xllcorner     138621.56993419
yllcorner     4094031.9406744
cellsize      1000
NODATA_value  -9999
[rows 34 to 67 of 453, columns 77 to 153 of 625]
341.56 354.4218 354.3 354.3 370.0633 371.92 371.92 371.92 369.6081 369.63 369.63 371.5493 334.21 334.21 334.21 340.9376 341.73 341.73 340.2469 369.1 369.1 369.1 409.8156 409.43 409.43 407.7518 440.4 440.4 440.4 455.6949 455.55 455.55 454.6965 471.3 471.3 471.3 477.5803 478.32 478.32 478.32 495.5633 495.4 495.4 498.3523 498.7 498.7 515.3073 518.97 518.97 518.97 513.4233 512.77 512.77 512.9088 510.21 510.21 510.21 519.1294 520.18 520.18 520.18 516.0206 516.06 516.06 517.502 489.45 489.45 489.45 509.9542 509.76 509.76 640.6973 656.12 656.12 656.12 782.2548 781.06
341.56 354.4218 354.3 354.3 370.0633 371.92 371.92 371.92 369.6081 369.63 369.63 337.9424 334.21 334.21 334.21 340.9376 341.73 341.73 340.2469 369.1 369.1 369.1 409.8156 409.43 409.43 407.7518 440.4 440.4 440.4 455.6949 455.55 455.55 454.6965 471.3 471.3 471.3 478.3871 478.32 478.32 478.32 495.5633 495.4 495.4 498.3523 498.7 498.7 498.7 494.57 494.57 494.57 512.3552 514.45 514.45 513.1804 537.88 537.88 537.88 538.4973 538.57 538.57 539.8976 514.07 514.07 514.07 515.2307 492.65 492.65 492.65 495.083 495.06 495.06 536.007 540.83 540.83 540.83 613.9324 613.24
341.56 354.4218 354.3 354.3 370.0633 371.92 371.92 371.92 369.6081 369.63 369.63 337.9424 334.21 334.21 334.21 341.8019 341.73 341.73 340.2469 369.1 369.1 369.1 409.8156 409.43 409.43 407.7518 440.4 440.4 440.4 455.6949 455.55 455.55 454.6965 471.3 471.3 471.3 478.3871 478.32 478.32 477.3945 495.4 495.4 495.4 498.3523 498.7 498.7 498.7 494.57 494.57 494.57 512.3552 514.45 514.45 513.1804 537.88 537.88 537.88 538.4973 538.57 538.57 539.8976 514.07 514.07 514.07 494.9071 492.65 492.65 492.65 495.083 495.06 495.06 536.007 540.83 540.83 540.83 613.9324 613.24
341.56 354.4218 354.3 354.3 370.0633 371.92 371.92 371.92 369.6081 369.63 369.63 337.9424 334.21 334.21 334.21 341.8019 341.73 341.73 340.2469 369.1 369.1 369.1 409.8156 409.43 409.43 407.7518 440.4 440.4 440.4 455.6949 455.55 455.55 454.6965 471.3 471.3 471.3 478.3871 478.32 478.32 477.3945 495.4 495.4 495.4 498.3523 498.7 498.7 498.7 494.57 494.57 494.57 512.3552 514.45 514.45 513.1804 537.88 537.88 537.88 538.4973 538.57 538.57 539.8976 514.07 514.07 514.07 494.9071 492.65 492.65 492.65 495.083 495.06 495.06 536.007 540.83 540.83 540.83 613.9324 613.24
338.7 350.3705 350.26 350.26 346.9767 346.59 346.59 346.59 346.3275 346.33 346.33 357.7275 359.07 359.07 359.07 388.2968 388.02 388.02 388.7536 388.84 388.84 388.84 405.5079 405.35 405.35 404.0723 428.93 428.93 428.93 428.1324 455.8121 455.55 454.6965 471.3 471.3 471.3 478.3871 478.32 478.32 477.3945 495.4 495.4 495.4 498.7316 498.7 498.7 498.7 494.57 494.57 494.57 512.3552 514.45 514.45 513.1804 537.88 537.88 537.88 538.4973 538.57 538.57 539.8976 514.07 514.07 514.07 494.9071 492.65 492.65 492.5194 495.06 495.06 495.06 536.007 540.83 540.83 540.83 613.9324 613.24
338.0736 350.26 350.26 350.26 346.9767 346.59 346.59 346.59 346.3275 346.33 346.33 357.7275 359.07 359.07 359.07 388.2968 388.02 388.02 388.7536 388.84 388.84 388.84 405.35 405.35 405.35 404.0723 428.93 428.93 428.93 428.1324 428.14 428.14 427.4123 441.57 441.57 441.57 460.4589 460.28 460.28 459.8248 468.68 468.68 468.68 464.036 464.08 464.08 463.8069 469.12 469.12 469.12 491.9956 494.69 494.69 493.4778 517.06 517.06 517.06 539.2377 541.85 538.9156 539.8976 514.07 514.07 514.07 494.9071 492.65 492.65 492.5194 495.06 495.06 495.06 541.2677 540.83 540.83 540.83 613.9324 613.24
338.0736 350.26 350.26 350.26 346.9767 346.59 346.59 346.59 346.3275 346.33 346.33 357.7275 359.07 359.07 359.07 388.2968 388.02 388.02 388.7536 388.84 388.84 388.84 405.35 405.35 405.35 426.4453 428.93 428.93 428.93 428.1324 428.14 428.14 427.4123 441.57 441.57 441.57 460.4589 460.28 460.28 459.8248 468.68 468.68 468.68 464.036 464.08 464.08 463.8069 469.12 469.12 469.12 491.9956 494.69 494.69 493.4778 517.06 517.06 517.06 539.2377 541.85 541.85 542.0337 538.46 538.46 538.46 512.7843 509.76 509.76 511.5487 476.75 476.75 476.75 475.8111 475.82 475.82 475.82 511.3061 510.97
338.0736 350.26 350.26 350.26 346.5549 346.59 346.59 346.59 346.3275 346.33 346.33 357.7275 359.07 359.07 359.07 388.2968 388.02 388.02 388.7536 388.84 388.84 388.84 405.35 405.35 405.35 426.4453 428.93 428.93 428.93 428.1324 428.14 428.14 427.4123 441.57 441.57 441.57 460.4589 460.28 460.28 459.8248 468.68 468.68 468.68 464.036 464.08 464.08 463.8069 469.12 469.12 469.12 494.9345 494.69 494.69 493.4778 517.06 517.06 517.06 539.2377 541.85 541.85 542.0337 538.46 538.46 538.46 512.7843 509.76 509.76 511.5487 476.75 476.75 476.75 475.8111 475.82 475.82 473.9153 510.97 510.97
331.9811 335.85 335.85 335.85 350.0546 349.92 350.1005 346.6041 346.33 346.33 346.33 357.7275 359.07 359.07 359.07 388.2968 388.02 388.02 388.7536 388.84 388.84 388.84 405.35 405.35 405.35 426.4453 428.93 428.93 428.9728 428.14 428.14 428.14 427.4123 441.57 441.57 441.57 460.4589 460.28 460.28 459.8248 468.68 468.68 468.68 464.036 464.08 464.08 463.8069 469.12 469.12 469.12 494.9345 494.69 494.69 514.7028 517.06 517.06 517.06 539.2377 541.85 541.85 542.0337 538.46 538.46 538.46 512.7843 509.76 509.76 511.5487 476.75 476.75 476.75 475.8111 475.82 475.82 473.9153 510.97 510.97
331.9811 335.85 335.85 335.85 350.0546 349.92 349.92 347.6962 390.96 390.96 390.96 401.3824 402.61 402.61 402.61 365.549 365.9 365.9 355.5581 354.34 354.34 354.34 366.42 366.42 366.42 387.4974 389.98 389.98 389.3081 402.38 402.38 402.38 424.3878 426.1894 441.57 441.57 460.4589 460.28 460.28 459.8248 468.68 468.68 468.68 464.036 464.08 464.08 463.8069 469.12 469.12 469.12 494.9345 494.69 494.69 514.7028 517.06 517.06 517.06 539.2377 541.85 541.85 542.0337 538.46 538.46 538.46 512.7843 509.76 509.76 511.5487 476.75 476.75 476.75 475.8111 475.82 475.82 473.9153 510.97 510.97
331.9811 335.85 335.85 335.85 350.0546 349.92 349.92 347.6962 390.96 390.96 390.96 402.7214 402.61 402.61 402.61 365.549 365.9 365.9 355.5581 354.34 354.34 354.34 366.42 366.42 366.42 387.4974 389.98 389.98 389.3081 402.38 402.38 402.38 424.3878 426.98 426.98 425.647 451.58 451.58 451.58 452.2188 439.79 439.79 439.79 435.3681 435.41 435.41 434.2211 457.35 457.35 457.35 481.8319 481.6 481.6 502.2837 504.72 504.72 504.72 522.8921 522.72 522.72 522.5195 526.42 526.42 526.42 513.5732 512.06 512.06 514.9579 458.58 458.58 458.58 443.6889 443.83 443.83 470.5444 510.97 510.97
331.9811 335.85 335.85 335.85 350.0546 349.92 349.92 347.6962 390.96 390.96 390.96 402.7214 402.61 402.61 404.5992 365.9 365.9 365.9 355.5581 354.34 354.34 354.34 366.42 366.42 366.42 387.4974 389.98 389.98 389.3081 402.38 402.38 402.38 424.3878 426.98 426.98 425.647 451.58 451.58 451.58 452.2188 439.79 439.79 439.79 435.3681 435.41 435.41 434.2211 457.35 457.35 457.35 481.8319 481.6 481.6 502.2837 504.72 504.72 504.72 522.8921 522.72 522.72 526.0301 526.42 526.42 526.42 513.5732 512.06 512.06 514.9579 458.58 458.58 458.58 443.6889 443.83 443.83 443.7308 445.66 445.66
331.9811 335.85 335.85 335.85 350.0546 349.92 349.92 347.6962 390.96 390.96 390.96 402.7214 402.61 402.61 404.5992 365.9 365.9 365.9 354.2295 354.34 354.34 354.34 366.42 366.42 366.42 387.4974 389.98 389.98 389.3081 402.38 402.38 402.38 424.3878 426.98 426.98 425.647 451.58 451.58 451.58 441.0324 439.79 439.79 439.79 435.3681 435.41 435.41 434.2211 457.35 457.35 457.35 481.8319 481.6 481.6 502.2837 504.72 504.72 504.72 522.8921 522.72 522.72 526.0301 526.42 526.42 526.42 513.5732 512.06 512.06 514.9579 458.58 458.58 458.58 443.6889 443.83 443.83 443.7308 445.66 445.66
331.0023 334.07 334.07 334.07 346.104 345.99 345.99 345.078 362.82 362.82 362.82 366.2323 366.2 366.2 367.565 341.01 341.01 341.01 353.0917 354.34 354.34 354.34 366.42 366.42 366.42 387.4974 389.98 389.98 389.3081 402.38 402.38 402.38 424.3878 426.98 426.98 425.647 451.58 451.58 451.58 441.0324 439.79 439.79 439.79 435.3681 435.41 435.41 434.2211 457.35 457.35 457.35 481.8319 481.6 481.6 502.2837 504.72 504.72 504.72 522.8921 522.72 522.72 526.0301 526.42 526.42 526.42 511.9227 512.06 512.06 514.9579 458.58 458.58 458.58 443.6889 443.83 443.83 443.7308 445.66 445.66
333.7634 334.07 334.07 334.07 346.104 345.99 345.99 345.078 362.82 362.82 362.82 366.2323 366.2 366.2 367.565 341.01 341.01 341.01 342.383 342.37 342.37 341.4445 359.45 359.45 359.45 355.8268 355.4 355.4 353.7283 386.25 386.25 386.25 427.8053 432.7 432.7 431.7447 450.33 450.33 450.33 431.0777 428.81 428.81 428.2166 439.76 439.76 439.76 438.8069 457.35 457.35 457.35 481.8319 481.6 481.6 502.2837 504.72 504.72 504.72 522.8921 522.72 522.72 526.0301 526.42 526.42 526.42 511.9227 512.06 512.06 514.9579 458.58 458.58 458.58 443.6889 443.83 443.83 443.7308 445.66 445.66
333.7634 334.07 334.07 334.07 345.99 345.99 345.99 345.078 362.82 362.82 362.82 366.2323 366.2 366.2 367.565 341.01 341.01 341.01 342.383 342.37 342.37 341.4445 359.45 359.45 359.45 355.3613 355.4 355.4 353.7283 386.25 386.25 386.25 427.8053 432.7 432.7 431.7447 450.33 450.33 450.33 431.0777 428.81 428.81 428.2166 439.76 439.76 439.76 453.0541 454.62 454.62 454.62 473.943 473.76 473.76 490.5521 492.53 492.53 492.53 502.2622 502.17 502.17 522.0128 524.35 524.35 524.35 477.153 477.6 477.6 440.1778 435.77 435.77 435.77 423.8673 423.98 423.98 422.8908 444.08 444.08
333.7634 334.07 334.07 334.07 345.99 345.99 345.99 345.078 362.82 362.82 362.82 366.2323 366.2 366.2 367.565 341.01 341.01 341.01 342.383 342.37 342.37 341.4445 359.45 359.45 359.45 355.3613 355.4 355.4 353.7283 386.25 386.25 386.25 427.8053 432.7 432.7 431.7447 450.33 450.33 450.33 431.0777 428.81 428.81 428.2166 439.76 439.76 439.76 453.0541 454.62 454.62 454.62 473.943 473.76 473.76 490.5521 492.53 492.53 492.53 502.2622 502.17 502.17 522.0128 524.35 524.35 524.35 477.153 477.6 477.6 440.1778 435.77 435.77 435.77 423.98 423.98 423.98 422.8908 444.08 444.08
358.4742 356.47 356.47 356.47 345.9854 345.99 345.99 361.0465 362.82 362.82 362.82 366.2323 366.2 366.2 367.565 341.01 341.01 341.01 342.383 342.37 342.37 341.4445 359.45 359.45 359.45 355.3613 355.4 355.4 382.9992 386.25 386.25 386.25 427.8053 432.7 432.7 431.7447 450.33 450.33 450.33 431.0777 428.81 428.81 428.2166 439.76 439.76 439.76 453.0541 454.62 454.62 453.5829 473.76 473.76 473.76 490.5521 492.53 492.53 492.53 502.2622 502.17 502.17 522.0128 524.35 524.35 524.35 477.153 477.6 477.6 440.1778 435.77 435.77 435.77 423.98 423.98 423.98 422.8908 444.08 444.08
358.4742 356.47 356.47 356.47 346.47 346.47 346.47 335.2872 333.97 333.97 334.3645 326.69 326.69 326.69 326.6998 326.51 326.51 326.51 324.2789 324.3 324.3 324.0534 328.85 328.85 328.85 337.1082 337.03 337.03 356.4881 358.78 357.2915 386.25 433.1442 432.7 432.7 431.7447 450.33 450.33 450.33 431.0777 428.81 428.81 428.2166 439.76 439.76 439.76 453.0541 454.62 454.62 453.5829 473.76 473.76 473.76 492.7095 492.53 492.53 492.53 502.2622 502.17 502.17 522.0128 524.35 524.35 524.35 477.153 477.6 477.6 440.1778 435.77 435.77 435.77 423.98 423.98 423.98 441.9619 444.08 444.08
358.4742 356.47 356.47 356.47 346.47 346.47 346.47 335.2872 333.97 333.97 334.3645 326.69 326.69 326.69 326.6998 326.51 326.51 326.51 324.2789 324.3 324.3 324.0534 328.85 328.85 328.85 337.1082 337.03 337.03 356.4881 358.78 358.78 358.78 372.2778 372.15 372.15 371.1172 391.21 391.21 391.21 394.4038 394.78 394.78 393.8984 411.05 411.05 411.05 423.6105 425.09 425.09 424.34 438.93 438.93 438.93 462.3922 462.17 462.17 462.17 487.7624 487.52 487.52 520.469 524.35 524.35 524.35 477.153 477.6 477.6 440.1778 435.77 435.77 435.77 423.98 423.98 423.98 441.9619 444.08 444.08
358.4742 356.47 356.47 356.47 346.47 346.47 346.47 335.2872 333.97 333.97 334.3645 326.69 326.69 326.69 326.529 326.51 326.51 326.51 324.2789 324.3 324.3 324.0534 328.85 328.85 328.85 337.1082 337.03 337.03 356.4881 358.78 358.78 358.78 372.2778 372.15 372.15 389.2015 391.21 391.21 391.21 394.4038 394.78 394.78 393.8984 411.05 411.05 411.05 423.6105 425.09 425.09 424.34 438.93 438.93 438.93 462.3922 462.17 462.17 460.7964 487.52 487.52 487.52 468.1066 465.82 465.82 465.82 440.0762 440.32 440.32 421.1035 418.84 418.84 418.84 417.64 417.64 417.64 425.7364 426.69 426.69
358.4742 356.47 356.47 356.47 346.47 346.47 346.47 335.2872 333.97 333.97 334.3645 326.69 326.69 326.69 326.529 326.51 326.51 326.6298 324.3 324.3 324.3 324.0534 328.85 328.85 328.85 337.1082 337.03 337.03 356.4881 358.78 358.78 358.78 372.2778 372.15 372.15 389.2015 391.21 391.21 391.21 394.4038 394.78 394.78 393.8984 411.05 411.05 411.05 423.6105 425.09 425.09 424.34 438.93 438.93 438.93 462.3922 462.17 462.17 460.7964 487.52 487.52 487.52 468.1066 465.82 465.82 465.82 440.0762 440.32 440.32 421.1035 418.84 418.84 418.84 417.64 417.64 417.64 425.7364 426.69 426.69
363.7113 364.37 364.37 364.37 344.28 344.28 344.28 340.5583 340.12 340.12 339.7927 346.16 346.16 346.16 343.6282 343.33 326.51 326.6298 324.3 324.3 324.3 324.0534 328.85 328.85 328.85 337.1082 337.03 337.03 356.4881 358.78 358.78 358.78 372.2778 372.15 372.15 389.2015 391.21 391.21 391.21 394.8141 394.78 394.78 393.8984 411.05 411.05 411.05 423.6105 425.09 425.09 424.34 438.93 438.93 438.93 462.3922 462.17 462.17 460.7964 487.52 487.52 487.52 465.6125 465.82 465.82 465.82 440.0762 440.32 440.32 421.1035 418.84 418.84 418.84 417.64 417.64 417.64 425.7364 426.69 426.69
363.7113 364.37 364.37 364.37 344.28 344.28 344.28 340.5583 340.12 340.12 339.7927 346.16 346.16 346.16 343.6282 343.33 343.33 343.4736 340.68 340.68 340.68 332.6015 331.65 331.65 331.65 333.6792 333.66 333.66 346.4174 347.92 347.92 347.92 365.2845 365.12 365.12 377.6537 379.13 379.13 379.13 401.8452 401.63 401.63 407.3735 407.8874 411.05 411.05 423.6105 425.09 425.09 424.34 438.93 438.93 438.93 462.3922 462.17 462.17 460.7964 487.52 487.52 487.52 465.6125 465.82 465.82 465.82 440.0762 440.32 440.32 421.1035 418.84 418.84 418.84 417.64 417.64 417.64 425.7364 426.69 426.69
363.7113 364.37 364.37 365.4586 344.28 344.28 344.28 340.5583 340.12 340.12 339.7927 346.16 346.16 346.16 343.6282 343.33 343.33 343.4736 340.68 340.68 340.68 332.6015 331.65 331.65 331.5411 333.66 333.66 333.66 346.4174 347.92 347.92 347.92 365.2845 365.12 365.12 377.6537 379.13 379.13 379.13 401.8452 401.63 401.63 407.3735 408.05 408.05 408.05 410.1166 410.36 410.36 409.3353 429.27 429.27 429.27 456.1446 455.89 455.89 456.2189 449.82 449.82 449.82 442.8035 442.87 442.87 443.3777 433.5 433.5 433.5 422.4603 421.16 421.16 421.16 416.03 416.03 416.03 418.3918 426.7667 426.69
363.7113 364.37 364.37 365.4586 344.28 344.28 344.28 340.0802 340.12 340.12 339.7927 346.16 346.16 346.16 343.6282 343.33 343.33 343.4736 340.68 340.68 340.68 332.6015 331.65 331.65 331.5411 333.66 333.66 333.66 346.4174 347.92 347.92 347.92 365.2845 365.12 365.12 377.6537 379.13 379.13 379.13 401.8452 401.63 401.63 407.3735 408.05 408.05 408.05 410.3821 410.36 410.36 409.3353 429.27 429.27 429.27 456.1446 455.89 455.89 456.2189 449.82 449.82 449.82 442.8035 442.87 442.87 443.3777 433.5 433.5 433.5 422.4603 421.16 421.16 421.16 416.03 416.03 416.03 418.3918 418.67 418.67
363.7113 364.37 364.37 365.4586 344.28 344.28 344.28 340.0802 340.12 340.12 339.7927 346.16 346.16 346.16 343.6282 343.33 343.33 343.4736 340.68 340.68 340.68 332.6015 331.65 331.65 331.5411 333.66 333.66 333.66 348.0564 347.92 347.92 347.92 365.2845 365.12 365.12 377.6537 379.13 379.13 379.13 401.8452 401.63 401.63 407.3735 408.05 408.05 408.05 410.3821 410.36 410.36 409.3353 429.27 429.27 429.27 456.1446 455.89 455.89 456.2189 449.82 449.82 449.82 442.8035 442.87 442.87 443.3777 433.5 433.5 433.5 421.042 421.16 421.16 421.16 416.03 416.03 416.03 418.3918 418.67 418.67
395.0112 395.02 395.02 396.1861 373.5 373.5 373.5 373.399 373.4 373.4 381.2816 382.21 382.21 382.21 375.3214 374.51 374.51 374.8173 368.84 340.4107 340.68 332.6015 331.65 331.65 331.5411 333.66 333.66 333.66 348.0564 347.92 347.92 347.92 365.2845 365.12 365.12 377.6537 379.13 379.13 379.13 401.8452 401.63 401.63 407.3735 408.05 408.05 408.05 410.3821 410.36 410.36 427.2773 429.27 429.27 429.27 456.1446 455.89 455.89 456.2189 449.82 449.82 449.82 442.8035 442.87 442.87 443.3777 433.5 433.5 433.5 421.042 421.16 421.16 421.16 416.03 416.03 416.03 418.3918 418.67 418.67
395.0112 395.02 395.02 396.1861 373.5 373.5 373.5 373.399 373.4 373.4 381.2816 382.21 382.21 382.21 374.4364 374.51 374.51 374.8173 368.84 368.84 368.84 364.1164 363.56 363.56 358.9145 449.29 449.29 449.29 411.7646 412.12 412.12 414.7275 364 364 364 357.6034 356.85 356.85 356.85 396.97 396.59 396.59 406.073 407.19 407.19 407.19 404.1613 404.19 404.19 415.7307 417.09 417.09 417.09 430.94 430.94 430.94 430.4128 448.8558 449.82 449.82 442.8035 442.87 442.87 443.3777 433.5 433.5 433.5 421.042 421.16 421.16 421.438 416.03 416.03 416.03 418.3918 418.67 418.67
395.0112 395.02 395.02 396.1861 373.5 373.5 373.5 373.399 373.4 373.4 381.2816 382.21 382.21 382.21 374.4364 374.51 374.51 374.8173 368.84 368.84 368.84 364.1164 363.56 363.56 358.9145 449.29 449.29 449.29 411.7646 412.12 412.12 414.7275 364 364 364 356.7816 356.85 356.85 356.85 396.97 396.59 396.59 406.073 407.19 407.19 407.19 404.1613 404.19 404.19 415.7307 417.09 417.09 417.09 430.94 430.94 430.94 430.4128 440.67 440.67 440.67 439.085 439.1 439.1 437.9772 459.82 459.82 459.82 457.5586 457.58 457.58 456.7341 473.19 473.19 473.19 523.9306 523.45 523.45
395.02 395.02 395.02 396.1861 373.5 373.5 373.5 373.399 373.4 373.4 381.2816 382.21 382.21 382.21 374.4364 374.51 374.51 369.4375 368.84 368.84 368.84 364.1164 363.56 363.56 358.9145 449.29 449.29 449.29 411.7646 412.12 412.12 414.7275 364 364 364 356.7816 356.85 356.85 356.85 396.97 396.59 396.59 406.073 407.19 407.19 407.19 404.1613 404.19 404.19 415.7307 417.09 417.09 417.09 430.94 430.94 430.94 439.6447 440.67 440.67 440.67 439.085 439.1 439.1 437.9772 459.82 459.82 459.82 457.5586 457.58 457.58 456.7341 473.19 473.19 473.19 523.9306 523.45 523.45
403.06 403.06 403.06 402.1773 421.8345 373.5 373.5 373.399 373.4 373.4 381.2816 382.21 382.21 382.21 374.4364 374.51 374.51 369.4375 368.84 368.84 368.84 364.1164 363.56 363.56 358.9145 449.29 449.29 449.29 411.7646 412.12 412.12 414.7275 364 364 364 356.7816 356.85 356.85 354.6966 396.59 396.59 396.59 406.073 407.19 407.19 407.19 404.1613 404.19 404.19 415.7307 417.09 417.09 417.09 430.94 430.94 430.94 439.6447 440.67 440.67 440.67 439.085 439.1 439.1 437.9772 459.82 459.82 459.82 457.5586 457.58 457.58 456.7341 473.19 473.19 473.19 523.9306 523.45 523.45
403.06 403.06 403.06 417.6335 419.35 419.35 419.35 420.8038 420.79 420.79 414.6082 413.88 413.88 413.88 399.938 400.07 400.07 389.4508 388.2 388.2 388.2 403.5453 403.4 403.4 401.5853 436.89 436.89 436.89 414.195 414.41 414.41 414.9688 364 364 364 356.7816 356.85 356.85 354.6966 396.59 396.59 396.59 406.073 407.19 407.19 407.19 404.1613 404.19 404.19 415.7307 417.09 417.09 417.09 430.94 430.94 430.94 439.6447 440.67 440.67 440.7551 439.1 439.1 439.1 437.9772 459.82 459.82 459.82 457.5586 457.58 457.58 456.7341 473.19 473.19 473.19 523.9306 523.45 523.45
403.06 403.06 403.06 417.6335 419.35 419.35 419.35 420.8038 420.79 420.79 414.6082 413.88 413.88 413.88 399.938 400.07 400.07 389.4508 388.2 388.2 388.2 403.5453 403.4 403.4 401.5853 436.89 436.89 436.89 414.195 414.41 414.41 415.1453 400.84 400.84 400.84 375.712 375.95 375.95 376.1483 372.29 372.29 372.29 414.3585 413.96 413.96 413.96 421.3803 421.31 421.31 423.7792 424.07 424.07 424.07 421.55 421.55 421.55 444.1572 446.82 446.82 443.2924 511.92 438.4037 439.1 437.9772 459.82 459.82 459.82 457.5586 457.58 457.58 456.7341 473.19 473.19 473.19 523.9306 523.45 523.45
