Model and model input files/precip_1993.asc
ncols         625
nrows         453
xllcorner     138621.56993419
yllcorner     4094031.9406744
cellsize      1000
NODATA_value  -9999
[rows 0 to 33 of 453, columns 154 to 230 of 625]
489.52 489.52 539.9022 546.71 546.71 546.71 612.56 612.56 612.56 677.0728 685.79 685.79 685.79 792.16 792.16 792.16 792.16 747.74 747.74 747.74 718.54 718.54 718.54 718.54 779.63 779.63 779.63 782.89 782.89 782.89 782.89 781.8 781.8 781.8 860.03 860.03 860.03 860.03 999.84 999.84 999.84 1077.27 1077.27 1077.27 1160.53 1171.78 1171.78 1171.78 1079.69 1079.69 1079.69 1017.829 1009.47 1009.47 1009.47 1053.8 1053.8 1053.8 1055.631 1266.61 1266.61 1266.61 1468.09 1468.09 1468.09 1468.09 1340.09 1340.09 1340.09 -9999 -9999 -9999 -9999 -9999 -9999 -9999 -9999
489.52 489.52 540.6836 546.71 546.71 546.71 613.1897 612.56 612.56 678.0734 685.79 685.79 685.79 792.16 792.16 792.16 752.4208 747.74 747.74 747.74 718.2607 718.54 718.54 715.2297 779.63 779.63 779.63 782.9212 782.89 782.89 782.9491 781.8 781.8 781.8 860.7781 860.03 860.03 852.4541 999.84 999.84 999.84 1078.01 1077.27 1077.27 1161.821 1171.78 1171.78 1171.78 1078.809 1079.69 1079.69 1016.869 1009.47 1009.47 1009.47 1054.224 1053.8 1053.8 1244.185 1266.61 1266.61 1266.61 1470.017 1468.09 1468.09 1475.026 1340.09 1340.09 1340.09 -9999 -9999 -9999 -9999 -9999 -9999 -9999 -9999
489.52 489.52 540.6836 546.71 546.71 546.71 613.1897 612.56 612.56 678.0734 685.79 685.79 685.79 792.16 792.16 792.16 752.4208 747.74 747.74 749.3223 718.54 718.54 718.54 715.2297 779.63 779.63 779.63 782.9212 782.89 782.89 782.9491 781.8 781.8 781.8 860.7781 860.03 860.03 852.4541 999.84 999.84 999.84 1078.01 1077.27 1077.27 1161.821 1171.78 1171.78 1171.78 1078.809 1079.69 1079.69 1016.869 1009.47 1009.47 1009.47 1054.224 1053.8 1053.8 1244.185 1266.61 1266.61 1266.61 1468.09 1468.09 1468.09 1475.026 1340.09 1340.09 1340.09 -9999 -9999 -9999 -9999 -9999 -9999 -9999 -9999
496.18 496.18 540.8039 546.06 546.06 546.06 565.6455 565.46 565.46 590.4647 593.41 593.41 593.41 639.07 639.07 639.07 637.1376 630.9044 747.74 749.3223 718.54 718.54 718.54 773.1926 779.63 779.63 779.63 782.9212 782.89 782.89 782.9491 781.8 781.8 781.8 860.7781 860.03 860.03 852.4541 999.84 999.84 999.84 1078.01 1077.27 1077.27 1161.821 1171.78 1171.78 1171.78 1078.809 1079.69 1079.69 1016.869 1009.47 1009.47 1009.47 1054.224 1053.8 1053.8 1244.185 1266.61 1266.61 1266.61 1468.09 1468.09 1468.09 1353.578 1340.09 1340.09 1340.09 -9999 -9999 -9999 -9999 -9999 -9999 -9999 -9999
496.18 496.18 540.8039 546.06 546.06 546.06 565.6455 565.46 565.46 590.4647 593.41 593.41 593.41 639.07 639.07 639.07 637.1376 636.91 636.91 635.1846 668.75 668.75 668.75 675.0034 675.74 675.74 675.779 675.02 675.02 675.02 675.2861 670.11 670.11 670.11 648.9092 649.11 649.11 638.1478 851.41 851.41 851.41 1144.335 1141.56 1141.56 1190.881 1196.69 1196.69 1196.69 1171.481 1171.72 1171.72 1034.332 1018.15 1018.15 1018.15 1029.225 1029.12 1029.12 1168.716 1266.61 1266.61 1266.61 1468.09 1468.09 1468.09 1353.578 1340.09 1340.09 1360.405 -9999 -9999 -9999 -9999 -9999 -9999 -9999 -9999
496.18 496.18 540.8039 546.06 546.06 546.06 565.6455 565.46 565.46 590.4647 593.41 593.41 593.41 639.07 639.07 639.07 637.1376 636.91 636.91 635.1846 668.75 668.75 668.75 675.0034 675.74 675.74 675.779 675.02 675.02 675.02 670.6274 670.11 670.11 670.11 648.9092 649.11 649.11 638.1478 851.41 851.41 851.41 1144.335 1141.56 1141.56 1190.881 1196.69 1196.69 1196.69 1171.481 1171.72 1171.72 1034.332 1018.15 1018.15 1018.15 1029.225 1029.12 1029.12 1172.877 1189.81 1189.81 1189.81 1390.06 1390.06 1390.06 1325.432 1317.82 1317.82 1334.421 -9999 -9999 -9999 -9999 -9999 -9999 -9999 -9999
496.18 496.18 540.8039 546.06 546.06 546.06 565.6455 565.46 565.46 590.4647 593.41 593.41 593.41 639.07 639.07 639.07 637.1376 636.91 636.91 635.1846 668.75 668.75 668.75 675.0034 675.74 675.74 675.779 675.02 675.02 675.02 670.6274 670.11 670.11 670.11 648.9092 649.11 649.11 638.1478 851.41 851.41 851.41 1144.335 1141.56 1141.56 1190.881 1196.69 1196.69 1196.69 1171.481 1171.72 1171.72 1034.332 1018.15 1018.15 1018.15 1029.225 1029.12 1029.12 1172.877 1189.81 1189.81 1189.81 1390.06 1390.06 1390.06 1325.432 1317.82 1317.82 1334.421 -9999 -9999 -9999 -9999 -9999 -9999 -9999 -9999
496.18 496.18 540.8039 546.06 546.06 546.06 565.6455 565.46 565.46 590.4647 593.41 593.41 593.41 639.07 639.07 639.07 637.1376 636.91 636.91 635.1846 668.75 668.75 668.75 675.0034 675.74 675.74 675.779 675.02 675.02 675.02 670.6274 670.11 670.11 671.2479 649.11 649.11 649.11 638.1478 851.41 851.41 851.41 1144.335 1141.56 1141.56 1190.881 1196.69 1196.69 1196.69 1171.481 1171.72 1171.72 1034.332 1018.15 1018.15 1018.15 1029.225 1029.12 1029.12 1172.877 1189.81 1189.81 1189.81 1390.06 1390.06 1390.06 1325.432 1317.82 1317.82 1334.421 -9999 -9999 -9999 -9999 -9999 -9999 -9999 -9999
622.6 622.6 609.7886 609.91 609.91 609.91 624.7203 624.58 624.58 718.4709 729.53 729.53 729.53 707.91 707.91 707.91 703.7768 703.29 703.29 701.4227 737.75 737.75 737.75 698.2971 693.65 693.65 692.3652 717.36 717.36 717.36 723.2198 723.91 723.91 726.5039 676.04 651.9478 649.11 830.0926 851.41 851.41 851.41 1144.335 1141.56 1141.56 1190.881 1196.69 1196.69 1196.69 1171.481 1171.72 1171.72 1034.332 1018.15 1018.15 1018.15 1029.225 1029.12 1029.12 1172.877 1189.81 1189.81 1189.81 1390.06 1390.06 1390.06 1325.432 1317.82 1317.82 1334.421 -9999 -9999 -9999 -9999 -9999 -9999 -9999 -9999
622.6 622.6 609.7886 609.91 609.91 609.91 624.7203 624.58 624.58 718.4709 729.53 729.53 729.53 707.91 707.91 707.91 703.7768 703.29 703.29 701.4227 737.75 737.75 737.75 698.2971 693.65 693.65 692.3652 717.36 717.36 717.36 723.2198 723.91 723.91 726.5039 676.04 676.04 676.04 736.794 743.95 743.95 733.384 938.94 938.94 938.94 989.5757 995.54 995.54 995.54 1225.68 1223.5 1223.5 1252.03 1255.39 1255.39 1255.39 1224.75 1225.04 1225.04 1399.232 1419.75 1419.75 1419.75 1679.79 1679.79 1679.79 1406.348 1374.14 1374.14 1389.883 -9999 -9999 -9999 -9999 -9999 -9999 -9999 -9999
622.6 622.6 609.7886 609.91 609.91 609.1151 624.58 624.58 624.58 718.4709 729.53 729.53 729.53 707.91 707.91 707.91 703.7768 703.29 703.29 701.4227 737.75 737.75 737.75 698.2971 693.65 693.65 692.3652 717.36 717.36 717.36 723.2198 723.91 723.91 726.5039 676.04 676.04 676.04 736.794 743.95 743.95 733.384 938.94 938.94 938.94 996.0812 995.54 995.54 995.54 1225.68 1223.5 1223.5 1252.03 1255.39 1255.39 1255.39 1224.75 1225.04 1225.04 1399.232 1419.75 1419.75 1419.75 1679.79 1679.79 1679.79 1406.348 1374.14 1374.14 1389.883 -9999 -9999 -9999 -9999 -9999 -9999 -9999 -9999
622.6 622.6 609.7886 609.91 609.91 609.1151 624.58 624.58 624.58 730.5336 729.53 729.53 729.53 707.91 707.91 707.91 703.7768 703.29 703.29 701.4227 737.75 737.75 737.75 698.2971 693.65 693.65 692.3652 717.36 717.36 717.36 723.2198 723.91 723.91 726.5039 676.04 676.04 676.04 736.794 743.95 743.95 733.384 938.94 938.94 938.94 996.0812 995.54 995.54 995.54 1225.68 1223.5 1223.5 1252.03 1255.39 1255.39 1255.39 1224.75 1225.04 1225.04 1399.232 1419.75 1419.75 1419.75 1679.79 1679.79 1679.79 1406.348 1374.14 1374.14 1389.883 -9999 -9999 -9999 -9999 -9999 -9999 -9999 -9999
849.7 849.7 776.6894 609.91 609.91 609.1151 624.58 624.58 624.58 730.5336 729.53 729.53 730.7015 707.91 707.91 707.91 703.7768 703.29 703.29 701.4227 737.75 737.75 737.75 698.2971 693.65 693.65 692.3652 717.36 717.36 717.36 723.2198 723.91 723.91 726.5039 676.04 676.04 676.04 736.794 743.95 743.95 733.384 938.94 938.94 938.94 996.0812 995.54 995.54 983.1874 1223.5 1223.5 1223.5 1252.03 1255.39 1255.39 1255.39 1224.75 1225.04 1225.04 1399.232 1419.75 1419.75 1419.75 1679.79 1679.79 1679.79 1406.348 1374.14 1374.14 1389.883 -9999 -9999 -9999 -9999 -9999 -9999 -9999 -9999
849.7 849.7 768.0768 768.85 768.85 775.7599 641.33 641.33 641.33 742.3973 741.44 741.44 739.7472 772.68 772.68 772.68 783.2401 783.14 783.14 786.1647 727.32 727.32 727.32 751.6717 754.54 754.54 754.8082 749.59 749.59 749.59 892.9178 909.8 909.8 906.6501 967.93 967.93 967.93 795.1869 774.84 774.84 773.6533 796.74 796.74 796.74 940.9257 939.56 939.56 933.097 1058.83 1058.83 1058.83 1334.865 1332.25 1332.25 1336.415 1224.75 1225.04 1225.04 1399.232 1419.75 1419.75 1419.75 1679.79 1679.79 1679.79 1406.348 1374.14 1374.14 1389.883 -9999 -9999 -9999 -9999 -9999 -9999 -9999 -9999
849.7 849.7 768.0768 768.85 768.85 775.7599 641.33 641.33 641.33 742.3973 741.44 741.44 739.7472 772.68 772.68 772.68 783.2401 783.14 783.14 733.202 727.32 727.32 727.32 751.6717 754.54 754.54 754.8082 749.59 749.59 749.59 892.9178 909.8 909.8 906.6501 967.93 967.93 967.93 795.1869 774.84 774.84 773.6533 796.74 796.74 796.74 940.9257 939.56 939.56 933.097 1058.83 1058.83 1058.83 1334.865 1332.25 1332.25 1327.07 1427.85 1427.85 1427.85 1527.118 1538.81 1538.81 1538.81 1705.74 1705.74 1705.74 1662.646 1657.57 1657.57 1681.457 -9999 -9999 -9999 -9999 -9999 -9999 -9999 -9999
849.7 849.7 768.0768 768.85 768.85 775.7599 641.33 641.33 641.33 742.3973 741.44 741.44 739.7472 772.68 772.68 772.68 783.2401 783.14 783.14 733.202 727.32 727.32 727.32 751.6717 754.54 754.54 754.8082 749.59 749.59 749.59 892.9178 909.8 909.8 906.6501 967.93 967.93 967.93 795.1869 774.84 774.84 773.6533 796.74 796.74 796.74 940.9257 939.56 939.56 933.097 1058.83 1058.83 1058.83 1334.865 1332.25 1332.25 1327.07 1427.85 1427.85 1427.85 1527.118 1538.81 1538.81 1538.81 1705.74 1705.74 1705.74 1662.646 1657.57 1657.57 1681.457 -9999 -9999 -9999 -9999 -9999 -9999 -9999 -9999
849.7 849.7 768.0768 768.85 768.85 775.7599 641.33 641.33 641.33 742.3973 741.44 741.44 739.7472 772.68 772.68 772.68 783.2401 783.14 783.14 733.202 727.32 727.32 727.32 754.8003 754.54 754.54 754.8082 749.59 749.59 749.59 892.9178 909.8 909.8 906.6501 967.93 967.93 967.93 795.1869 774.84 774.84 773.6533 796.74 796.74 796.74 940.9257 939.56 939.56 933.097 1058.83 1058.83 1058.83 1334.865 1332.25 1332.25 1327.07 1427.85 1427.85 1427.85 1539.871 1538.81 1538.81 1538.81 1705.74 1705.74 1705.74 1662.646 1657.57 1657.57 1681.457 -9999 -9999 -9999 -9999 -9999 -9999 -9999 -9999
723.13 723.13 779.7463 779.21 779.21 778.0932 799.82 799.82 799.82 717.5104 718.29 718.29 716.549 750.42 750.42 750.42 928.1636 926.48 926.48 733.202 727.32 727.32 727.32 754.8003 754.54 754.54 750.1116 749.59 749.59 749.59 892.9178 909.8 909.8 906.6501 967.93 967.93 967.93 795.1869 774.84 774.84 773.6533 796.74 796.74 796.74 940.9257 939.56 939.56 933.097 1058.83 1058.83 1058.83 1334.865 1332.25 1332.25 1327.07 1427.85 1427.85 1427.85 1539.871 1538.81 1538.81 1538.81 1705.74 1705.74 1705.74 1662.646 1657.57 1657.57 1681.457 -9999 -9999 -9999 -9999 -9999 -9999 -9999 -9999
723.13 723.13 779.7463 779.21 779.21 778.0932 799.82 799.82 799.82 717.5104 718.29 718.29 716.549 750.42 750.42 750.42 928.1636 926.48 926.48 902.3162 899.47 899.47 899.47 870.4956 870.77 870.77 781.8264 771.35 771.35 771.35 839.8604 847.93 847.93 834.5278 1095.26 1095.26 1095.26 919.7078 899.03 899.03 901.6749 850.22 850.22 850.22 960.3431 959.3 959.3 953.5691 1065.06 1065.06 1065.06 1356.662 1353.9 1353.9 1347.516 1471.72 1471.72 1471.72 1720.315 1717.96 1557.688 1529.765 1705.74 1705.74 1705.74 1662.646 1657.57 1657.57 1681.457 -9999 -9999 -9999 -9999 -9999 -9999 -9999 -9999
723.13 723.13 779.7463 779.21 779.21 778.0932 799.82 799.82 799.82 717.5104 718.29 718.29 716.549 750.42 750.42 750.42 928.1636 926.48 926.48 902.3162 899.47 899.47 899.47 870.4956 870.77 870.77 781.8264 771.35 771.35 771.35 848.6623 847.93 847.93 834.5278 1095.26 1095.26 1095.26 919.7078 899.03 899.03 901.6749 850.22 850.22 850.22 960.3431 959.3 959.3 953.5691 1065.06 1065.06 1065.06 1356.662 1353.9 1353.9 1347.516 1471.72 1471.72 1471.72 1720.315 1717.96 1717.96 1716.211 1750.24 1750.24 1750.24 1814.973 1814.36 1814.36 1835.221 -9999 -9999 -9999 -9999 -9999 -9999 -9999 -9999
723.13 720.0912 779.21 779.21 779.21 778.0932 799.82 799.82 799.82 717.5104 718.29 718.29 716.549 750.42 750.42 750.42 928.1636 926.48 926.48 902.3162 899.47 899.47 899.47 870.4956 870.77 870.77 781.8264 771.35 771.35 771.35 848.6623 847.93 847.93 1069.198 1095.26 1095.26 1095.26 919.7078 899.03 899.03 901.6749 850.22 850.22 850.22 960.3431 959.3 959.3 953.5691 1065.06 1065.06 1065.06 1356.662 1353.9 1353.9 1347.516 1471.72 1471.72 1471.72 1720.315 1717.96 1717.96 1716.211 1750.24 1750.24 1750.24 1814.973 1814.36 1814.36 1835.221 -9999 -9999 -9999 -9999 -9999 -9999 -9999 -9999
723.13 720.0912 779.21 779.21 779.21 797.6483 799.82 799.82 799.82 717.5104 718.29 718.29 716.549 750.42 750.42 750.42 928.1636 926.48 926.48 902.3162 899.47 899.47 899.47 870.4956 870.77 870.77 781.8264 771.35 771.35 771.35 848.6623 847.93 847.93 1069.198 1095.26 1095.26 1095.26 897.1536 899.03 899.03 901.6749 850.22 850.22 850.22 960.3431 959.3 959.3 953.5691 1065.06 1065.06 1065.06 1356.662 1353.9 1353.9 1347.516 1471.72 1471.72 1471.72 1720.315 1717.96 1717.96 1716.211 1750.24 1750.24 1750.24 1814.973 1814.36 1814.36 1469.947 -9999 -9999 -9999 -9999 -9999 -9999 -9999 -9999
873.85 862.9534 1074.94 1074.94 1074.94 1177.947 1190.08 1190.08 1190.08 954.5087 956.74 956.74 963.7421 827.52 827.52 827.52 869.013 868.62 868.62 847.6053 845.13 845.13 845.13 873.4785 873.21 873.21 839.9479 836.03 836.03 836.03 919.0968 918.31 918.31 1001.439 1011.23 1011.23 1086.405 897.1536 899.03 899.03 901.6749 850.22 850.22 850.22 960.3431 959.3 959.3 953.5691 1065.06 1065.06 1065.06 1356.662 1353.9 1353.9 1347.516 1471.72 1471.72 1471.72 1720.315 1717.96 1717.96 1716.211 1750.24 1750.24 1750.24 1814.973 1814.36 1814.36 1469.947 -9999 -9999 -9999 -9999 -9999 -9999 -9999 -9999
873.85 862.9534 1074.94 1074.94 1074.94 1177.947 1190.08 1190.08 1202.724 956.74 956.74 956.74 963.7421 827.52 827.52 827.52 869.013 868.62 868.62 847.6053 845.13 845.13 845.13 873.4785 873.21 873.21 839.9479 836.03 836.03 836.03 919.0968 918.31 918.31 1001.439 1011.23 1011.23 1011.23 846.0453 847.61 847.61 870.0114 872.65 872.65 872.65 961.3502 960.51 960.51 947.5613 1199.47 1199.47 1199.47 1375.639 1373.97 1373.97 1387.469 1124.86 1124.86 1124.86 1345.894 1343.8 1343.8 1317.051 1837.44 1837.44 1837.44 1931.965 1931.07 1931.07 1718.283 -9999 -9999 -9999 -9999 -9999 -9999 -9999 -9999
873.85 862.9534 1074.94 1074.94 1074.94 1177.947 1190.08 1190.08 1202.724 956.74 956.74 956.74 841.1366 827.52 827.52 827.52 869.013 868.62 868.62 847.6053 845.13 845.13 845.13 873.4785 873.21 873.21 839.9479 836.03 836.03 836.03 919.0968 918.31 918.31 1001.439 1011.23 1011.23 1011.23 846.0453 847.61 847.61 870.0114 872.65 872.65 872.65 961.3502 960.51 960.51 947.5613 1199.47 1199.47 1199.47 1375.639 1373.97 1373.97 1387.469 1124.86 1124.86 1124.86 1345.894 1343.8 1343.8 1317.051 1837.44 1837.44 1837.44 1931.965 1931.07 1931.07 1718.283 -9999 -9999 -9999 -9999 -9999 -9999 -9999 -9999
873.85 862.9534 1074.94 1074.94 1074.94 1177.947 1190.08 1190.08 1202.724 956.74 956.74 956.74 841.1366 827.52 827.52 825.2929 868.62 868.62 868.62 847.6053 845.13 845.13 845.13 873.4785 873.21 873.21 839.9479 836.03 836.03 836.03 919.0968 918.31 918.31 1001.439 1011.23 1011.23 1011.23 846.0453 847.61 847.61 870.0114 872.65 872.65 872.65 960.51 960.51 960.51 947.5613 1199.47 1199.47 1199.47 1375.639 1373.97 1373.97 1387.469 1124.86 1124.86 1124.86 1345.894 1343.8 1343.8 1317.051 1837.44 1837.44 1837.44 1931.965 1931.07 1931.07 1718.283 -9999 -9999 -9999 -9999 -9999 -9999 -9999 -9999
883.64 857.9497 1357.74 1357.74 1357.74 1587.328 1614.37 1614.37 1627.784 1366.83 1366.83 1366.83 1165.682 1141.99 1141.99 858.4302 868.62 868.62 868.62 847.6053 845.13 845.13 845.13 873.4785 873.21 873.21 839.9479 836.03 836.03 836.03 919.0968 918.31 918.31 1001.439 1011.23 1011.23 1011.23 846.0453 847.61 847.61 870.0114 872.65 872.65 872.65 960.51 960.51 960.51 1174.29 1199.47 1199.47 1199.47 1375.639 1373.97 1373.97 1387.469 1124.86 1124.86 1124.86 1345.894 1343.8 1343.8 1317.051 1837.44 1837.44 1837.44 1931.965 1931.07 1931.07 1718.283 -9999 -9999 -9999 -9999 -9999 -9999 -9999 -9999
883.64 857.9497 1357.74 1357.74 1357.74 1587.328 1614.37 1614.37 1627.784 1366.83 1366.83 1366.83 1165.682 1141.99 1141.99 1138.835 1200.22 1200.22 1200.22 1018.196 1019.92 1019.92 1019.92 999.961 1000.15 1000.15 867.0477 851.37 851.37 851.37 1084.387 1082.18 1082.18 964.0179 950.1 950.1 950.1 743.1599 745.12 745.12 687.2109 680.39 680.39 680.39 697.75 697.75 697.75 801.8754 814.14 814.14 814.14 849.828 849.49 849.49 846.52 904.3 1126.969 1124.86 1345.894 1343.8 1343.8 1317.051 1837.44 1837.44 1837.44 1931.965 1931.07 1931.07 1718.283 -9999 -9999 -9999 -9999 -9999 -9999 -9999 -9999
883.64 857.9497 1357.74 1357.74 1357.74 1587.328 1614.37 1614.37 1627.784 1366.83 1366.83 1366.83 1165.682 1141.99 1141.99 1138.835 1200.22 1200.22 1200.22 1018.196 1019.92 1019.92 1020.991 1000.15 1000.15 1000.15 867.0477 851.37 851.37 851.37 1084.387 1082.18 1082.18 964.0179 950.1 950.1 950.1 743.1599 745.12 745.12 687.2109 680.39 680.39 680.39 697.75 697.75 697.75 801.8754 814.14 814.14 812.2245 849.49 849.49 849.49 846.52 904.3 904.3 904.3 1084.154 1082.45 1082.45 1060.722 1483.42 1483.42 1483.42 1751.439 1748.9 1748.9 1793.452 -9999 -9999 -9999 -9999 -9999 -9999 -9999 -9999
883.64 857.9497 1357.74 1357.74 1357.74 1587.328 1614.37 1614.37 1627.784 1366.83 1366.83 1366.83 1165.682 1141.99 1141.99 1138.835 1200.22 1200.22 1200.22 1018.196 1019.92 1019.92 1020.991 1000.15 1000.15 1000.15 867.0477 851.37 851.37 851.37 1084.387 1082.18 1082.18 964.0179 950.1 950.1 950.1 743.1599 745.12 745.12 687.2109 680.39 680.39 680.39 697.75 697.75 697.75 801.8754 814.14 814.14 812.2245 849.49 849.49 849.49 846.52 904.3 904.3 904.3 1084.154 1082.45 1082.45 1060.722 1483.42 1483.42 1483.42 1751.439 1748.9 1748.9 1793.452 -9999 -9999 -9999 -9999 -9999 -9999 -9999 -9999
883.64 857.9497 1357.74 1357.74 1357.74 1587.328 1614.37 1614.37 1627.784 1366.83 1366.83 1366.83 1165.682 1141.99 1141.99 1138.835 1200.22 1200.22 1200.22 1018.196 1019.92 1019.92 1020.991 1000.15 1000.15 1000.15 849.9473 851.37 851.37 851.37 1084.387 1082.18 1082.18 964.0179 950.1 950.1 950.1 743.1599 745.12 745.12 687.2109 680.39 680.39 680.39 697.75 697.75 697.75 801.8754 814.14 814.14 812.2245 849.49 849.49 849.49 898.5244 904.3 904.3 904.3 1084.154 1082.45 1082.45 1060.722 1483.42 1483.42 1483.42 1751.439 1748.9 1748.9 1793.452 -9999 -9999 -9999 -9999 -9999 -9999 -9999 -9999
781.06 865.6289 875.59 875.59 875.59 1026.952 1044.78 1044.78 1037.476 1179.58 1179.58 1179.58 961.5688 935.89 935.89 938.4818 888.06 888.06 888.06 853.3109 853.64 853.64 857.806 776.76 776.76 776.76 761.6166 761.76 761.76 745.6907 1058.31 1058.31 1057.017 964.0179 950.1 950.1 950.1 743.1599 745.12 745.12 687.2109 680.39 680.39 680.39 697.75 697.75 697.75 801.8754 814.14 814.14 812.2245 849.49 849.49 849.49 898.5244 904.3 904.3 904.3 1084.154 1082.45 1082.45 1060.722 1483.42 1483.42 1483.42 1751.439 1748.9 1748.9 1793.452 -9999 -9999 -9999 -9999 -9999 -9999 -9999 -9999
781.06 865.6289 875.59 875.59 875.59 1026.952 1044.78 1044.78 1037.476 1179.58 1179.58 1179.58 961.5688 935.89 935.89 938.4818 888.06 888.06 888.06 853.3109 853.64 853.64 857.806 776.76 776.76 776.76 761.6166 761.76 761.76 745.6907 1058.31 1058.31 1058.31 1110.941 1117.14 1117.14 1117.14 803.9131 806.88 806.88 695.7139 682.62 682.62 682.62 651.98 651.98 651.98 624.8549 621.66 621.66 623.3441 590.58 590.58 590.58 745.7348 764.01 764.01 746.0669 1095.14 1095.14 1095.14 1063.001 1688.25 1688.25 1688.25 1960.448 1957.87 1957.87 1599.814 -9999 -9999 -9999 -9999 -9999 -9999 -9999 -9999
781.06 865.6289 875.59 875.59 875.59 1046.398 1044.78 1044.78 1037.476 1179.58 1179.58 1179.58 961.5688 935.89 935.89 938.4818 888.06 888.06 888.06 853.3109 853.64 853.64 857.806 776.76 776.76 776.76 761.6166 761.76 761.76 745.6907 1058.31 1058.31 1058.31 1117.703 1117.14 1117.14 1117.14 803.9131 806.88 806.88 695.7139 682.62 682.62 682.62 651.98 651.98 651.98 624.8549 621.66 621.66 623.3441 590.58 590.58 590.58 745.7348 764.01 764.01 746.0669 1095.14 1095.14 1095.14 1063.001 1688.25 1688.25 1688.25 1960.448 1957.87 1957.87 1599.814 -9999 -9999 -9999 -9999 -9999 -9999 -9999 -9999
