Model and model input files/precip_1982.asc
ncols         625
nrows         453
xllcorner     138621.56993419
yllcorner     4094031.9406744
cellsize      1000
NODATA_value  -9999
[rows 68 to 101 of 453, columns 0 to 76 of 625]
-9999 -9999 -9999 -9999 -9999 -9999 -9999 -9999 -9999 -9999 -9999 -9999 -9999 -9999 -9999 -9999 -9999 437.16 437.16 437.16 433.9799 434.01 434.01 434.3628 427.5 427.5 427.5 425.0569 425.08 425.08 424.556 434.75 434.75 434.75 478.2914 483.42 483.42 483.42 488.28 488.28 488.28 467.802 465.39 465.39 465.3006 467.04 467.04 467.04 444.6923 442.06 442.06 442.06 419.0924 419.31 419.31 420.9432 389.17 389.17 389.17 356.6823 356.99 356.99 348.3658 347.35 347.35 347.35 350.1465 350.12 350.12 348.1714 386.08 386.08 386.08 393.9527 394.88 394.88 394.8171
-9999 -9999 -9999 -9999 -9999 -9999 -9999 -9999 -9999 -9999 -9999 -9999 -9999 -9999 -9999 -9999 -9999 437.16 437.16 437.16 433.9799 434.01 434.01 434.3628 427.5 427.5 427.5 425.0569 425.08 425.08 424.556 434.75 434.75 434.75 483.8854 483.42 483.42 483.42 488.28 488.28 488.28 467.802 465.39 465.39 465.5553 462.34 462.34 462.34 441.1016 438.6 438.6 439.9731 413.26 413.26 413.26 413.92 401.08 401.08 401.08 391.9637 392.05 392.05 384.0163 383.07 383.07 383.07 382.2422 382.25 350.12 382.2907 386.08 386.08 386.08 393.9527 394.88 394.88 394.8171
-9999 -9999 -9999 -9999 -9999 -9999 -9999 -9999 -9999 -9999 -9999 -9999 -9999 -9999 -9999 -9999 -9999 437.16 437.16 437.3307 434.01 434.01 434.01 434.3628 427.5 427.5 427.5 425.0569 425.08 425.08 424.556 434.75 434.75 434.75 483.8854 483.42 483.42 483.1567 488.28 488.28 488.28 467.802 465.39 465.39 465.5553 462.34 462.34 462.34 441.1016 438.6 438.6 439.9731 413.26 413.26 413.26 413.92 401.08 401.08 401.08 391.9637 392.05 392.05 384.0163 383.07 383.07 383.07 382.2422 382.25 382.25 410.4486 413.77 413.77 413.77 438.4974 441.41 441.41 441.4138
-9999 -9999 -9999 -9999 -9999 -9999 -9999 -9999 -9999 -9999 -9999 -9999 -9999 -9999 -9999 -9999 -9999 437.16 437.16 437.3307 434.01 434.01 434.01 434.3628 427.5 427.5 427.5 425.0569 425.08 425.08 424.556 434.75 434.75 434.75 483.8854 483.42 483.42 483.1567 488.28 488.28 488.28 467.802 465.39 465.39 465.5553 462.34 462.34 462.34 441.1016 438.6 438.6 439.9731 413.26 413.26 413.26 402.3635 401.08 401.08 401.08 391.9637 392.05 392.05 384.0163 383.07 383.07 383.07 382.2422 382.25 382.25 410.4486 413.77 413.77 413.77 441.6743 441.41 441.41 441.4138
-9999 -9999 -9999 -9999 -9999 -9999 -9999 -9999 -9999 -9999 -9999 -9999 -9999 -9999 -9999 -9999 -9999 356.34 356.34 354.859 383.67 383.67 383.67 434.7441 440.76 428.8973 427.5 425.0569 425.08 425.08 424.556 434.75 434.75 434.75 483.8854 483.42 483.42 483.1567 488.28 488.28 488.28 465.1711 465.39 465.39 465.5553 462.34 462.34 462.34 441.1016 438.6 438.6 439.9731 413.26 413.26 413.26 402.3635 401.08 401.08 401.08 391.9637 392.05 392.05 384.0163 383.07 383.07 383.07 382.2422 382.25 382.25 410.4486 413.77 413.77 413.77 441.6743 441.41 441.41 441.4138
-9999 -9999 -9999 -9999 -9999 -9999 -9999 -9999 -9999 -9999 -9999 -9999 -9999 -9999 -9999 -9999 -9999 356.34 356.34 354.859 383.67 383.67 383.67 434.7441 440.76 440.76 434.4499 557.21 557.21 557.21 556.9088 562.77 562.77 562.77 512.8976 513.37 513.37 513.3732 513.31 513.31 513.31 519.751 519.69 519.69 522.7234 463.71 463.71 462.4843 441.1016 438.6 438.6 439.9731 413.26 413.26 413.26 402.3635 401.08 401.08 401.5693 392.05 392.05 392.05 384.0163 383.07 383.07 383.07 382.2422 382.25 382.25 410.4486 413.77 413.77 413.77 441.6743 441.41 441.41 441.3474
-9999 -9999 -9999 -9999 -9999 -9999 -9999 -9999 -9999 -9999 -9999 -9999 -9999 -9999 -9999 -9999 -9999 356.34 356.34 354.859 383.67 383.67 383.67 434.7441 440.76 440.76 434.4499 557.21 557.21 557.21 556.9088 562.77 562.77 562.77 512.8976 513.37 513.37 513.3732 513.31 513.31 513.31 519.751 519.69 519.69 469.6089 463.71 463.71 463.71 434.9031 431.51 431.51 433.3356 397.82 397.82 397.82 373.7456 370.91 370.91 371.2806 364.07 364.07 364.07 364.5142 364.51 364.51 364.51 373.7071 373.62 373.62 406.6585 410.3755 413.77 413.77 441.6743 441.41 441.41 441.3474
-9999 -9999 -9999 -9999 -9999 -9999 -9999 -9999 -9999 -9999 -9999 -9999 -9999 -9999 -9999 -9999 -9999 356.34 356.34 354.859 383.67 383.67 383.67 434.7441 440.76 440.76 434.4499 557.21 557.21 557.21 562.1841 562.77 562.77 562.77 512.8976 513.37 513.37 513.3732 513.31 513.31 513.31 519.751 519.69 519.69 469.6089 463.71 463.71 463.71 431.2021 431.51 431.51 433.3356 397.82 397.82 397.82 373.7456 370.91 370.91 371.2806 364.07 364.07 364.07 364.5142 364.51 364.51 364.51 373.7071 373.62 373.62 406.6585 410.55 410.55 410.55 429.5197 429.34 429.34 413.854
-9999 -9999 -9999 -9999 -9999 -9999 -9999 -9999 -9999 -9999 -9999 -9999 -9999 -9999 -9999 -9999 -9999 356.34 356.34 354.859 383.67 383.67 383.67 434.7441 440.76 440.76 434.4499 557.21 557.21 557.21 562.1841 562.77 562.77 565.4469 513.37 513.37 513.37 513.3732 513.31 513.31 513.31 519.751 519.69 519.69 469.6089 463.71 463.71 463.71 431.2021 431.51 431.51 433.3356 397.82 397.82 397.82 373.7456 370.91 370.91 371.2806 364.07 364.07 364.07 364.5142 364.51 364.51 364.0164 373.62 373.62 373.62 406.6585 410.55 410.55 410.55 429.5197 429.34 429.34 413.854
-9999 -9999 -9999 -9999 -9999 -9999 -9999 -9999 -9999 -9999 -9999 -9999 -9999 -9999 -9999 -9999 -9999 327.76 327.76 353.7131 356.77 356.77 356.77 398.71 403.65 403.65 399.9333 472.24 472.24 472.24 480.3632 481.32 481.32 484.7105 418.75 514.2748 513.37 513.3732 513.31 513.31 513.31 519.751 519.69 519.69 469.6089 463.71 463.71 463.71 431.2021 431.51 431.51 401.3701 397.82 397.82 397.82 373.7456 370.91 370.91 371.2806 364.07 364.07 364.07 364.5142 364.51 364.51 364.0164 373.62 373.62 373.62 406.6585 410.55 410.55 410.55 429.5197 429.34 429.34 413.854
-9999 -9999 -9999 -9999 -9999 -9999 -9999 -9999 -9999 -9999 -9999 -9999 -9999 -9999 -9999 -9999 -9999 327.76 327.76 353.7131 356.77 356.77 356.77 398.71 403.65 403.65 399.9333 472.24 472.24 472.24 480.3632 481.32 481.32 484.7105 418.75 418.75 418.75 410.0721 409.05 409.05 409.05 403.7296 403.78 403.78 383.7046 381.34 381.34 381.34 382.2688 382.26 382.26 392.4319 393.63 393.63 393.63 360.3857 356.47 355.6875 371.2806 364.07 364.07 364.07 364.5142 364.51 364.51 364.0164 373.62 373.62 373.62 410.9031 410.55 410.55 410.55 429.5197 429.34 429.34 413.854
-9999 -9999 -9999 -9999 -9999 -9999 -9999 -9999 -9999 -9999 -9999 -9999 -9999 -9999 -9999 -9999 -9999 327.76 327.76 353.7131 356.77 356.77 356.77 404.0983 403.65 403.65 399.9333 472.24 472.24 472.24 480.3632 481.32 481.32 484.7105 418.75 418.75 418.75 410.0721 409.05 409.05 409.05 403.7296 403.78 403.78 383.7046 381.34 381.34 381.34 382.2688 382.26 382.26 392.4319 393.63 393.63 393.63 356.1147 356.47 356.47 356.7838 350.68 350.68 350.68 349.0546 349.07 349.07 348.9551 351.19 351.19 351.19 383.0417 382.74 382.74 381.0244 414.4 414.4 414.4 388.0801
-9999 -9999 -9999 -9999 -9999 -9999 -9999 -9999 -9999 -9999 -9999 -9999 -9999 -9999 -9999 -9999 -9999 327.76 327.76 353.7131 356.77 356.77 356.77 404.0983 403.65 403.65 465.0123 472.24 472.24 472.24 480.3632 481.32 481.32 484.7105 418.75 418.75 418.75 410.0721 409.05 409.05 409.3355 403.78 403.78 403.78 383.7046 381.34 381.34 381.34 382.2688 382.26 382.26 392.4319 393.63 393.63 393.63 356.1147 356.47 356.47 351.2901 350.68 350.68 350.68 349.0546 349.07 349.07 348.9551 351.19 351.19 351.19 383.0417 382.74 382.74 381.0244 414.4 414.4 414.4 388.0801
-9999 -9999 -9999 -9999 -9999 -9999 -9999 -9999 -9999 -9999 -9999 -9999 -9999 -9999 -9999 -9999 -9999 327.54 327.54 345.3341 347.43 347.43 347.43 398.7878 403.65 403.65 465.0123 472.24 472.24 472.24 480.3632 481.32 481.32 484.7105 418.75 418.75 418.75 410.0721 409.05 409.05 409.3355 403.78 403.78 403.78 381.1254 381.34 381.34 381.34 382.2688 382.26 382.26 392.4319 393.63 393.63 393.63 356.1147 356.47 356.47 351.2901 350.68 350.68 350.68 349.0546 349.07 349.07 348.9551 351.19 351.19 351.19 383.0417 382.74 382.74 381.0244 414.4 414.4 414.4 384.6987
-9999 -9999 -9999 -9999 -9999 -9999 -9999 -9999 -9999 -9999 -9999 -9999 -9999 -9999 -9999 -9999 -9999 327.54 327.54 345.3341 347.43 347.43 347.43 356.7584 356.67 356.67 358.3698 358.57 358.57 358.57 349.2113 349.3 349.3 349.6078 343.62 343.62 343.62 341.1151 340.82 340.82 340.8715 339.87 339.87 339.87 325.4323 381.34 381.34 381.34 382.2688 382.26 382.26 392.4319 393.63 393.63 393.63 356.1147 356.47 356.47 351.2901 350.68 350.68 350.68 349.07 349.07 349.07 348.9551 351.19 351.19 351.19 383.0417 382.74 382.74 381.0244 414.4 414.4 414.4 384.6987
-9999 -9999 -9999 -9999 -9999 -9999 -9999 -9999 -9999 -9999 -9999 -9999 -9999 -9999 -9999 -9999 -9999 327.54 327.54 345.3341 347.43 347.43 347.43 356.7584 356.67 356.67 358.3698 358.57 358.57 358.57 349.2113 349.3 349.3 344.2185 343.62 343.62 343.62 341.1151 340.82 340.82 340.8715 339.87 339.87 339.87 328.3004 328.41 328.41 328.1721 332.8 332.8 332.8 352.8307 355.19 355.19 355.19 353.1507 353.17 353.17 340.4842 338.99 338.99 338.99 336.64 336.64 336.64 335.799 352.16 352.16 351.2922 383.0417 382.74 382.74 381.0244 414.4 414.4 414.4 384.6987
-9999 -9999 -9999 -9999 -9999 -9999 -9999 -9999 -9999 -9999 -9999 -9999 -9999 -9999 -9999 -9999 -9999 327.54 327.54 347.6202 347.43 347.43 347.43 356.7584 356.67 356.67 358.3698 358.57 358.57 358.57 349.2113 349.3 349.3 344.2185 343.62 343.62 343.62 341.1151 340.82 340.82 340.8715 339.87 339.87 339.87 328.3004 328.41 328.41 328.1721 332.8 332.8 332.8 352.8307 355.19 355.19 355.19 353.1507 353.17 353.17 340.4842 338.99 338.99 338.99 336.64 336.64 336.64 350.5246 352.16 352.16 352.16 393.9559 393.56 393.56 393.6299 392.27 392.27 392.27 368.6462
-9999 -9999 -9999 -9999 -9999 -9999 -9999 -9999 -9999 -9999 -9999 -9999 -9999 -9999 -9999 -9999 -9999 327.54 327.54 347.6202 347.43 347.43 347.43 356.7584 356.67 356.67 358.3698 358.57 358.57 358.57 349.2113 349.3 349.3 344.2185 343.62 343.62 343.62 340.7932 340.82 340.82 340.8715 339.87 339.87 339.87 328.3004 328.41 328.41 328.1721 332.8 332.8 332.8 355.4041 355.19 355.19 355.19 353.1507 353.17 353.17 340.4842 338.99 338.99 338.99 336.64 336.64 336.64 350.5246 352.16 352.16 352.16 393.9559 393.56 393.56 393.6299 392.27 392.27 392.27 368.6462
-9999 -9999 -9999 -9999 -9999 -9999 -9999 -9999 -9999 -9999 -9999 -9999 -9999 -9999 -9999 -9999 -9999 330.46 330.46 331.6412 331.63 331.63 331.203 339.51 339.51 354.8618 358.3698 358.57 358.57 358.57 349.2113 349.3 349.3 344.2185 343.62 343.62 343.62 340.7932 340.82 340.82 340.8715 339.87 339.87 339.87 328.3004 328.41 328.41 328.1721 332.8 332.8 332.8 355.4041 355.19 355.19 355.2995 353.17 353.17 353.17 340.4842 338.99 338.99 338.99 336.64 336.64 336.64 350.5246 352.16 352.16 349.9167 393.56 393.56 393.56 393.6299 392.27 392.27 392.27 368.6462
-9999 -9999 -9999 -9999 -9999 -9999 -9999 -9999 -9999 -9999 -9999 -9999 -9999 -9999 -9999 -9999 -9999 330.46 330.46 331.6412 331.63 331.63 331.203 339.51 339.51 339.51 331.5446 331.62 331.62 331.62 328.874 328.9 328.9 337.8015 338.85 338.85 338.85 345.3314 345.27 345.27 339.4907 338.81 338.81 338.81 337.2452 337.26 337.26 337.5662 331.61 331.61 331.61 344.6637 344.54 344.54 344.2783 352.7696 353.17 353.17 340.4842 338.99 338.99 338.99 336.64 336.64 336.64 350.5246 352.16 352.16 349.9167 393.56 393.56 393.56 392.4059 392.27 392.27 392.27 368.6462
-9999 -9999 -9999 -9999 -9999 -9999 -9999 -9999 -9999 -9999 -9999 -9999 -9999 -9999 -9999 -9999 -9999 330.46 330.46 331.6412 331.63 331.63 331.203 339.51 339.51 339.51 331.5446 331.62 331.62 331.62 328.874 328.9 328.9 337.8015 338.85 338.85 338.85 345.3314 345.27 345.27 339.4907 338.81 338.81 338.81 337.2452 337.26 337.26 337.5662 331.61 331.61 331.61 344.6637 344.54 344.54 344.2783 349.37 349.37 349.37 346.6644 346.69 346.69 346.69 342.19 342.19 342.19 351.0378 352.08 352.08 349.8946 392.41 392.41 392.41 382.6765 381.53 381.53 381.53 354.1103
-9999 -9999 -9999 -9999 -9999 -9999 -9999 -9999 -9999 -9999 -9999 -9999 -9999 -9999 -9999 -9999 -9999 330.46 330.46 331.6412 331.63 331.63 331.203 339.51 339.51 339.51 331.5446 331.62 331.62 331.7674 328.9 328.9 328.9 337.8015 338.85 338.85 338.85 345.3314 345.27 345.27 339.4907 338.81 338.81 338.81 337.26 337.26 337.26 337.5662 331.61 331.61 331.61 344.6637 344.54 344.54 344.2783 349.37 349.37 349.37 346.6644 346.69 346.69 346.69 342.19 342.19 342.19 351.0378 352.08 352.08 349.8946 392.41 392.41 392.41 382.6765 381.53 381.53 383.0017 354.37
-9999 -9999 -9999 -9999 -9999 -9999 -9999 -9999 -9999 -9999 -9999 -9999 -9999 -9999 -9999 -9999 -9999 330.46 330.46 331.6412 331.63 331.63 331.203 339.51 339.51 339.51 331.5446 331.62 331.62 331.7674 328.9 328.9 328.9 337.8015 338.85 338.85 338.85 345.3314 345.27 345.27 339.4907 338.81 338.81 338.81 337.26 337.26 337.26 332.2054 331.61 331.61 331.61 344.6637 344.54 344.54 344.2783 349.37 349.37 349.37 346.6644 346.69 346.69 346.9338 342.19 342.19 342.19 351.0378 352.08 352.08 349.8946 392.41 392.41 392.41 382.6765 381.53 381.53 383.0017 354.37
-9999 -9999 -9999 -9999 -9999 -9999 -9999 -9999 -9999 -9999 -9999 -9999 -9999 -9999 -9999 -9999 -9999 320.7 320.7 320.21 320.21 320.21 319.3647 335.81 335.81 335.81 323.7659 323.88 323.88 323.7635 326.03 326.03 326.03 337.5289 337.42 338.6993 338.85 345.3314 345.27 345.27 339.4907 338.81 338.81 338.81 337.26 337.26 337.26 332.2054 331.61 331.61 331.61 344.6637 344.54 344.54 344.2783 349.37 349.37 349.37 346.6644 346.69 346.69 346.9338 342.19 342.19 342.19 351.0378 352.08 352.08 349.8946 392.41 392.41 392.41 382.6765 381.53 381.53 383.0017 354.37
-9999 -9999 -9999 -9999 -9999 -9999 -9999 -9999 -9999 -9999 -9999 -9999 -9999 -9999 -9999 -9999 -9999 320.7 320.7 320.21 320.21 320.21 319.3647 335.81 335.81 335.81 323.7659 323.88 323.88 323.7635 326.03 326.03 326.03 337.5289 337.42 337.42 337.42 360.6601 360.44 360.44 360.1448 360.11 360.11 360.11 346.87 346.87 346.87 340.6524 339.92 339.92 339.9661 339.07 339.07 339.07 339.0841 338.81 338.81 338.81 346.7654 346.69 346.69 346.9338 342.19 342.19 342.19 352.1746 352.08 352.08 349.8946 392.41 392.41 392.41 382.6765 381.53 381.53 383.0017 354.37
-9999 -9999 -9999 -9999 -9999 -9999 -9999 -9999 -9999 -9999 -9999 -9999 -9999 -9999 -9999 -9999 -9999 320.7 320.7 320.21 320.21 320.21 334.1661 335.81 335.81 335.81 323.7659 323.88 323.88 323.7635 326.03 326.03 326.03 337.5289 337.42 337.42 336.1726 360.44 360.44 360.44 360.1448 360.11 360.11 360.11 346.87 346.87 346.87 340.6524 339.92 339.92 339.9661 339.07 339.07 339.07 339.0841 338.81 338.81 338.81 352.5502 352.42 352.42 351.566 368.18 368.18 368.18 370.4313 370.41 370.41 371.3285 353.46 353.46 353.46 349.8546 349.43 349.43 349.6343 345.66
-9999 -9999 -9999 -9999 -9999 -9999 -9999 -9999 -9999 -9999 -9999 -9999 -9999 -9999 -9999 -9999 -9999 320.7 320.7 320.21 320.21 320.21 334.1661 335.81 335.81 336.4565 323.88 323.88 323.88 323.7635 326.03 326.03 326.03 337.5289 337.42 337.42 336.1726 360.44 360.44 360.44 360.1068 360.11 360.11 360.11 346.87 346.87 346.87 340.6524 339.92 339.92 339.9661 339.07 339.07 339.07 338.8374 338.81 338.81 338.81 352.5502 352.42 352.42 351.566 368.18 368.18 368.18 370.4313 370.41 370.41 355.2461 353.46 353.46 353.46 349.8546 349.43 349.43 349.6343 345.66
-9999 -9999 -9999 -9999 -9999 -9999 -9999 -9999 -9999 -9999 -9999 -9999 -9999 -9999 -9999 -9999 -9999 282.19 282.19 300.22 300.22 300.22 321.691 334.5887 335.81 336.4565 323.88 323.88 323.88 323.7635 326.03 326.03 326.03 337.5289 337.42 337.42 336.1726 360.44 360.44 360.44 360.1068 360.11 360.11 360.11 346.87 346.87 346.87 340.6524 339.92 339.92 339.9661 339.07 339.07 339.07 338.8374 338.81 338.81 338.81 352.5502 352.42 352.42 351.566 368.18 368.18 368.18 370.4313 370.41 370.41 355.2461 353.46 353.46 353.46 349.8546 349.43 349.43 349.6343 345.66
-9999 -9999 -9999 -9999 -9999 -9999 -9999 -9999 -9999 -9999 -9999 -9999 -9999 -9999 -9999 -9999 -9999 282.19 282.19 300.22 300.22 300.22 321.691 324.22 324.22 324.6015 317.18 317.18 317.18 317.1979 317.2 317.2 317.2 330.9402 330.81 330.81 329.8975 347.65 347.65 347.65 351.8801 351.84 351.84 352.4485 340.61 346.9299 346.87 340.6524 339.92 339.92 339.9661 339.07 339.07 339.07 338.8374 338.81 338.81 338.0725 352.42 352.42 352.42 351.566 368.18 368.18 368.18 370.4313 370.41 370.41 355.2461 353.46 353.46 353.46 349.3914 349.43 349.43 349.6343 345.66
-9999 -9999 -9999 -9999 -9999 -9999 -9999 -9999 -9999 -9999 -9999 -9999 -9999 -9999 -9999 -9999 -9999 282.19 282.19 300.22 300.22 300.22 321.691 324.22 324.22 324.6015 317.18 317.18 317.18 317.1979 317.2 317.2 317.2 330.9402 330.81 330.81 329.8975 347.65 347.65 347.65 351.8801 351.84 351.84 352.4485 340.61 340.61 340.61 340.61 340.61 340.61 340.4816 342.98 342.98 342.98 361.4182 363.59 363.59 358.6795 454.21 454.21 454.21 454.2116 454.18 454.18 454.18 411.425 411.83 411.83 384.4791 353.46 353.46 353.46 349.3914 349.43 349.43 349.6343 345.66
-9999 -9999 -9999 -9999 -9999 -9999 -9999 -9999 -9999 -9999 -9999 -9999 -9999 -9999 -9999 -9999 -9999 282.19 281.213 300.22 300.22 300.22 321.691 324.22 324.22 324.6015 317.18 317.18 317.18 317.1979 317.2 317.2 316.4625 330.81 330.81 330.81 329.8975 347.65 347.65 347.65 351.8801 351.84 351.84 352.4485 340.61 340.61 340.61 340.61 340.61 340.61 340.4816 342.98 342.98 342.98 361.4182 363.59 363.59 358.6795 454.21 454.21 454.21 454.1832 454.18 454.18 454.18 411.425 411.83 411.83 383.0589 379.67 379.67 379.67 374.501 374.55 374.55 386.708 388.14
-9999 -9999 -9999 -9999 -9999 -9999 -9999 -9999 -9999 -9999 -9999 -9999 -9999 -9999 -9999 -9999 -9999 282.19 281.213 300.22 300.22 300.22 321.691 324.22 324.22 324.6015 317.18 317.18 317.18 317.1979 317.2 317.2 316.4625 330.81 330.81 330.81 329.8975 347.65 347.65 347.65 351.8801 351.84 351.84 352.4485 340.61 340.61 340.61 340.61 340.61 340.61 340.4816 342.98 342.98 342.98 361.4182 363.59 363.59 358.6795 454.21 454.21 454.21 454.1832 454.18 454.18 454.18 411.425 411.83 411.83 383.0589 379.67 379.67 379.67 374.501 374.55 374.55 386.708 388.14
-9999 -9999 -9999 -9999 -9999 -9999 -9999 -9999 -9999 -9999 -9999 -9999 -9999 -9999 -9999 -9999 -9999 273.55 272.6537 290.09 290.09 290.09 312.0278 311.82 311.82 311.8558 311.16 311.16 311.16 316.4472 317.07 317.07 316.3255 330.81 330.81 330.81 345.8755 347.65 347.65 347.65 351.8801 351.84 351.84 352.4485 340.61 340.61 340.61 340.61 340.61 340.61 342.7303 342.98 342.98 342.98 361.4182 363.59 363.59 358.6795 454.21 454.21 454.21 454.1832 454.18 454.18 456.4748 411.83 411.83 411.83 383.0589 379.67 379.67 379.67 374.501 374.55 374.55 386.708 388.14
-9999 -9999 -9999 -9999 -9999 -9999 -9999 -9999 -9999 -9999 -9999 -9999 -9999 -9999 -9999 -9999 -9999 273.55 272.6537 290.09 290.09 290.09 312.0278 311.82 311.82 311.8558 311.16 311.16 311.16 316.4472 317.07 317.07 316.4393 328.71 328.71 328.71 338.5151 339.67 339.67 339.67 343.5366 343.5 343.5 343.2393 348.31 348.31 348.31 358.7287 358.63 358.63 363.7562 364.36 364.36 364.36 434.1318 446.6178 363.59 358.6795 454.21 454.21 454.21 454.1832 454.18 454.18 456.4748 411.83 411.83 411.83 383.0589 379.67 379.67 379.67 374.501 374.55 374.55 386.708 388.14
