Model and model input files/precip_2002.asc
ncols         625
nrows         453
xllcorner     138621.56993419
yllcorner     4094031.9406744
cellsize      1000
NODATA_value  -9999
[rows 34 to 67 of 453, columns 154 to 230 of 625]
498.31 556.568 563.43 563.43 563.43 688.6965 687.51 687.51 763.7768 772.76 772.76 772.76 631.9639 615.38 615.38 616.8674 587.93 587.93 587.93 567.2542 567.45 567.45 570.0673 519.15 519.15 519.15 510.6495 510.73 510.73 499.8795 710.97 710.97 710.97 754.6537 754.24 754.24 754.24 549.7935 551.73 551.73 476.0716 467.16 467.16 467.16 446.63 446.63 446.63 432.826 431.2 431.2 432.2144 412.48 412.48 412.48 509.2337 520.63 520.63 510.1474 714.08 714.08 714.08 1026.537 1063.34 1063.34 1063.34 1230.069 1228.49 1228.49 1018.521 -9999 -9999 -9999 -9999 -9999 -9999 -9999 -9999
486.9527 556.568 563.43 563.43 563.43 688.6965 687.51 687.51 763.7768 772.76 772.76 772.76 631.9639 615.38 615.38 616.8674 587.93 587.93 587.93 567.2542 567.45 567.45 570.0673 519.15 519.15 519.15 510.6495 510.73 510.73 499.8795 710.97 710.97 710.97 754.6537 754.24 754.24 765.2135 551.73 551.73 551.73 476.0716 467.16 467.16 467.16 446.63 446.63 446.63 432.826 431.2 431.2 432.2144 412.48 412.48 412.48 509.2337 520.63 520.63 510.1474 714.08 714.08 714.08 1026.537 1063.34 1063.34 1063.34 1230.069 1228.49 1228.49 1018.521 -9999 -9999 -9999 -9999 -9999 -9999 -9999 -9999
390.53 419.3817 422.78 422.78 422.78 474.1566 473.67 473.67 486.3379 487.83 487.83 487.83 472.6361 472.78 472.78 472.9577 469.5 469.5 469.5 485.8145 485.66 485.66 481.3407 565.37 565.37 565.37 570.7106 570.66 570.66 566.5986 645.61 645.61 645.61 596.0707 596.54 596.54 600.6907 519.94 551.73 551.73 476.0716 467.16 467.16 467.16 446.63 446.63 446.63 432.826 431.2 431.2 432.2144 412.48 412.48 412.48 509.2337 520.63 520.63 510.1474 714.08 714.08 714.08 1026.537 1063.34 1063.34 1054.391 1228.49 1228.49 1228.49 1018.521 -9999 -9999 -9999 -9999 -9999 -9999 -9999 -9999
390.53 419.3817 422.78 422.78 422.78 474.1566 473.67 473.67 486.3379 487.83 487.83 487.83 472.6361 472.78 472.78 472.9577 469.5 469.5 469.5 485.8145 485.66 485.66 481.3407 565.37 565.37 565.37 570.7106 570.66 570.66 566.5986 645.61 645.61 645.61 596.0707 596.54 596.54 600.6907 519.94 519.94 519.94 417.5603 418.53 418.53 418.53 382.15 382.15 382.15 413.2561 416.92 416.92 413.3046 483.64 483.64 483.64 706.0617 732.26 732.26 713.8492 1072.02 1072.02 1072.02 1192.204 1206.36 1206.36 1204.924 1232.86 1232.86 1232.86 977.3282 -9999 -9999 -9999 -9999 -9999 -9999 -9999 -9999
390.53 419.3817 422.78 422.78 422.78 474.1566 473.67 473.67 486.3379 487.83 487.83 487.83 472.6361 472.78 472.78 469.8456 469.5 469.5 469.5 485.8145 485.66 485.66 481.3407 565.37 565.37 565.37 570.7106 570.66 570.66 566.5986 645.61 645.61 645.61 596.0707 596.54 596.54 600.6907 519.94 519.94 519.94 417.5603 418.53 418.53 418.53 382.15 382.15 382.15 413.2561 416.92 416.92 413.3046 483.64 483.64 483.64 706.0617 732.26 732.26 713.8492 1072.02 1072.02 1072.02 1192.204 1206.36 1206.36 1204.924 1232.86 1232.86 1232.86 944.4987 -9999 -9999 -9999 -9999 -9999 -9999 -9999 -9999
390.53 419.3817 422.78 422.78 422.78 474.1566 473.67 473.67 486.3379 487.83 487.83 487.83 472.6361 472.78 472.78 469.8456 469.5 469.5 469.5 485.66 485.66 485.66 481.3407 565.37 565.37 565.37 570.7106 570.66 570.66 566.5986 645.61 645.61 645.61 596.0707 596.54 596.54 600.6907 519.94 519.94 519.94 417.5603 418.53 418.53 420.5013 382.15 382.15 382.15 413.2561 416.92 416.92 413.3046 483.64 483.64 483.64 706.0617 732.26 732.26 713.8492 1072.02 1072.02 1072.02 1192.204 1206.36 1206.36 1204.924 1232.86 1232.86 1232.86 944.4987 -9999 -9999 -9999 -9999 -9999 -9999 -9999 -9999
330.23 365.9524 370.16 370.16 370.16 385.1217 384.98 384.98 407.453 410.1 410.1 410.1 410.1101 410.11 410.11 421.266 464.5558 469.5 469.5 485.66 485.66 485.66 481.3407 565.37 565.37 565.37 570.7106 570.66 570.66 566.5986 645.61 645.61 645.61 596.0707 596.54 596.54 600.6907 519.94 519.94 519.94 417.5603 418.53 418.53 420.5013 382.15 382.15 382.15 413.2561 416.92 416.92 413.3046 483.64 483.64 483.64 706.0617 732.26 732.26 713.8492 1072.02 1072.02 1072.02 1192.204 1206.36 1206.36 1204.924 1232.86 1232.86 1232.86 944.4987 -9999 -9999 -9999 -9999 -9999 -9999 -9999 -9999
330.23 365.9524 370.16 370.16 370.16 385.1217 384.98 384.98 407.453 410.1 410.1 410.1 410.1101 410.11 410.11 421.266 422.58 422.58 422.58 450.64 450.64 450.64 508.5044 515.32 515.32 515.32 630.1274 629.04 629.04 628.1968 644.6 644.6 644.6 473.2066 474.83 474.83 476.1982 449.58 449.58 449.58 408.7028 409.09 409.09 407.3029 442.07 442.07 442.07 466.6327 466.4 466.4 458.7883 606.87 606.87 606.87 904.306 939.34 939.34 932.1505 1072.02 1072.02 1072.02 1192.204 1206.36 1206.36 1204.924 1232.86 1232.86 1232.86 944.4987 -9999 -9999 -9999 -9999 -9999 -9999 -9999 -9999
330.23 365.9524 370.16 370.16 370.16 385.1217 384.98 384.98 407.453 410.1 410.1 410.1 410.1101 410.11 410.11 421.266 422.58 422.58 422.58 450.64 450.64 450.64 508.5044 515.32 515.32 515.32 630.1274 629.04 629.04 628.1968 644.6 644.6 644.6 473.2066 474.83 474.83 476.1982 449.58 449.58 449.58 408.7028 409.09 409.09 407.3029 442.07 442.07 442.07 466.6327 466.4 466.4 458.7883 606.87 606.87 606.87 904.306 939.34 939.34 922.5235 1249.68 1249.68 1249.68 1349.815 1361.61 1361.61 1365.207 1295.23 1295.23 1295.23 1019.589 -9999 -9999 -9999 -9999 -9999 -9999 -9999 -9999
330.23 370.5418 370.16 370.16 370.16 385.1217 384.98 384.98 407.453 410.1 410.1 410.1 410.1101 410.11 410.11 421.266 422.58 422.58 422.58 450.64 450.64 450.64 508.5044 515.32 515.32 509.1578 629.04 629.04 629.04 628.1968 644.6 644.6 644.6 473.2066 474.83 474.83 476.1982 449.58 449.58 449.58 408.7028 409.09 409.09 407.3029 442.07 442.07 442.07 466.6327 466.4 466.4 592.068 606.87 606.87 606.87 904.306 939.34 939.34 922.5235 1249.68 1249.68 1249.68 1349.815 1361.61 1361.61 1365.207 1295.23 1295.23 1295.23 1019.589 -9999 -9999 -9999 -9999 -9999 -9999 -9999 -9999
330.23 370.5418 370.16 370.16 369.3569 384.98 384.98 384.98 407.453 410.1 410.1 410.1 410.1101 410.11 410.11 421.266 422.58 422.58 422.58 450.64 450.64 450.64 508.5044 515.32 515.32 509.1578 629.04 629.04 629.04 628.1968 644.6 644.6 644.6 473.2066 474.83 474.83 476.1982 449.58 449.58 449.58 408.7028 409.09 409.09 407.3029 442.07 442.07 442.07 466.6327 466.4 466.4 592.068 606.87 606.87 606.87 904.306 939.34 939.34 922.5235 1249.68 1249.68 1249.68 1349.815 1361.61 1361.61 1365.207 1295.23 1295.23 1295.23 1019.589 -9999 -9999 -9999 -9999 -9999 -9999 -9999 -9999
298.88 330.2774 329.98 329.98 328.4969 357.35 357.35 357.35 367.9871 369.24 369.24 369.24 376.6603 376.59 376.59 381.1884 381.73 381.73 381.73 414.89 414.89 414.89 451.9543 456.32 456.32 451.7731 540.23 540.23 540.23 502.5037 498.06 498.06 498.06 415.9321 475.3858 474.83 476.1982 449.58 449.58 449.58 408.7028 409.09 409.09 407.3029 442.07 442.07 442.07 466.6327 466.4 466.4 592.068 606.87 606.87 606.87 942.5193 939.34 939.34 922.5235 1249.68 1249.68 1249.68 1349.815 1361.61 1361.61 1365.207 1295.23 1295.23 1295.23 1019.589 -9999 -9999 -9999 -9999 -9999 -9999 -9999 -9999
298.88 330.2774 329.98 329.98 328.4969 357.35 357.35 357.35 369.3537 369.24 369.24 369.24 376.6603 376.59 376.59 381.1884 381.73 381.73 381.73 414.89 414.89 414.89 451.9543 456.32 456.32 451.7731 540.23 540.23 540.23 502.5037 498.06 498.06 498.06 415.9321 416.71 416.71 417.3505 404.89 404.89 404.89 386.7785 386.95 386.95 384.6259 429.84 429.84 429.84 478.8846 478.42 478.42 643.6393 663.1 663.1 663.1 886.6878 884.57 884.57 870.0857 1151.87 1151.87 1151.87 1291.995 1308.5 1308.5 1310.835 1265.41 1265.41 1265.41 917.6965 -9999 -9999 -9999 -9999 -9999 -9999 -9999 -9999
298.88 330.2774 329.98 329.98 328.4969 357.35 357.35 357.35 369.3537 369.24 369.24 369.24 376.6603 376.59 376.59 381.1884 381.73 381.73 381.73 414.89 414.89 414.89 451.9543 456.32 456.32 451.7731 540.23 540.23 540.23 502.5037 498.06 498.06 502.4681 416.71 416.71 416.71 417.3505 404.89 404.89 404.89 386.7785 386.95 386.95 384.6259 429.84 429.84 429.84 478.8846 478.42 478.42 643.6393 663.1 663.1 663.1 886.6878 884.57 884.57 1123.703 1151.87 1151.87 1151.87 1291.995 1308.5 1308.5 1310.835 1265.41 1265.41 1265.41 917.6965 -9999 -9999 -9999 -9999 -9999 -9999 -9999 -9999
298.88 330.2774 329.98 329.98 328.4969 357.35 357.35 357.35 369.3537 369.24 369.24 368.8417 376.59 376.59 376.59 381.1884 381.73 381.73 381.73 414.89 414.89 414.89 451.9543 456.32 456.32 451.7731 540.23 540.23 540.23 502.5037 498.06 498.06 502.4681 416.71 416.71 416.71 417.3505 404.89 404.89 404.89 386.7785 386.95 386.95 384.6259 429.84 429.84 429.84 478.8846 478.42 478.42 643.6393 663.1 663.1 663.1 886.6878 884.57 884.57 1123.703 1151.87 1151.87 1151.87 1291.995 1308.5 1308.5 1310.835 1265.41 1265.41 1265.41 917.6965 -9999 -9999 -9999 -9999 -9999 -9999 -9999 -9999
300.46 330.2623 329.98 329.98 328.4969 357.35 357.35 357.35 369.3537 369.24 369.24 368.8417 376.59 376.59 376.59 381.1884 381.73 381.73 381.73 414.89 414.89 414.89 451.9543 456.32 456.32 451.7731 540.23 540.23 540.23 502.5037 498.06 498.06 502.4681 416.71 416.71 416.71 406.1356 404.89 404.89 404.89 386.7785 386.95 386.95 384.6259 429.84 429.84 429.84 478.8846 478.42 478.42 643.6393 663.1 663.1 663.1 886.6878 884.57 884.57 1123.703 1151.87 1151.87 1151.87 1291.995 1308.5 1308.5 1310.835 1265.41 1265.41 1265.41 917.6965 -9999 -9999 -9999 -9999 -9999 -9999 -9999 -9999
300.46 331.0598 330.77 330.77 330.5186 335.41 335.41 335.41 361.4971 361.25 361.25 360.4681 375.68 375.68 375.68 395.2756 395.09 395.09 395.09 410.19 410.19 410.19 457.131 462.66 462.66 458.3776 541.69 541.69 541.69 505.0014 500.68 500.68 503.5899 446.98 446.98 446.98 425.3659 422.82 422.82 422.82 419.7105 419.74 419.74 420.3415 408.64 408.64 408.64 476.7855 476.14 476.14 663.1524 685.18 685.18 686.3765 886.6878 884.57 884.57 1123.703 1151.87 1151.87 1151.87 1309.998 1308.5 1308.5 1310.835 1265.41 1265.41 1265.41 917.6965 -9999 -9999 -9999 -9999 -9999 -9999 -9999 -9999
300.46 331.0598 330.77 330.77 330.5186 335.41 335.41 335.41 361.4971 361.25 361.25 360.4681 375.68 375.68 375.68 395.2756 395.09 395.09 395.09 410.19 410.19 410.19 457.131 462.66 462.66 458.3776 541.69 541.69 541.69 505.0014 500.68 500.68 503.5899 446.98 446.98 446.98 425.3659 422.82 422.82 422.9869 419.74 419.74 419.74 420.3415 408.64 408.64 408.64 476.7855 476.14 476.14 663.1524 685.18 685.18 685.18 935.8544 933.48 933.48 1086.989 1105.07 1105.07 1105.07 1204.219 1203.28 1203.28 1217.907 933.34 933.34 933.34 641.2836 -9999 -9999 -9999 -9999 -9999 -9999 -9999 -9999
300.46 331.0598 330.77 330.77 330.5186 335.41 335.41 335.41 361.4971 361.25 361.25 360.4681 375.68 375.68 375.68 395.2756 395.09 395.09 394.2718 410.19 410.19 410.19 457.131 462.66 462.66 458.3776 541.69 541.69 541.69 505.0014 500.68 500.68 503.5899 446.98 446.98 446.98 425.3659 422.82 422.82 422.9869 419.74 419.74 419.74 420.3415 408.64 408.64 408.64 476.7855 476.14 476.14 663.1524 685.18 685.18 685.18 935.8544 933.48 933.48 1086.989 1105.07 1105.07 1105.07 1204.219 1203.28 1203.28 961.785 933.34 933.34 933.34 641.2836 -9999 -9999 -9999 -9999 -9999 -9999 -9999 -9999
300.46 331.0598 330.77 330.77 330.5186 335.41 335.41 335.41 361.4971 361.25 361.25 360.4681 375.68 375.68 375.68 395.2756 395.09 395.09 394.2718 410.19 410.19 410.19 457.131 462.66 462.66 458.3776 541.69 541.69 541.69 505.0014 500.68 500.68 503.5899 446.98 446.98 446.98 425.3659 422.82 422.82 422.9869 419.74 419.74 419.74 409.8097 408.64 408.64 408.64 476.7855 476.14 476.14 663.1524 685.18 685.18 685.18 935.8544 933.48 933.48 1086.989 1105.07 1105.07 1105.07 1204.219 1203.28 1203.28 961.785 933.34 933.34 933.34 641.2836 -9999 -9999 -9999 -9999 -9999 -9999 -9999 -9999
288.12 298.77 298.77 298.77 296.6258 338.34 338.34 338.34 384.2852 383.85 383.85 383.1672 396.45 396.45 396.45 394.764 394.78 394.7632 394.2718 410.19 410.19 410.19 463.1617 462.66 462.66 458.3776 541.69 541.69 541.69 505.0014 500.68 500.68 503.5899 446.98 446.98 446.98 425.3659 422.82 422.82 422.9869 419.74 419.74 419.74 409.8097 408.64 408.64 408.64 476.7855 476.14 476.14 663.1524 685.18 685.18 685.18 935.8544 933.48 933.48 1086.989 1105.07 1105.07 1105.07 1204.219 1203.28 1203.28 961.785 933.34 933.34 933.34 641.2836 -9999 -9999 -9999 -9999 -9999 -9999 -9999 -9999
288.12 298.77 298.77 298.77 296.6258 338.34 338.34 338.34 384.2852 383.85 383.85 383.1672 396.45 396.45 396.45 394.764 394.78 394.78 395.479 381.88 381.88 381.88 406.8162 406.58 406.58 403.5081 463.27 463.27 463.27 485.1794 487.76 487.76 487.8462 486.17 486.17 486.17 438.3523 432.72 432.72 433.373 420.67 420.67 420.67 411.2227 410.11 410.11 410.11 440.1445 439.86 439.86 535.6385 546.92 546.92 546.92 699.5255 698.08 698.08 894.7991 917.97 1085.354 1105.07 1204.219 1203.28 1203.28 961.785 933.34 933.34 933.34 644.05 -9999 -9999 -9999 -9999 -9999 -9999 -9999 -9999
288.12 298.77 298.77 298.77 334.1703 338.34 338.34 338.34 384.2852 383.85 383.85 383.1672 396.45 396.45 396.45 394.764 394.78 394.78 395.479 381.88 381.88 381.88 406.8162 406.58 406.58 457.2963 463.27 463.27 463.27 485.1794 487.76 487.76 487.8462 486.17 486.17 486.17 438.3523 432.72 432.72 433.373 420.67 420.67 420.67 411.2227 410.11 410.11 408.4979 439.86 439.86 439.86 535.6385 546.92 546.92 546.92 699.5255 698.08 698.08 894.7991 917.97 917.97 917.97 1111.655 1109.82 1109.82 1045.04 1037.41 1037.41 1037.41 645.82 -9999 -9999 -9999 -9999 -9999 -9999 -9999 -9999
288.12 298.77 298.77 298.77 334.1703 338.34 338.34 338.34 384.2852 383.85 383.85 383.1672 396.45 396.45 396.45 394.764 394.78 394.78 395.479 381.88 381.88 381.88 406.8162 406.58 406.58 457.2963 463.27 463.27 463.27 485.1794 487.76 487.76 487.8462 486.17 486.17 486.17 438.3523 432.72 432.72 433.373 420.67 420.67 420.67 411.2227 410.11 410.11 408.4979 439.86 439.86 439.86 535.6385 546.92 546.92 546.92 699.5255 698.08 698.08 894.7991 917.97 917.97 917.97 1111.655 1109.82 1109.82 1045.04 1037.41 1037.41 1037.41 645.82 -9999 -9999 -9999 -9999 -9999 -9999 -9999 -9999
288.12 298.77 298.77 298.77 334.1703 338.34 338.34 335.8739 383.85 383.85 383.85 383.1672 396.45 396.45 396.45 394.764 394.78 394.78 395.479 381.88 381.88 381.88 406.8162 406.58 406.58 457.2963 463.27 463.27 463.27 487.9942 487.76 487.76 487.8462 486.17 486.17 486.17 438.3523 432.72 432.72 433.373 420.67 420.67 420.67 411.2227 410.11 410.11 408.4979 439.86 439.86 439.86 547.9437 546.92 546.92 546.92 699.5255 698.08 698.08 894.7991 917.97 917.97 917.97 1111.655 1109.82 1109.82 1045.04 1037.41 1037.41 1037.41 645.82 -9999 -9999 -9999 -9999 -9999 -9999 -9999 -9999
280.12 294.03 294.03 294.03 304.4524 305.68 305.68 304.3968 329.36 329.36 329.36 328.3906 347.25 347.25 347.25 336.6294 336.73 336.73 336.7425 336.5 336.5 336.5 355.5908 355.41 355.41 387.2497 391 391 391 408.5159 408.35 408.35 407.8786 417.05 417.05 478.8865 438.3523 432.72 432.72 433.373 420.67 420.67 420.67 411.2227 410.11 410.11 408.4979 439.86 439.86 439.86 547.9437 546.92 546.92 546.92 699.5255 698.08 698.08 894.7991 917.97 917.97 917.97 1111.655 1109.82 1109.82 1045.04 1037.41 1037.41 1037.41 645.82 -9999 -9999 -9999 -9999 -9999 -9999 -9999 -9999
280.12 294.03 294.03 294.03 304.4524 305.68 305.68 304.3968 329.36 329.36 329.36 345.3648 347.25 347.25 347.25 336.6294 336.73 336.73 336.7425 336.5 336.5 336.5 355.5908 355.41 355.41 387.2497 391 391 391 408.5159 408.35 408.35 416.1332 417.05 417.05 417.05 413.5073 413.09 413.09 413.9104 397.95 397.95 397.95 405.7601 406.68 406.68 406.1051 417.29 417.29 417.29 447.91 447.62 447.62 447.62 582.3764 581.1 581.1 844.1913 875.18 875.18 875.18 1090.56 1088.52 1088.52 1110.859 1113.49 1113.49 1113.49 747.1 -9999 -9999 -9999 -9999 -9999 -9999 -9999 -9999
280.12 294.03 294.03 294.03 304.4524 305.68 305.68 304.3968 329.36 329.36 329.36 345.3648 347.25 347.25 347.25 336.6294 336.73 336.73 336.7425 336.5 336.5 336.5 355.5908 355.41 355.41 387.2497 391 391 391 408.5159 408.35 408.35 416.1332 417.05 417.05 417.05 413.5073 413.09 413.09 413.9104 397.95 397.95 397.95 405.7601 406.68 406.68 406.1051 417.29 417.29 417.29 447.91 447.62 447.62 440.3871 581.1 581.1 581.1 844.1913 875.18 875.18 875.18 1090.56 1088.52 1088.52 1110.859 1113.49 1113.49 1113.49 747.1 -9999 -9999 -9999 -9999 -9999 -9999 -9999 -9999
280.12 294.03 294.03 294.03 304.4524 305.68 305.68 304.3968 329.36 329.36 329.36 345.3648 347.25 347.25 347.82 336.73 336.73 336.73 336.7425 336.5 336.5 336.5 355.5908 355.41 355.41 387.2497 391 391 391 408.5159 408.35 408.35 416.1332 417.05 417.05 417.05 413.0521 413.09 413.09 413.9104 397.95 397.95 397.95 405.7601 406.68 406.68 406.1051 417.29 417.29 417.29 447.91 447.62 447.62 440.3871 581.1 581.1 581.1 844.1913 875.18 875.18 875.18 1090.56 1088.52 1088.52 1110.859 1113.49 1113.49 1113.49 747.1 -9999 -9999 -9999 -9999 -9999 -9999 -9999 -9999
364.98 346.89 346.89 346.89 345.5391 345.38 345.38 345.8677 336.38 336.38 336.38 341.211 341.78 341.78 347.8723 336.73 336.73 336.73 336.7425 336.5 336.5 336.5 355.5908 355.41 355.41 387.2497 391 391 391 408.5159 408.35 408.35 416.1332 417.05 417.05 417.05 413.0521 413.09 413.09 413.9104 397.95 397.95 397.95 405.7601 406.68 406.68 406.1051 417.29 417.29 417.29 447.91 447.62 447.62 440.3871 581.1 581.1 581.1 877.9921 875.18 875.18 875.18 1090.56 1088.52 1088.52 1110.859 1113.49 1113.49 1113.49 747.1 -9999 -9999 -9999 -9999 -9999 -9999 -9999 -9999
364.98 346.89 346.89 346.89 345.5391 345.38 345.38 345.8677 336.38 336.38 336.38 341.211 341.78 341.78 341.7578 342.19 342.19 342.19 352.0577 353.22 353.22 353.22 364.3858 364.28 364.28 366.0692 366.28 366.28 366.28 373.5388 373.47 373.47 381.0027 381.89 381.89 381.89 404.8576 404.64 404.64 403.6766 422.42 422.42 422.42 440.9566 443.14 443.14 439.1133 517.45 517.45 517.45 459.1881 459.74 459.74 456.7841 514.29 574.0599 581.1 877.9921 875.18 875.18 875.18 1090.56 1088.52 1088.52 1110.859 1113.49 1113.49 1113.49 747.1 -9999 -9999 -9999 -9999 -9999 -9999 -9999 -9999
365.9603 346.89 346.89 346.89 345.5391 345.38 345.38 345.8677 336.38 336.38 336.38 341.211 341.78 341.78 341.7578 342.19 342.19 342.19 352.0577 353.22 353.22 353.22 364.3858 364.28 364.28 366.0692 366.28 366.28 366.28 373.5388 373.47 373.47 381.0027 381.89 381.89 381.89 404.8576 404.64 404.64 420.5464 422.42 422.42 422.42 440.9566 443.14 443.14 439.1133 517.45 517.45 517.45 459.1881 459.74 459.74 456.7841 514.29 514.29 514.29 956.1755 951.99 951.99 951.99 1179.969 1177.81 1177.81 1152.358 1149.36 1149.36 1149.36 842.68 -9999 -9999 -9999 -9999 -9999 -9999 -9999 -9999
365.9603 346.89 346.89 346.89 345.5391 345.38 345.38 345.8677 336.38 336.38 336.38 341.211 341.78 341.78 341.7578 342.19 342.19 342.19 352.0577 353.22 353.22 353.22 364.3858 364.28 364.28 366.0692 366.28 366.28 366.28 373.5388 373.47 373.47 381.0027 381.89 381.89 381.89 404.8576 404.64 404.64 420.5464 422.42 422.42 422.42 440.9566 443.14 443.14 439.1133 517.45 517.45 517.45 459.1881 459.74 459.74 456.7841 514.29 514.29 514.29 956.1755 951.99 951.99 939.7534 1177.81 1177.81 1177.81 1152.358 1149.36 1149.36 1149.36 842.68 -9999 -9999 -9999 -9999 -9999 -9999 -9999 -9999
365.9603 346.89 346.89 346.89 345.5391 345.38 345.38 345.8677 336.38 336.38 336.38 341.211 341.78 341.78 341.7578 342.19 342.19 342.19 352.0577 353.22 353.22 352.6207 364.28 364.28 364.28 366.0692 366.28 366.28 366.28 373.5388 373.47 373.47 381.0027 381.89 381.89 381.89 404.8576 404.64 404.64 420.5464 422.42 422.42 422.42 440.9566 443.14 443.14 439.1133 517.45 517.45 517.45 459.1881 459.74 459.74 456.7841 514.29 514.29 514.29 956.1755 951.99 951.99 939.7534 1177.81 1177.81 1177.81 1152.358 1149.36 1149.36 1149.36 842.68 -9999 -9999 -9999 -9999 -9999 -9999 -9999 -9999
