Model and model input files/precip_1998.asc
ncols         625
nrows         453
xllcorner     138621.56993419
yllcorner     4094031.9406744
cellsize      1000
NODATA_value  -9999
[rows 68 to 101 of 453, columns 0 to 76 of 625]
-9999 -9999 -9999 -9999 -9999 -9999 -9999 -9999 -9999 -9999 -9999 -9999 -9999 -9999 -9999 -9999 -9999 426.21 426.21 426.21 440.6064 440.47 440.47 440.8406 433.63 433.63 433.63 435.1848 435.17 435.17 434.2515 452.12 452.12 452.12 489.9447 494.4 494.4 494.4 509.37 509.37 509.37 491.7548 489.68 489.68 490.9193 466.81 466.81 466.81 449.5795 447.55 447.55 447.55 430.125 430.29 430.29 431.5141 407.7 407.7 407.7 381.3302 381.58 381.58 372.2759 371.18 371.18 371.18 368.1412 368.17 368.17 367.0602 388.65 388.65 388.65 391.647 392 392 392.1203
-9999 -9999 -9999 -9999 -9999 -9999 -9999 -9999 -9999 -9999 -9999 -9999 -9999 -9999 -9999 -9999 -9999 426.21 426.21 426.21 440.6064 440.47 440.47 440.8406 433.63 433.63 433.63 435.1848 435.17 435.17 434.2515 452.12 452.12 452.12 494.8043 494.4 494.4 494.4 509.37 509.37 509.37 491.7548 489.68 489.68 490.7068 470.73 470.73 470.73 453.58 451.56 451.56 452.5657 433 433 433 433.5359 423.11 423.11 423.11 414.3773 414.46 414.46 403.7871 402.53 402.53 402.53 399.1985 399.23 368.17 386.4919 388.65 388.65 388.65 391.647 392 392 392.1203
-9999 -9999 -9999 -9999 -9999 -9999 -9999 -9999 -9999 -9999 -9999 -9999 -9999 -9999 -9999 -9999 -9999 426.21 426.21 425.4373 440.47 440.47 440.47 440.8406 433.63 433.63 433.63 435.1848 435.17 435.17 434.2515 452.12 452.12 452.12 494.8043 494.4 494.4 493.5888 509.37 509.37 509.37 491.7548 489.68 489.68 490.7068 470.73 470.73 470.73 453.58 451.56 451.56 452.5657 433 433 433 433.5359 423.11 423.11 423.11 414.3773 414.46 414.46 403.7871 402.53 402.53 402.53 399.1985 399.23 399.23 408.0063 409.04 409.04 409.04 419.9902 421.28 421.28 421.4214
-9999 -9999 -9999 -9999 -9999 -9999 -9999 -9999 -9999 -9999 -9999 -9999 -9999 -9999 -9999 -9999 -9999 426.21 426.21 425.4373 440.47 440.47 440.47 440.8406 433.63 433.63 433.63 435.1848 435.17 435.17 434.2515 452.12 452.12 452.12 494.8043 494.4 494.4 493.5888 509.37 509.37 509.37 491.7548 489.68 489.68 490.7068 470.73 470.73 470.73 453.58 451.56 451.56 452.5657 433 433 433 424.1522 423.11 423.11 423.11 414.3773 414.46 414.46 403.7871 402.53 402.53 402.53 399.1985 399.23 399.23 408.0063 409.04 409.04 409.04 421.397 421.28 421.28 421.4214
-9999 -9999 -9999 -9999 -9999 -9999 -9999 -9999 -9999 -9999 -9999 -9999 -9999 -9999 -9999 -9999 -9999 368.19 368.19 366.4853 399.65 399.65 399.65 444.256 449.51 435.3034 433.63 435.1848 435.17 435.17 434.2515 452.12 452.12 452.12 494.8043 494.4 494.4 493.5888 509.37 509.37 509.37 489.4917 489.68 489.68 490.7068 470.73 470.73 470.73 453.58 451.56 451.56 452.5657 433 433 433 424.1522 423.11 423.11 423.11 414.3773 414.46 414.46 403.7871 402.53 402.53 402.53 399.1985 399.23 399.23 408.0063 409.04 409.04 409.04 421.397 421.28 421.28 421.4214
-9999 -9999 -9999 -9999 -9999 -9999 -9999 -9999 -9999 -9999 -9999 -9999 -9999 -9999 -9999 -9999 -9999 368.19 368.19 366.4853 399.65 399.65 399.65 444.256 449.51 449.51 444.0663 549.97 549.97 549.97 549.8817 551.6 551.6 551.6 518.335 518.65 518.65 518.093 528.93 528.93 528.93 536.3604 536.29 536.29 539.0622 485.13 485.13 472.2474 453.58 451.56 451.56 452.5657 433 433 433 424.1522 423.11 423.11 423.5787 414.46 414.46 414.46 403.7871 402.53 402.53 402.53 399.1985 399.23 399.23 408.0063 409.04 409.04 409.04 421.397 421.28 421.28 418.945
-9999 -9999 -9999 -9999 -9999 -9999 -9999 -9999 -9999 -9999 -9999 -9999 -9999 -9999 -9999 -9999 -9999 368.19 368.19 366.4853 399.65 399.65 399.65 444.256 449.51 449.51 444.0663 549.97 549.97 549.97 549.8817 551.6 551.6 551.6 518.335 518.65 518.65 518.093 528.93 528.93 528.93 536.3604 536.29 536.29 490.521 485.13 485.13 485.13 465.1709 462.82 462.82 464.6434 429.17 429.17 429.17 406.1334 403.42 403.42 403.9185 394.22 394.22 394.22 383.3066 383.41 383.41 383.41 391.0322 390.96 390.96 406.5354 408.3337 409.04 409.04 421.397 421.28 421.28 418.945
-9999 -9999 -9999 -9999 -9999 -9999 -9999 -9999 -9999 -9999 -9999 -9999 -9999 -9999 -9999 -9999 -9999 368.19 368.19 366.4853 399.65 399.65 399.65 444.256 449.51 449.51 444.0663 549.97 549.97 549.97 551.4282 551.6 551.6 551.6 518.335 518.65 518.65 518.093 528.93 528.93 528.93 536.3604 536.29 536.29 490.521 485.13 485.13 485.13 462.6067 462.82 462.82 464.6434 429.17 429.17 429.17 406.1334 403.42 403.42 403.9185 394.22 394.22 394.22 383.3066 383.41 383.41 383.41 391.0322 390.96 390.96 406.5354 408.37 408.37 408.37 417.1633 417.08 417.08 411.9717
-9999 -9999 -9999 -9999 -9999 -9999 -9999 -9999 -9999 -9999 -9999 -9999 -9999 -9999 -9999 -9999 -9999 368.19 368.19 366.4853 399.65 399.65 399.65 444.256 449.51 449.51 444.0663 549.97 549.97 549.97 551.4282 551.6 551.6 553.3854 518.65 518.65 518.65 518.093 528.93 528.93 528.93 536.3604 536.29 536.29 490.521 485.13 485.13 485.13 462.6067 462.82 462.82 464.6434 429.17 429.17 429.17 406.1334 403.42 403.42 403.9185 394.22 394.22 394.22 383.3066 383.41 383.41 383.0009 390.96 390.96 390.96 406.5354 408.37 408.37 408.37 417.1633 417.08 417.08 411.9717
-9999 -9999 -9999 -9999 -9999 -9999 -9999 -9999 -9999 -9999 -9999 -9999 -9999 -9999 -9999 -9999 -9999 352.17 352.17 381.9342 385.44 385.44 385.44 416.7608 420.45 420.45 417.6106 472.85 472.85 472.85 489.9731 491.99 491.99 495.115 434.32 519.4564 518.65 518.093 528.93 528.93 528.93 536.3604 536.29 536.29 490.521 485.13 485.13 485.13 462.6067 462.82 462.82 432.7159 429.17 429.17 429.17 406.1334 403.42 403.42 403.9185 394.22 394.22 394.22 383.3066 383.41 383.41 383.0009 390.96 390.96 390.96 406.5354 408.37 408.37 408.37 417.1633 417.08 417.08 411.9717
-9999 -9999 -9999 -9999 -9999 -9999 -9999 -9999 -9999 -9999 -9999 -9999 -9999 -9999 -9999 -9999 -9999 352.17 352.17 381.9342 385.44 385.44 385.44 416.7608 420.45 420.45 417.6106 472.85 472.85 472.85 489.9731 491.99 491.99 495.115 434.32 434.32 434.32 431.4035 431.06 431.06 431.06 428.2231 428.25 428.25 408.7472 406.45 406.45 406.45 411.9016 411.85 411.85 426.4055 428.12 428.12 428.12 397.7475 394.17 393.6688 403.9185 394.22 394.22 394.22 383.3066 383.41 383.41 383.0009 390.96 390.96 390.96 408.5365 408.37 408.37 408.37 417.1633 417.08 417.08 411.9717
-9999 -9999 -9999 -9999 -9999 -9999 -9999 -9999 -9999 -9999 -9999 -9999 -9999 -9999 -9999 -9999 -9999 352.17 352.17 381.9342 385.44 385.44 385.44 420.7848 420.45 420.45 417.6106 472.85 472.85 472.85 489.9731 491.99 491.99 495.115 434.32 434.32 434.32 431.4035 431.06 431.06 431.06 428.2231 428.25 428.25 408.7472 406.45 406.45 406.45 411.9016 411.85 411.85 426.4055 428.12 428.12 428.12 393.8454 394.17 394.17 395.2494 374.25 374.25 374.25 366.3653 366.44 366.44 366.5256 364.86 364.86 364.86 392.7542 392.49 392.49 391.041 419.23 419.23 419.23 397.9648
-9999 -9999 -9999 -9999 -9999 -9999 -9999 -9999 -9999 -9999 -9999 -9999 -9999 -9999 -9999 -9999 -9999 352.17 352.17 381.9342 385.44 385.44 385.44 420.7848 420.45 420.45 467.3284 472.85 472.85 472.85 489.9731 491.99 491.99 495.115 434.32 434.32 434.32 431.4035 431.06 431.06 431.2122 428.25 428.25 428.25 408.7472 406.45 406.45 406.45 411.9016 411.85 411.85 426.4055 428.12 428.12 428.12 393.8454 394.17 394.17 376.3491 374.25 374.25 374.25 366.3653 366.44 366.44 366.5256 364.86 364.86 364.86 392.7542 392.49 392.49 391.041 419.23 419.23 419.23 397.9648
-9999 -9999 -9999 -9999 -9999 -9999 -9999 -9999 -9999 -9999 -9999 -9999 -9999 -9999 -9999 -9999 -9999 359.84 359.84 382.3846 385.04 385.04 385.04 417.1428 420.45 420.45 467.3284 472.85 472.85 472.85 489.9731 491.99 491.99 495.115 434.32 434.32 434.32 431.4035 431.06 431.06 431.2122 428.25 428.25 428.25 406.2415 406.45 406.45 406.45 411.9016 411.85 411.85 426.4055 428.12 428.12 428.12 393.8454 394.17 394.17 376.3491 374.25 374.25 374.25 366.3653 366.44 366.44 366.5256 364.86 364.86 364.86 392.7542 392.49 392.49 391.041 419.23 419.23 419.23 395.2327
-9999 -9999 -9999 -9999 -9999 -9999 -9999 -9999 -9999 -9999 -9999 -9999 -9999 -9999 -9999 -9999 -9999 359.84 359.84 382.3846 385.04 385.04 385.04 388.7653 388.73 388.73 383.6933 383.1 383.1 383.1 370.9045 371.02 371.02 371.1858 367.96 367.96 367.96 363.7374 363.24 363.24 363.3868 360.53 360.53 360.53 351.0103 406.45 406.45 406.45 411.9016 411.85 411.85 426.4055 428.12 428.12 428.12 393.8454 394.17 394.17 376.3491 374.25 374.25 374.25 366.44 366.44 366.44 366.5256 364.86 364.86 364.86 392.7542 392.49 392.49 391.041 419.23 419.23 419.23 395.2327
-9999 -9999 -9999 -9999 -9999 -9999 -9999 -9999 -9999 -9999 -9999 -9999 -9999 -9999 -9999 -9999 -9999 359.84 359.84 382.3846 385.04 385.04 385.04 388.7653 388.73 388.73 383.6933 383.1 383.1 383.1 370.9045 371.02 371.02 368.2824 367.96 367.96 367.96 363.7374 363.24 363.24 363.3868 360.53 360.53 360.53 353.8568 353.92 353.92 353.4307 362.95 362.95 362.95 383.0254 385.39 385.39 385.39 375.2237 375.32 375.32 363.5468 362.16 362.16 362.16 356.71 356.71 356.71 356.2158 365.83 365.83 364.9622 392.7542 392.49 392.49 391.041 419.23 419.23 419.23 395.2327
-9999 -9999 -9999 -9999 -9999 -9999 -9999 -9999 -9999 -9999 -9999 -9999 -9999 -9999 -9999 -9999 -9999 359.84 359.84 385.281 385.04 385.04 385.04 388.7653 388.73 388.73 383.6933 383.1 383.1 383.1 370.9045 371.02 371.02 368.2824 367.96 367.96 367.96 363.7374 363.24 363.24 363.3868 360.53 360.53 360.53 353.8568 353.92 353.92 353.4307 362.95 362.95 362.95 383.0254 385.39 385.39 385.39 375.2237 375.32 375.32 363.5468 362.16 362.16 362.16 356.71 356.71 356.71 364.869 365.83 365.83 365.83 398.5701 398.26 398.26 398.0866 401.46 401.46 401.46 376.5541
-9999 -9999 -9999 -9999 -9999 -9999 -9999 -9999 -9999 -9999 -9999 -9999 -9999 -9999 -9999 -9999 -9999 359.84 359.84 385.281 385.04 385.04 385.04 388.7653 388.73 388.73 383.6933 383.1 383.1 383.1 370.9045 371.02 371.02 368.2824 367.96 367.96 367.96 363.1949 363.24 363.24 363.3868 360.53 360.53 360.53 353.8568 353.92 353.92 353.4307 362.95 362.95 362.95 385.6046 385.39 385.39 385.39 375.2237 375.32 375.32 363.5468 362.16 362.16 362.16 356.71 356.71 356.71 364.869 365.83 365.83 365.83 398.5701 398.26 398.26 398.0866 401.46 401.46 401.46 376.5541
-9999 -9999 -9999 -9999 -9999 -9999 -9999 -9999 -9999 -9999 -9999 -9999 -9999 -9999 -9999 -9999 -9999 361.8 361.8 364.9095 364.88 364.88 364.8741 364.99 364.99 386.2284 383.6933 383.1 383.1 383.1 370.9045 371.02 371.02 368.2824 367.96 367.96 367.96 363.1949 363.24 363.24 363.3868 360.53 360.53 360.53 353.8568 353.92 353.92 353.4307 362.95 362.95 362.95 385.6046 385.39 385.39 385.9357 375.32 375.32 375.32 363.5468 362.16 362.16 362.16 356.71 356.71 356.71 364.869 365.83 365.83 364.0727 398.26 398.26 398.26 398.0866 401.46 401.46 401.46 376.5541
-9999 -9999 -9999 -9999 -9999 -9999 -9999 -9999 -9999 -9999 -9999 -9999 -9999 -9999 -9999 -9999 -9999 361.8 361.8 364.9095 364.88 364.88 364.8741 364.99 364.99 364.99 356.015 356.1 356.1 356.1 349.5984 349.66 349.66 360.8965 362.22 362.22 362.22 368.9942 368.93 368.93 360.9857 360.05 360.05 360.05 348.016 348.13 348.13 348.4784 341.7 341.7 341.7 358.0045 357.85 357.85 357.5281 374.105 375.32 375.32 363.5468 362.16 362.16 362.16 356.71 356.71 356.71 364.869 365.83 365.83 364.0727 398.26 398.26 398.26 401.1228 401.46 401.46 401.46 376.5541
-9999 -9999 -9999 -9999 -9999 -9999 -9999 -9999 -9999 -9999 -9999 -9999 -9999 -9999 -9999 -9999 -9999 361.8 361.8 364.9095 364.88 364.88 364.8741 364.99 364.99 364.99 356.015 356.1 356.1 356.1 349.5984 349.66 349.66 360.8965 362.22 362.22 362.22 368.9942 368.93 368.93 360.9857 360.05 360.05 360.05 348.016 348.13 348.13 348.4784 341.7 341.7 341.7 358.0045 357.85 357.85 357.5281 363.79 363.79 363.79 361.4781 361.5 361.5 361.5 357.29 357.29 357.29 364.5365 365.39 365.39 363.6289 397.89 397.89 397.89 387.7271 386.53 386.53 386.53 367.8228
-9999 -9999 -9999 -9999 -9999 -9999 -9999 -9999 -9999 -9999 -9999 -9999 -9999 -9999 -9999 -9999 -9999 361.8 361.8 364.9095 364.88 364.88 364.8741 364.99 364.99 364.99 356.015 356.1 356.1 356.449 349.66 349.66 349.66 360.8965 362.22 362.22 362.22 368.9942 368.93 368.93 360.9857 360.05 360.05 360.05 348.13 348.13 348.13 348.4784 341.7 341.7 341.7 358.0045 357.85 357.85 357.5281 363.79 363.79 363.79 361.4781 361.5 361.5 361.5 357.29 357.29 357.29 364.5365 365.39 365.39 363.6289 397.89 397.89 397.89 387.7271 386.53 386.53 387.5341 368
-9999 -9999 -9999 -9999 -9999 -9999 -9999 -9999 -9999 -9999 -9999 -9999 -9999 -9999 -9999 -9999 -9999 361.8 361.8 364.9095 364.88 364.88 364.8741 364.99 364.99 364.99 356.015 356.1 356.1 356.449 349.66 349.66 349.66 360.8965 362.22 362.22 362.22 368.9942 368.93 368.93 360.9857 360.05 360.05 360.05 348.13 348.13 348.13 342.3776 341.7 341.7 341.7 358.0045 357.85 357.85 357.5281 363.79 363.79 363.79 361.4781 361.5 361.5 361.7281 357.29 357.29 357.29 364.5365 365.39 365.39 363.6289 397.89 397.89 397.89 387.7271 386.53 386.53 387.5341 368
-9999 -9999 -9999 -9999 -9999 -9999 -9999 -9999 -9999 -9999 -9999 -9999 -9999 -9999 -9999 -9999 -9999 342.36 342.36 349.25 349.25 349.25 348.6301 360.69 360.69 360.69 347.6969 347.82 347.82 348.0649 343.3 343.3 343.3 354.0013 353.9 361.3433 362.22 368.9942 368.93 368.93 360.9857 360.05 360.05 360.05 348.13 348.13 348.13 342.3776 341.7 341.7 341.7 358.0045 357.85 357.85 357.5281 363.79 363.79 363.79 361.4781 361.5 361.5 361.7281 357.29 357.29 357.29 364.5365 365.39 365.39 363.6289 397.89 397.89 397.89 387.7271 386.53 386.53 387.5341 368
-9999 -9999 -9999 -9999 -9999 -9999 -9999 -9999 -9999 -9999 -9999 -9999 -9999 -9999 -9999 -9999 -9999 342.36 342.36 349.25 349.25 349.25 348.6301 360.69 360.69 360.69 347.6969 347.82 347.82 348.0649 343.3 343.3 343.3 354.0013 353.9 353.9 353.9 375.2926 375.09 375.09 371.0105 370.53 370.53 370.53 350.72 350.72 350.72 343.2052 342.32 342.32 342.2268 344.04 344.04 344.04 343.7859 348.73 348.73 348.73 361.6221 361.5 361.5 361.7281 357.29 357.29 357.29 365.4675 365.39 365.39 363.6289 397.89 397.89 397.89 387.7271 386.53 386.53 387.5341 368
-9999 -9999 -9999 -9999 -9999 -9999 -9999 -9999 -9999 -9999 -9999 -9999 -9999 -9999 -9999 -9999 -9999 342.36 342.36 349.25 349.25 349.25 359.4845 360.69 360.69 360.69 347.6969 347.82 347.82 348.0649 343.3 343.3 343.3 354.0013 353.9 353.9 352.7518 375.09 375.09 375.09 371.0105 370.53 370.53 370.53 350.72 350.72 350.72 343.2052 342.32 342.32 342.2268 344.04 344.04 344.04 343.7859 348.73 348.73 348.73 361.8543 361.73 361.73 360.8912 377.21 377.21 377.21 385.7913 385.71 385.71 386.499 371.15 371.15 371.15 364.6819 363.92 363.92 363.9076 364.15
-9999 -9999 -9999 -9999 -9999 -9999 -9999 -9999 -9999 -9999 -9999 -9999 -9999 -9999 -9999 -9999 -9999 342.36 342.36 349.25 349.25 349.25 359.4845 360.69 360.69 361.3874 347.82 347.82 347.82 348.0649 343.3 343.3 343.3 354.0013 353.9 353.9 352.7518 375.09 375.09 375.09 370.4864 370.53 370.53 370.53 350.72 350.72 350.72 343.2052 342.32 342.32 342.2268 344.04 344.04 344.04 348.2358 348.73 348.73 348.73 361.8543 361.73 361.73 360.8912 377.21 377.21 377.21 385.7913 385.71 385.71 372.6843 371.15 371.15 371.15 364.6819 363.92 363.92 363.9076 364.15
-9999 -9999 -9999 -9999 -9999 -9999 -9999 -9999 -9999 -9999 -9999 -9999 -9999 -9999 -9999 -9999 -9999 303 303 316.2 316.2 316.2 335.5776 358.2843 360.69 361.3874 347.82 347.82 347.82 348.0649 343.3 343.3 343.3 354.0013 353.9 353.9 352.7518 375.09 375.09 375.09 370.4864 370.53 370.53 370.53 350.72 350.72 350.72 343.2052 342.32 342.32 342.2268 344.04 344.04 344.04 348.2358 348.73 348.73 348.73 361.8543 361.73 361.73 360.8912 377.21 377.21 377.21 385.7913 385.71 385.71 372.6843 371.15 371.15 371.15 364.6819 363.92 363.92 363.9076 364.15
-9999 -9999 -9999 -9999 -9999 -9999 -9999 -9999 -9999 -9999 -9999 -9999 -9999 -9999 -9999 -9999 -9999 303 303 316.2 316.2 316.2 335.5776 337.86 337.86 338.3314 329.16 329.16 329.16 326.6908 326.4 326.4 326.4 336.5259 336.43 336.43 335.8897 346.4 346.4 346.4 350.1253 350.09 350.09 350.2997 346.22 350.763 350.72 343.2052 342.32 342.32 342.2268 344.04 344.04 344.04 348.2358 348.73 348.73 348.0256 361.73 361.73 361.73 360.8912 377.21 377.21 377.21 385.7913 385.71 385.71 372.6843 371.15 371.15 371.15 363.8509 363.92 363.92 363.9076 364.15
-9999 -9999 -9999 -9999 -9999 -9999 -9999 -9999 -9999 -9999 -9999 -9999 -9999 -9999 -9999 -9999 -9999 303 303 316.2 316.2 316.2 335.5776 337.86 337.86 338.3314 329.16 329.16 329.16 326.6908 326.4 326.4 326.4 336.5259 336.43 336.43 335.8897 346.4 346.4 346.4 350.1253 350.09 350.09 350.2997 346.22 346.22 346.22 349.548 349.94 349.94 349.9037 350.61 350.61 350.61 358.3396 359.25 359.25 355.1106 435.64 435.64 435.64 435.5777 436.79 436.79 436.79 406.2507 406.54 406.54 387.9254 371.15 371.15 371.15 363.8509 363.92 363.92 363.9076 364.15
-9999 -9999 -9999 -9999 -9999 -9999 -9999 -9999 -9999 -9999 -9999 -9999 -9999 -9999 -9999 -9999 -9999 303 302.2847 316.2 316.2 316.2 335.5776 337.86 337.86 338.3314 329.16 329.16 329.16 326.6908 326.4 326.4 325.8565 336.43 336.43 336.43 335.8897 346.4 346.4 346.4 350.1253 350.09 350.09 350.2997 346.22 346.22 346.22 349.9756 349.94 349.94 349.9037 350.61 350.61 350.61 358.3396 359.25 359.25 355.1106 435.64 435.64 435.64 436.6688 436.79 436.79 436.79 406.2507 406.54 406.54 387.1803 384.9 384.9 384.9 382.8102 382.83 382.83 394.9969 396.43
-9999 -9999 -9999 -9999 -9999 -9999 -9999 -9999 -9999 -9999 -9999 -9999 -9999 -9999 -9999 -9999 -9999 303 302.2847 316.2 316.2 316.2 335.5776 337.86 337.86 338.3314 329.16 329.16 329.16 326.6908 326.4 326.4 325.8565 336.43 336.43 336.43 335.8897 346.4 346.4 346.4 350.1253 350.09 350.09 350.2997 346.22 346.22 346.22 349.9756 349.94 349.94 349.9037 350.61 350.61 350.61 358.3396 359.25 359.25 355.1106 435.64 435.64 435.64 436.6688 436.79 436.79 436.79 406.2507 406.54 406.54 387.1803 384.9 384.9 384.9 382.8102 382.83 382.83 394.9969 396.43
-9999 -9999 -9999 -9999 -9999 -9999 -9999 -9999 -9999 -9999 -9999 -9999 -9999 -9999 -9999 -9999 -9999 291.49 290.8598 303.12 303.12 303.12 326.3803 326.16 326.16 326.4434 320.93 320.93 320.93 321.8514 321.96 321.96 321.1759 336.43 336.43 336.43 345.3494 346.4 346.4 346.4 350.1253 350.09 350.09 350.2997 346.22 346.22 346.22 349.9756 349.94 349.94 350.5394 350.61 350.61 350.61 358.3396 359.25 359.25 355.1106 435.64 435.64 435.64 436.6688 436.79 436.79 438.4292 406.54 406.54 406.54 387.1803 384.9 384.9 384.9 382.8102 382.83 382.83 394.9969 396.43
-9999 -9999 -9999 -9999 -9999 -9999 -9999 -9999 -9999 -9999 -9999 -9999 -9999 -9999 -9999 -9999 -9999 291.49 290.8598 303.12 303.12 303.12 326.3803 326.16 326.16 326.4434 320.93 320.93 320.93 321.8514 321.96 321.96 321.507 330.32 330.32 330.32 334.5426 335.04 335.04 335.04 334.7472 334.75 334.75 333.8738 350.92 350.92 350.92 360.4301 360.34 360.34 362.5497 362.81 362.81 362.81 416.2191 425.9379 359.25 355.1106 435.64 435.64 435.64 436.6688 436.79 436.79 438.4292 406.54 406.54 406.54 387.1803 384.9 384.9 384.9 382.8102 382.83 382.83 394.9969 396.43
