Model and model input files/precip_2007.asc
ncols         625
nrows         453
xllcorner     138621.56993419
yllcorner     4094031.9406744
cellsize      1000
NODATA_value  -9999
[rows 34 to 67 of 453, columns 154 to 230 of 625]
688.85 752.1268 759.58 759.58 759.58 892.5798 891.32 891.32 975.7905 985.74 985.74 985.74 835.2909 817.57 817.57 819.0385 790.47 790.47 790.47 774.5593 774.71 774.71 777.2162 728.46 728.46 728.46 724.6741 724.71 724.71 714.0096 922.18 922.18 922.18 962.088 961.71 961.71 961.71 766.0366 767.89 767.89 695.1212 686.55 686.55 686.55 669.46 669.46 669.46 674.5236 675.12 675.12 675.6261 665.78 665.78 665.78 753.0149 763.29 763.29 753.7324 939.67 939.67 939.67 1227.122 1260.98 1260.98 1260.98 1447.275 1445.51 1445.51 1282.08 -9999 -9999 -9999 -9999 -9999 -9999 -9999 -9999
676.7666 752.1268 759.58 759.58 759.58 892.5798 891.32 891.32 975.7905 985.74 985.74 985.74 835.2909 817.57 817.57 819.0385 790.47 790.47 790.47 774.5593 774.71 774.71 777.2162 728.46 728.46 728.46 724.6741 724.71 724.71 714.0096 922.18 922.18 922.18 962.088 961.71 961.71 972.2126 767.89 767.89 767.89 695.1212 686.55 686.55 686.55 669.46 669.46 669.46 674.5236 675.12 675.12 675.6261 665.78 665.78 665.78 753.0149 763.29 763.29 753.7324 939.67 939.67 939.67 1227.122 1260.98 1260.98 1260.98 1447.275 1445.51 1445.51 1282.08 -9999 -9999 -9999 -9999 -9999 -9999 -9999 -9999
574.18 603.8726 607.37 607.37 607.37 664.3497 663.81 663.81 681.3268 683.39 683.39 683.39 668.6908 668.83 668.83 668.7303 670.67 670.67 670.67 693.0419 692.83 692.83 688.4376 773.89 773.89 773.89 778.9984 778.95 778.95 774.7559 856.35 856.35 856.35 807.4468 807.91 807.91 811.9388 733.56 767.89 767.89 695.1212 686.55 686.55 686.55 669.46 669.46 669.46 674.5236 675.12 675.12 675.6261 665.78 665.78 665.78 753.0149 763.29 763.29 753.7324 939.67 939.67 939.67 1227.122 1260.98 1260.98 1250.981 1445.51 1445.51 1445.51 1282.08 -9999 -9999 -9999 -9999 -9999 -9999 -9999 -9999
574.18 603.8726 607.37 607.37 607.37 664.3497 663.81 663.81 681.3268 683.39 683.39 683.39 668.6908 668.83 668.83 668.7303 670.67 670.67 670.67 693.0419 692.83 692.83 688.4376 773.89 773.89 773.89 778.9984 778.95 778.95 774.7559 856.35 856.35 856.35 807.4468 807.91 807.91 811.9388 733.56 733.56 733.56 645.2636 646.1 646.1 646.1 631.19 631.19 631.19 662.7076 666.42 666.42 663.3595 722.9 722.9 722.9 923.2692 946.87 946.87 929.4682 1268.01 1268.01 1268.01 1397.623 1412.89 1412.89 1410.752 1452.34 1452.34 1452.34 1220.901 -9999 -9999 -9999 -9999 -9999 -9999 -9999 -9999
574.18 603.8726 607.37 607.37 607.37 664.3497 663.81 663.81 681.3268 683.39 683.39 683.39 668.6908 668.83 668.83 670.4761 670.67 670.67 670.67 693.0419 692.83 692.83 688.4376 773.89 773.89 773.89 778.9984 778.95 778.95 774.7559 856.35 856.35 856.35 807.4468 807.91 807.91 811.9388 733.56 733.56 733.56 645.2636 646.1 646.1 646.1 631.19 631.19 631.19 662.7076 666.42 666.42 663.3595 722.9 722.9 722.9 923.2692 946.87 946.87 929.4682 1268.01 1268.01 1268.01 1397.623 1412.89 1412.89 1410.752 1452.34 1452.34 1452.34 1191.166 -9999 -9999 -9999 -9999 -9999 -9999 -9999 -9999
574.18 603.8726 607.37 607.37 607.37 664.3497 663.81 663.81 681.3268 683.39 683.39 683.39 668.6908 668.83 668.83 670.4761 670.67 670.67 670.67 692.83 692.83 692.83 688.4376 773.89 773.89 773.89 778.9984 778.95 778.95 774.7559 856.35 856.35 856.35 807.4468 807.91 807.91 811.9388 733.56 733.56 733.56 645.2636 646.1 646.1 646.9079 631.19 631.19 631.19 662.7076 666.42 666.42 663.3595 722.9 722.9 722.9 923.2692 946.87 946.87 929.4682 1268.01 1268.01 1268.01 1397.623 1412.89 1412.89 1410.752 1452.34 1452.34 1452.34 1191.166 -9999 -9999 -9999 -9999 -9999 -9999 -9999 -9999
500.13 535.915 540.13 540.13 540.13 567.6608 567.4 567.4 593.4157 596.48 596.48 596.48 597.0756 597.07 597.07 618.0668 665.3875 670.67 670.67 692.83 692.83 692.83 688.4376 773.89 773.89 773.89 778.9984 778.95 778.95 774.7559 856.35 856.35 856.35 807.4468 807.91 807.91 811.9388 733.56 733.56 733.56 645.2636 646.1 646.1 646.9079 631.19 631.19 631.19 662.7076 666.42 666.42 663.3595 722.9 722.9 722.9 923.2692 946.87 946.87 929.4682 1268.01 1268.01 1268.01 1397.623 1412.89 1412.89 1410.752 1452.34 1452.34 1452.34 1191.166 -9999 -9999 -9999 -9999 -9999 -9999 -9999 -9999
500.13 535.915 540.13 540.13 540.13 567.6608 567.4 567.4 593.4157 596.48 596.48 596.48 597.0756 597.07 597.07 618.0668 620.54 620.54 620.54 664.29 664.29 664.29 722.2259 729.05 729.05 729.05 842.1714 841.1 841.1 840.0948 859.65 859.65 859.65 690.5079 692.11 692.11 692.4638 685.58 685.58 685.58 649.8516 650.19 650.19 648.5519 680.42 680.42 680.42 704.0438 703.82 703.82 696.8276 832.86 832.86 832.86 1105.202 1137.28 1137.28 1130.196 1268.01 1268.01 1268.01 1397.623 1412.89 1412.89 1410.752 1452.34 1452.34 1452.34 1191.166 -9999 -9999 -9999 -9999 -9999 -9999 -9999 -9999
500.13 535.915 540.13 540.13 540.13 567.6608 567.4 567.4 593.4157 596.48 596.48 596.48 597.0756 597.07 597.07 618.0668 620.54 620.54 620.54 664.29 664.29 664.29 722.2259 729.05 729.05 729.05 842.1714 841.1 841.1 840.0948 859.65 859.65 859.65 690.5079 692.11 692.11 692.4638 685.58 685.58 685.58 649.8516 650.19 650.19 648.5519 680.42 680.42 680.42 704.0438 703.82 703.82 696.8276 832.86 832.86 832.86 1105.202 1137.28 1137.28 1121.223 1433.6 1433.6 1433.6 1520.37 1530.59 1530.59 1533.459 1477.65 1477.65 1477.65 1229.994 -9999 -9999 -9999 -9999 -9999 -9999 -9999 -9999
500.13 540.5125 540.13 540.13 540.13 567.6608 567.4 567.4 593.4157 596.48 596.48 596.48 597.0756 597.07 597.07 618.0668 620.54 620.54 620.54 664.29 664.29 664.29 722.2259 729.05 729.05 722.9783 841.1 841.1 841.1 840.0948 859.65 859.65 859.65 690.5079 692.11 692.11 692.4638 685.58 685.58 685.58 649.8516 650.19 650.19 648.5519 680.42 680.42 680.42 704.0438 703.82 703.82 819.2624 832.86 832.86 832.86 1105.202 1137.28 1137.28 1121.223 1433.6 1433.6 1433.6 1520.37 1530.59 1530.59 1533.459 1477.65 1477.65 1477.65 1229.994 -9999 -9999 -9999 -9999 -9999 -9999 -9999 -9999
500.13 540.5125 540.13 540.13 538.6523 567.4 567.4 567.4 593.4157 596.48 596.48 596.48 597.0756 597.07 597.07 618.0668 620.54 620.54 620.54 664.29 664.29 664.29 722.2259 729.05 729.05 722.9783 841.1 841.1 841.1 840.0948 859.65 859.65 859.65 690.5079 692.11 692.11 692.4638 685.58 685.58 685.58 649.8516 650.19 650.19 648.5519 680.42 680.42 680.42 704.0438 703.82 703.82 819.2624 832.86 832.86 832.86 1105.202 1137.28 1137.28 1121.223 1433.6 1433.6 1433.6 1520.37 1530.59 1530.59 1533.459 1477.65 1477.65 1477.65 1229.994 -9999 -9999 -9999 -9999 -9999 -9999 -9999 -9999
483.8 517.6506 517.33 517.33 516.0388 541.16 541.16 541.16 551.9492 553.22 553.22 553.22 562.1647 562.08 562.08 573.5759 574.93 574.93 574.93 613.88 613.88 613.88 657.5287 662.67 662.67 657.5964 756.3 756.3 756.3 714.9952 710.13 710.13 710.13 638.2693 692.6183 692.11 692.4638 685.58 685.58 685.58 649.8516 650.19 650.19 648.5519 680.42 680.42 680.42 704.0438 703.82 703.82 819.2624 832.86 832.86 832.86 1140.191 1137.28 1137.28 1121.223 1433.6 1433.6 1433.6 1520.37 1530.59 1530.59 1533.459 1477.65 1477.65 1477.65 1229.994 -9999 -9999 -9999 -9999 -9999 -9999 -9999 -9999
483.8 517.6506 517.33 517.33 516.0388 541.16 541.16 541.16 553.3353 553.22 553.22 553.22 562.1647 562.08 562.08 573.5759 574.93 574.93 574.93 613.88 613.88 613.88 657.5287 662.67 662.67 657.5964 756.3 756.3 756.3 714.9952 710.13 710.13 710.13 638.2693 638.95 638.95 638.4055 649 649 649 638.1169 638.22 638.22 635.9002 681.03 681.03 681.03 722.9167 722.52 722.52 867.5029 884.58 884.58 884.58 1093.206 1091.23 1091.23 1077.619 1342.41 1342.41 1342.41 1459.901 1473.74 1473.74 1476.282 1426.82 1426.82 1426.82 1117.813 -9999 -9999 -9999 -9999 -9999 -9999 -9999 -9999
483.8 517.6506 517.33 517.33 516.0388 541.16 541.16 541.16 553.3353 553.22 553.22 553.22 562.1647 562.08 562.08 573.5759 574.93 574.93 574.93 613.88 613.88 613.88 657.5287 662.67 662.67 657.5964 756.3 756.3 756.3 714.9952 710.13 710.13 713.9871 638.95 638.95 638.95 638.4055 649 649 649 638.1169 638.22 638.22 635.9002 681.03 681.03 681.03 722.9167 722.52 722.52 867.5029 884.58 884.58 884.58 1093.206 1091.23 1091.23 1315.942 1342.41 1342.41 1342.41 1459.901 1473.74 1473.74 1476.282 1426.82 1426.82 1426.82 1117.813 -9999 -9999 -9999 -9999 -9999 -9999 -9999 -9999
483.8 517.6506 517.33 517.33 516.0388 541.16 541.16 541.16 553.3353 553.22 553.22 552.7399 562.08 562.08 562.08 573.5759 574.93 574.93 574.93 613.88 613.88 613.88 657.5287 662.67 662.67 657.5964 756.3 756.3 756.3 714.9952 710.13 710.13 713.9871 638.95 638.95 638.95 638.4055 649 649 649 638.1169 638.22 638.22 635.9002 681.03 681.03 681.03 722.9167 722.52 722.52 867.5029 884.58 884.58 884.58 1093.206 1091.23 1091.23 1315.942 1342.41 1342.41 1342.41 1459.901 1473.74 1473.74 1476.282 1426.82 1426.82 1426.82 1117.813 -9999 -9999 -9999 -9999 -9999 -9999 -9999 -9999
486.82 517.6218 517.33 517.33 516.0388 541.16 541.16 541.16 553.3353 553.22 553.22 552.7399 562.08 562.08 562.08 573.5759 574.93 574.93 574.93 613.88 613.88 613.88 657.5287 662.67 662.67 657.5964 756.3 756.3 756.3 714.9952 710.13 710.13 713.9871 638.95 638.95 638.95 647.941 649 649 649 638.1169 638.22 638.22 635.9002 681.03 681.03 681.03 722.9167 722.52 722.52 867.5029 884.58 884.58 884.58 1093.206 1091.23 1091.23 1315.942 1342.41 1342.41 1342.41 1459.901 1473.74 1473.74 1476.282 1426.82 1426.82 1426.82 1117.813 -9999 -9999 -9999 -9999 -9999 -9999 -9999 -9999
486.82 519.2774 518.97 518.97 518.5343 527.01 527.01 527.01 550.7044 550.48 550.48 550.0449 558.51 558.51 558.51 577.9744 577.79 577.79 577.79 592.09 592.09 592.09 648.0488 654.64 654.64 649.6152 747.37 747.37 747.37 710.1357 705.75 705.75 707.9506 665.14 665.14 665.14 653.0626 651.64 651.64 651.64 655.8398 655.8 655.8 656.2844 646.86 646.86 646.86 713.3599 712.73 712.73 883.8986 904.06 904.06 905.1155 1093.206 1091.23 1091.23 1315.942 1342.41 1342.41 1342.41 1474.996 1473.74 1473.74 1476.282 1426.82 1426.82 1426.82 1117.813 -9999 -9999 -9999 -9999 -9999 -9999 -9999 -9999
486.82 519.2774 518.97 518.97 518.5343 527.01 527.01 527.01 550.7044 550.48 550.48 550.0449 558.51 558.51 558.51 577.9744 577.79 577.79 577.79 592.09 592.09 592.09 648.0488 654.64 654.64 649.6152 747.37 747.37 747.37 710.1357 705.75 705.75 707.9506 665.14 665.14 665.14 653.0626 651.64 651.64 651.4146 655.8 655.8 655.8 656.2844 646.86 646.86 646.86 713.3599 712.73 712.73 883.8986 904.06 904.06 904.06 1139.238 1137.01 1137.01 1281.689 1298.73 1298.73 1298.73 1377.042 1376.3 1376.3 1389.825 1126.71 1126.71 1126.71 863.6079 -9999 -9999 -9999 -9999 -9999 -9999 -9999 -9999
486.82 519.2774 518.97 518.97 518.5343 527.01 527.01 527.01 550.7044 550.48 550.48 550.0449 558.51 558.51 558.51 577.9744 577.79 577.79 577.0151 592.09 592.09 592.09 648.0488 654.64 654.64 649.6152 747.37 747.37 747.37 710.1357 705.75 705.75 707.9506 665.14 665.14 665.14 653.0626 651.64 651.64 651.4146 655.8 655.8 655.8 656.2844 646.86 646.86 646.86 713.3599 712.73 712.73 883.8986 904.06 904.06 904.06 1139.238 1137.01 1137.01 1281.689 1298.73 1298.73 1298.73 1377.042 1376.3 1376.3 1153.01 1126.71 1126.71 1126.71 863.6079 -9999 -9999 -9999 -9999 -9999 -9999 -9999 -9999
486.82 519.2774 518.97 518.97 518.5343 527.01 527.01 527.01 550.7044 550.48 550.48 550.0449 558.51 558.51 558.51 577.9744 577.79 577.79 577.0151 592.09 592.09 592.09 648.0488 654.64 654.64 649.6152 747.37 747.37 747.37 710.1357 705.75 705.75 707.9506 665.14 665.14 665.14 653.0626 651.64 651.64 651.4146 655.8 655.8 655.8 647.8021 646.86 646.86 646.86 713.3599 712.73 712.73 883.8986 904.06 904.06 904.06 1139.238 1137.01 1137.01 1281.689 1298.73 1298.73 1298.73 1377.042 1376.3 1376.3 1153.01 1126.71 1126.71 1126.71 863.6079 -9999 -9999 -9999 -9999 -9999 -9999 -9999 -9999
479.32 486.99 486.99 486.99 484.7976 527.45 527.45 527.45 567.5599 567.18 567.18 566.6376 577.19 577.19 577.19 573.808 573.84 573.626 577.0151 592.09 592.09 592.09 655.2382 654.64 654.64 649.6152 747.37 747.37 747.37 710.1357 705.75 705.75 707.9506 665.14 665.14 665.14 653.0626 651.64 651.64 651.4146 655.8 655.8 655.8 647.8021 646.86 646.86 646.86 713.3599 712.73 712.73 883.8986 904.06 904.06 904.06 1139.238 1137.01 1137.01 1281.689 1298.73 1298.73 1298.73 1377.042 1376.3 1376.3 1153.01 1126.71 1126.71 1126.71 863.6079 -9999 -9999 -9999 -9999 -9999 -9999 -9999 -9999
479.32 486.99 486.99 486.99 484.7976 527.45 527.45 527.45 567.5599 567.18 567.18 566.6376 577.19 577.19 577.19 573.808 573.84 573.84 574.8615 554.99 554.99 554.99 586.3066 586.01 586.01 582.3448 653.65 653.65 653.65 683.4052 686.91 686.91 686.4093 696.15 696.15 696.15 658.8889 654.5 654.5 654.2366 659.36 659.36 659.36 649.7697 648.64 648.64 648.64 670.1437 669.94 669.94 757.5775 767.9 767.9 767.9 901.2531 899.99 899.99 1094.669 1117.6 1279.643 1298.73 1377.042 1376.3 1376.3 1153.01 1126.71 1126.71 1126.71 866.1 -9999 -9999 -9999 -9999 -9999 -9999 -9999 -9999
479.32 486.99 486.99 486.99 523.1865 527.45 527.45 527.45 567.5599 567.18 567.18 566.6376 577.19 577.19 577.19 573.808 573.84 573.84 574.8615 554.99 554.99 554.99 586.3066 586.01 586.01 646.5225 653.65 653.65 653.65 683.4052 686.91 686.91 686.4093 696.15 696.15 696.15 658.8889 654.5 654.5 654.2366 659.36 659.36 659.36 649.7697 648.64 648.64 647.4858 669.94 669.94 669.94 757.5775 767.9 767.9 767.9 901.2531 899.99 899.99 1094.669 1117.6 1117.6 1117.6 1284.642 1283.06 1283.06 1210.139 1201.55 1201.55 1201.55 855.21 -9999 -9999 -9999 -9999 -9999 -9999 -9999 -9999
479.32 486.99 486.99 486.99 523.1865 527.45 527.45 527.45 567.5599 567.18 567.18 566.6376 577.19 577.19 577.19 573.808 573.84 573.84 574.8615 554.99 554.99 554.99 586.3066 586.01 586.01 646.5225 653.65 653.65 653.65 683.4052 686.91 686.91 686.4093 696.15 696.15 696.15 658.8889 654.5 654.5 654.2366 659.36 659.36 659.36 649.7697 648.64 648.64 647.4858 669.94 669.94 669.94 757.5775 767.9 767.9 767.9 901.2531 899.99 899.99 1094.669 1117.6 1117.6 1117.6 1284.642 1283.06 1283.06 1210.139 1201.55 1201.55 1201.55 855.21 -9999 -9999 -9999 -9999 -9999 -9999 -9999 -9999
479.32 486.99 486.99 486.99 523.1865 527.45 527.45 525.2971 567.18 567.18 567.18 566.6376 577.19 577.19 577.19 573.808 573.84 573.84 574.8615 554.99 554.99 554.99 586.3066 586.01 586.01 646.5225 653.65 653.65 653.65 687.228 686.91 686.91 686.4093 696.15 696.15 696.15 658.8889 654.5 654.5 654.2366 659.36 659.36 659.36 649.7697 648.64 648.64 647.4858 669.94 669.94 669.94 768.8368 767.9 767.9 767.9 901.2531 899.99 899.99 1094.669 1117.6 1117.6 1117.6 1284.642 1283.06 1283.06 1210.139 1201.55 1201.55 1201.55 855.21 -9999 -9999 -9999 -9999 -9999 -9999 -9999 -9999
482.66 491.73 491.73 491.73 499.0927 499.96 499.96 498.9624 518.37 518.37 518.37 517.6504 531.65 531.65 531.65 520.3126 520.42 520.42 520.5414 518.18 518.18 518.18 533.1215 532.98 532.98 561.4112 564.76 564.76 564.76 580.9029 580.75 580.75 579.8727 596.94 596.94 685.6957 658.8889 654.5 654.5 654.2366 659.36 659.36 659.36 649.7697 648.64 648.64 647.4858 669.94 669.94 669.94 768.8368 767.9 767.9 767.9 901.2531 899.99 899.99 1094.669 1117.6 1117.6 1117.6 1284.642 1283.06 1283.06 1210.139 1201.55 1201.55 1201.55 855.21 -9999 -9999 -9999 -9999 -9999 -9999 -9999 -9999
482.66 491.73 491.73 491.73 499.0927 499.96 499.96 498.9624 518.37 518.37 518.37 530.2507 531.65 531.65 531.65 520.3126 520.42 520.42 520.5414 518.18 518.18 518.18 533.1215 532.98 532.98 561.4112 564.76 564.76 564.76 580.9029 580.75 580.75 595.234 596.94 596.94 596.94 628.6008 632.33 632.33 632.1474 635.7 635.7 635.7 641.9713 642.71 642.71 642.6456 643.9 643.9 643.9 671.1178 670.86 670.86 670.86 795.44 794.26 794.26 1053.692 1084.25 1084.25 1084.25 1272.614 1270.83 1270.83 1278.64 1279.56 1279.56 1279.56 938.22 -9999 -9999 -9999 -9999 -9999 -9999 -9999 -9999
482.66 491.73 491.73 491.73 499.0927 499.96 499.96 498.9624 518.37 518.37 518.37 530.2507 531.65 531.65 531.65 520.3126 520.42 520.42 520.5414 518.18 518.18 518.18 533.1215 532.98 532.98 561.4112 564.76 564.76 564.76 580.9029 580.75 580.75 595.234 596.94 596.94 596.94 628.6008 632.33 632.33 632.1474 635.7 635.7 635.7 641.9713 642.71 642.71 642.6456 643.9 643.9 643.9 671.1178 670.86 670.86 664.1732 794.26 794.26 794.26 1053.692 1084.25 1084.25 1084.25 1272.614 1270.83 1270.83 1278.64 1279.56 1279.56 1279.56 938.22 -9999 -9999 -9999 -9999 -9999 -9999 -9999 -9999
482.66 491.73 491.73 491.73 499.0927 499.96 499.96 498.9624 518.37 518.37 518.37 530.2507 531.65 531.65 532.2585 520.42 520.42 520.42 520.5414 518.18 518.18 518.18 533.1215 532.98 532.98 561.4112 564.76 564.76 564.76 580.9029 580.75 580.75 595.234 596.94 596.94 596.94 632.6685 632.33 632.33 632.1474 635.7 635.7 635.7 641.9713 642.71 642.71 642.6456 643.9 643.9 643.9 671.1178 670.86 670.86 664.1732 794.26 794.26 794.26 1053.692 1084.25 1084.25 1084.25 1272.614 1270.83 1270.83 1278.64 1279.56 1279.56 1279.56 938.22 -9999 -9999 -9999 -9999 -9999 -9999 -9999 -9999
551.74 529.42 529.42 529.42 527.9886 527.82 527.82 528.0492 523.59 523.59 523.59 525.0393 525.21 525.21 532.3201 520.42 520.42 520.42 520.5414 518.18 518.18 518.18 533.1215 532.98 532.98 561.4112 564.76 564.76 564.76 580.9029 580.75 580.75 595.234 596.94 596.94 596.94 632.6685 632.33 632.33 632.1474 635.7 635.7 635.7 641.9713 642.71 642.71 642.6456 643.9 643.9 643.9 671.1178 670.86 670.86 664.1732 794.26 794.26 794.26 1087.023 1084.25 1084.25 1084.25 1272.614 1270.83 1270.83 1278.64 1279.56 1279.56 1279.56 938.22 -9999 -9999 -9999 -9999 -9999 -9999 -9999 -9999
551.74 529.42 529.42 529.42 527.9886 527.82 527.82 528.0492 523.59 523.59 523.59 525.0393 525.21 525.21 525.2837 523.85 523.85 523.85 529.3877 530.04 530.04 530.04 533.0788 533.05 533.05 531.8691 531.73 531.73 531.73 537.1715 537.12 537.12 545.8605 546.89 546.89 546.89 598.2161 597.73 597.73 595.6286 636.51 636.51 636.51 653.5705 655.58 655.58 651.5392 730.15 730.15 730.15 675.4115 675.93 675.93 673.0586 728.92 787.3748 794.26 1087.023 1084.25 1084.25 1084.25 1272.614 1270.83 1270.83 1278.64 1279.56 1279.56 1279.56 938.22 -9999 -9999 -9999 -9999 -9999 -9999 -9999 -9999
552.9495 529.42 529.42 529.42 527.9886 527.82 527.82 528.0492 523.59 523.59 523.59 525.0393 525.21 525.21 525.2837 523.85 523.85 523.85 529.3877 530.04 530.04 530.04 533.0788 533.05 533.05 531.8691 531.73 531.73 531.73 537.1715 537.12 537.12 545.8605 546.89 546.89 546.89 598.2161 597.73 597.73 632.4236 636.51 636.51 636.51 653.5705 655.58 655.58 651.5392 730.15 730.15 730.15 675.4115 675.93 675.93 673.0586 728.92 728.92 728.92 1165.788 1161.65 1161.65 1161.65 1358.919 1357.05 1357.05 1325.336 1321.6 1321.6 1321.6 1013.39 -9999 -9999 -9999 -9999 -9999 -9999 -9999 -9999
552.9495 529.42 529.42 529.42 527.9886 527.82 527.82 528.0492 523.59 523.59 523.59 525.0393 525.21 525.21 525.2837 523.85 523.85 523.85 529.3877 530.04 530.04 530.04 533.0788 533.05 533.05 531.8691 531.73 531.73 531.73 537.1715 537.12 537.12 545.8605 546.89 546.89 546.89 598.2161 597.73 597.73 632.4236 636.51 636.51 636.51 653.5705 655.58 655.58 651.5392 730.15 730.15 730.15 675.4115 675.93 675.93 673.0586 728.92 728.92 728.92 1165.788 1161.65 1161.65 1151.062 1357.05 1357.05 1357.05 1325.336 1321.6 1321.6 1321.6 1013.39 -9999 -9999 -9999 -9999 -9999 -9999 -9999 -9999
552.9495 529.42 529.42 529.42 527.9886 527.82 527.82 528.0492 523.59 523.59 523.59 525.0393 525.21 525.21 525.2837 523.85 523.85 523.85 529.3877 530.04 530.04 529.8769 533.05 533.05 533.05 531.8691 531.73 531.73 531.73 537.1715 537.12 537.12 545.8605 546.89 546.89 546.89 598.2161 597.73 597.73 632.4236 636.51 636.51 636.51 653.5705 655.58 655.58 651.5392 730.15 730.15 730.15 675.4115 675.93 675.93 673.0586 728.92 728.92 728.92 1165.788 1161.65 1161.65 1151.062 1357.05 1357.05 1357.05 1325.336 1321.6 1321.6 1321.6 1013.39 -9999 -9999 -9999 -9999 -9999 -9999 -9999 -9999
