Model and model input files/precip_1984.asc
ncols         625
nrows         453
xllcorner     138621.56993419
yllcorner     4094031.9406744
cellsize      1000
NODATA_value  -9999
[rows 0 to 33 of 453, columns 77 to 153 of 625]
319.5394 319.5394 326.9832 327.9891 327.9891 327.8137 345.97 345.97 345.97 362.9109 365.2 365.2 365.2 373.46 373.46 373.46 373.8476 373.9 373.9 373.9 353.62 353.62 353.62 333.5253 330.81 330.81 330.81 327.37 327.37 327.37 320.2342 319.27 319.27 319.27 319.57 319.57 319.57 333.2689 335.12 335.12 335.12 340.96 340.96 340.96 348.6684 349.71 349.71 349.71 359.1 359.1 359.1 359.1 364.62 364.62 364.62 365.15 365.15 365.15 365.15 361.72 361.72 361.72 365.89 365.89 365.89 374.2592 375.39 375.39 375.39 386.14 386.14 386.14 409.0097 412.1 412.1 412.1 452.78
346.85 346.85 348.0309 348.17 348.17 348.1245 349.01 349.01 349.01 353.7784 354.34 354.34 354.456 352.2 352.2 352.2 351.5438 351.55 351.55 351.55 347.6329 347.67 347.67 339.6989 338.76 338.76 338.76 329.8759 329.96 329.96 327.2761 327.3767 319.27 319.27 319.5729 319.57 319.57 333.4814 335.12 335.12 335.12 340.96 340.96 340.96 348.788 349.71 349.71 349.2012 359.1 359.1 359.1 364.0383 364.62 364.62 364.62 365.1551 365.15 365.15 365.3358 361.72 361.72 361.72 365.9299 365.89 365.89 374.3889 375.39 375.39 375.39 386.2428 386.14 386.14 409.3645 412.1 412.1 412.1 453.169
346.85 346.85 348.0309 348.17 348.17 348.1245 349.01 349.01 349.01 353.7784 354.34 354.34 354.456 352.2 352.2 352.2 351.5438 351.55 351.55 351.7602 347.67 347.67 347.67 339.6989 338.76 338.76 338.76 329.8759 329.96 329.96 327.2761 326.96 326.96 326.96 331.5333 331.49 331.49 339.5506 340.5 340.5 340.5 345.66 345.66 345.66 350.2763 350.82 350.82 350.6856 353.3 353.3 353.3 357.1558 357.61 357.61 357.4328 360.88 360.88 360.88 365.5947 366.15 366.15 361.6776 365.9299 365.89 365.89 374.3889 375.39 375.39 375.39 386.2428 386.14 386.14 409.3645 412.1 412.1 412.1 453.169
346.85 346.85 348.0309 348.17 348.17 348.1245 349.01 349.01 349.01 353.7784 354.34 354.34 354.456 352.2 352.2 352.2 351.5438 351.55 351.55 351.7602 347.67 347.67 347.67 338.6748 338.76 338.76 338.76 329.8759 329.96 329.96 327.2761 326.96 326.96 326.96 331.5333 331.49 331.49 339.5506 340.5 340.5 340.5 345.66 345.66 345.66 350.2763 350.82 350.82 350.6856 353.3 353.3 353.3 357.1558 357.61 357.61 357.4328 360.88 360.88 360.88 365.5947 366.15 366.15 365.6027 376.25 376.25 376.25 384.1495 385.08 385.08 385.08 396.9222 396.81 396.81 425.9121 429.34 429.34 429.34 452.1258
346.85 346.85 348.0309 348.17 348.17 348.1245 349.01 349.01 349.01 353.7784 354.34 354.34 354.456 352.2 352.2 352.2 351.5438 351.55 351.55 351.7602 347.67 347.67 347.67 338.6748 338.76 338.76 339.2368 329.96 329.96 329.96 327.2761 326.96 326.96 326.96 331.5333 331.49 331.49 339.5506 340.5 340.5 340.5 345.66 345.66 345.66 350.2763 350.82 350.82 350.6856 353.3 353.3 353.3 357.1558 357.61 357.61 357.4328 360.88 360.88 360.88 365.5947 366.15 366.15 365.6027 376.25 376.25 376.25 385.1644 385.08 385.08 385.08 396.9222 396.81 396.81 425.9121 429.34 429.34 429.34 452.1258
388.38 388.38 370.7469 368.67 368.67 369.175 359.35 359.35 359.9103 353.7784 354.34 354.34 354.456 352.2 352.2 352.2 351.5438 351.55 351.55 351.7602 347.67 347.67 347.67 338.6748 338.76 338.76 339.2368 329.96 329.96 329.96 326.9313 326.96 326.96 326.96 331.5333 331.49 331.49 339.5506 340.5 340.5 340.5 345.66 345.66 345.66 350.2763 350.82 350.82 350.6856 353.3 353.3 353.3 357.1558 357.61 357.61 357.4328 360.88 360.88 360.88 365.5947 366.15 366.15 365.6027 376.25 376.25 376.25 385.1644 385.08 385.08 385.08 396.9222 396.81 396.81 425.9121 429.34 429.34 429.34 452.1258
388.38 388.38 370.7469 368.67 368.67 369.175 359.35 359.35 359.35 360.9066 361.09 361.09 361.1973 359.11 359.11 359.11 356.0712 356.1 356.1 356.1574 355.04 355.04 355.04 341.8248 341.95 341.95 341.872 343.39 343.39 343.39 363.7933 363.6 363.6 363.0359 374.01 331.0834 331.49 339.5506 340.5 340.5 340.5 345.66 345.66 345.66 350.2763 350.82 350.82 350.6856 353.3 353.3 353.3 357.1558 357.61 357.61 357.4328 360.88 360.88 360.88 365.5947 366.15 366.15 365.6027 376.25 376.25 376.25 385.1644 385.08 385.08 384.4444 396.81 396.81 396.81 425.9121 429.34 429.34 429.34 452.1258
388.38 388.38 368.4815 368.67 368.67 360.3321 359.35 359.35 359.35 360.9066 361.09 361.09 361.1973 359.11 359.11 359.11 356.0712 356.1 356.1 356.1574 355.04 355.04 355.04 341.8248 341.95 341.95 341.872 343.39 343.39 343.39 363.7933 363.6 363.6 363.0359 374.01 374.01 374.01 371.0116 371.04 371.04 371.04 377.2 377.2 377.2 387.7655 389.01 389.01 389.4235 381.38 381.38 381.38 379.4118 379.18 379.18 379.174 379.29 379.29 379.29 378.3954 378.29 378.29 378.0169 383.33 383.33 383.33 400.8762 400.71 400.71 398.3517 444.23 444.23 444.23 540.9057 539.99 539.99 544.7628 451.91
388.38 388.38 368.4815 368.67 368.67 360.3321 359.35 359.35 359.35 361.1066 361.09 361.09 361.1973 359.11 359.11 359.11 356.0712 356.1 356.1 356.1574 355.04 355.04 355.04 341.8248 341.95 341.95 341.872 343.39 343.39 343.39 363.7933 363.6 363.6 363.0359 374.01 374.01 374.01 371.0116 371.04 371.04 370.7062 377.2 377.2 377.2 387.7655 389.01 389.01 389.4235 381.38 381.38 381.38 379.4118 379.18 379.18 379.174 379.29 379.29 379.29 378.3954 378.29 378.29 378.0169 383.33 383.33 383.33 400.8762 400.71 400.71 398.3517 444.23 444.23 444.23 540.9057 539.99 539.99 537.9455 577.72
388.38 388.38 368.4815 368.67 368.67 360.3321 359.35 359.35 359.35 361.1066 361.09 361.09 359.3186 359.11 359.11 359.11 356.0712 356.1 356.1 356.1574 355.04 355.04 355.04 341.8248 341.95 341.95 341.872 343.39 343.39 343.39 363.7933 363.6 363.6 363.0359 374.01 374.01 374.01 371.0116 371.04 371.04 370.7062 377.2 377.2 377.2 389.123 389.01 389.01 389.4235 381.38 381.38 381.38 379.4118 379.18 379.18 379.174 379.29 379.29 379.29 378.3954 378.29 378.29 378.0169 383.33 383.33 383.33 400.8762 400.71 400.71 398.3517 444.23 444.23 444.23 540.9057 539.99 539.99 537.9455 577.72
427.36 427.36 414.589 414.71 414.71 406.9983 406.09 406.09 406.09 401.4359 401.48 401.48 389.8946 388.53 388.53 388.53 371.37 371.37 371.37 371.7466 354.9503 355.04 355.04 341.8248 341.95 341.95 341.872 343.39 343.39 343.39 363.7933 363.6 363.6 363.0359 374.01 374.01 374.01 371.0116 371.04 371.04 370.7062 377.2 377.2 377.2 389.123 389.01 389.01 382.184 381.38 381.38 381.38 379.4118 379.18 379.18 379.174 379.29 379.29 379.29 378.3954 378.29 378.29 378.0169 383.33 383.33 383.33 400.8762 400.71 400.71 398.3517 444.23 444.23 444.23 540.9057 539.99 539.99 537.9455 577.72
427.36 427.36 414.589 414.71 414.71 406.9983 406.09 406.09 406.09 401.4359 401.48 401.48 389.8946 388.53 388.53 388.53 371.37 371.37 371.37 365.1524 364.42 364.42 364.42 361.6033 361.63 361.63 361.125 370.95 370.95 370.95 403.7406 403.43 403.43 403.2078 407.53 407.53 407.53 401.7755 401.83 401.83 401.3732 410.26 410.26 410.26 425.6356 425.49 425.49 428.6212 380.9247 381.38 381.38 379.159 379.18 379.18 379.174 379.29 379.29 379.29 378.3954 378.29 378.29 378.0169 383.33 383.33 383.33 400.8762 400.71 400.71 398.3517 444.23 444.23 444.23 540.9057 539.99 539.99 537.9455 577.72
427.36 427.36 414.589 414.71 414.71 406.9983 406.09 406.09 406.09 401.4359 401.48 401.48 389.8946 388.53 388.53 388.53 371.37 371.37 371.37 365.1524 364.42 364.42 364.5712 361.63 361.63 361.63 361.125 370.95 370.95 370.95 403.7406 403.43 403.43 403.2078 407.53 407.53 407.53 401.7755 401.83 401.83 401.3732 410.26 410.26 410.26 425.6356 425.49 425.49 428.6212 428.99 428.99 428.99 428.0915 428.1 428.1 426.1855 425.96 425.96 425.96 418.7493 417.9 417.9 418.3064 410.4 410.4 410.4 433.0142 432.8 432.8 430.4661 475.87 475.87 475.87 618.5414 617.19 617.19 607.0228 804.82
427.36 427.36 414.589 414.71 414.71 406.9983 406.09 406.09 406.09 401.4359 401.48 401.48 389.8946 388.53 388.53 388.53 371.37 371.37 371.37 365.1524 364.42 364.42 364.5712 361.63 361.63 361.63 369.9679 370.95 370.95 370.95 403.7406 403.43 403.43 403.2078 407.53 407.53 407.53 401.7755 401.83 401.83 401.3732 410.26 410.26 410.26 425.6356 425.49 425.49 428.6212 428.99 428.99 428.99 428.0915 428.1 428.1 426.1855 425.96 425.96 425.96 417.8229 417.9 417.9 418.3064 410.4 410.4 410.4 433.0142 432.8 432.8 430.4661 475.87 475.87 475.87 618.5414 617.19 617.19 607.0228 804.82
410.36 410.36 432.2978 432.09 432.09 460.8433 405.534 406.09 406.09 401.4359 401.48 401.48 389.8946 388.53 388.53 388.53 371.37 371.37 371.37 365.1524 364.42 364.42 364.5712 361.63 361.63 361.63 369.9679 370.95 370.95 369.19 403.43 403.43 403.43 403.2078 407.53 407.53 407.53 401.7755 401.83 401.83 401.3732 410.26 410.26 410.26 425.6356 425.49 425.49 428.6212 428.99 428.99 428.99 428.0915 428.1 428.1 426.1855 425.96 425.96 425.96 417.8229 417.9 417.9 411.1903 410.4 410.4 410.4 433.0142 432.8 432.8 430.4661 475.87 475.87 475.87 618.5414 617.19 617.19 607.0228 804.82
410.36 409.1825 432.09 432.09 432.09 460.8433 464.23 464.23 464.23 455.1137 455.2 455.2 409.4489 404.06 404.06 404.06 375.24 375.24 375.24 376.3135 376.44 376.44 376.0791 383.1 383.1 383.1 399.7043 401.66 401.66 399.3386 444.5 444.5 407.7578 407.098 407.53 407.53 407.53 401.7755 401.83 401.83 401.3732 410.26 410.26 410.26 425.6356 425.49 425.49 428.6212 428.99 428.99 428.99 428.0915 428.1 428.1 426.1855 425.96 425.96 425.96 417.8229 417.9 417.9 411.1903 410.4 410.4 410.4 432.8 432.8 432.8 430.4661 475.87 475.87 475.87 618.5414 617.19 617.19 607.0228 804.82
410.36 409.1825 432.09 432.09 432.09 464.5374 464.23 464.23 464.23 455.1137 455.2 455.2 409.4489 404.06 404.06 404.06 375.24 375.24 375.24 376.3135 376.44 376.44 376.0791 383.1 383.1 383.1 399.7043 401.66 401.66 399.3386 444.5 444.5 444.5 440.4295 439.95 439.95 439.9592 439.78 439.78 439.78 439.3855 447.06 447.06 447.06 449.4729 449.45 449.45 456.5623 457.4 457.4 457.4 475.875 475.7 475.7 469.4555 468.72 468.72 468.72 453.7078 453.85 453.85 458.2444 410.4 410.4 410.4 432.8 432.8 432.8 471.3315 475.87 475.87 475.87 618.5414 617.19 617.19 607.0228 804.82
410.36 409.1825 432.09 432.09 432.09 464.5374 464.23 464.23 464.7193 455.2 455.2 455.2 409.4489 404.06 404.06 404.06 375.24 375.24 375.24 376.3135 376.44 376.44 376.0791 383.1 383.1 383.1 399.7043 401.66 401.66 399.3386 444.5 444.5 444.5 440.4295 439.95 439.95 439.9592 439.78 439.78 439.78 446.2929 447.06 447.06 447.06 449.4729 449.45 449.45 456.5623 457.4 457.4 457.4 475.875 475.7 475.7 469.4555 468.72 468.72 468.72 453.7078 453.85 453.85 455.7734 456 456 456 467.7 467.7 467.7 492.1948 495.08 495.08 490.5114 579.39 579.39 579.39 573.4234 689.5
410.36 409.1825 432.09 432.09 432.09 464.5374 464.23 464.23 464.7193 455.2 455.2 455.2 403.571 404.06 404.06 404.06 375.24 375.24 375.24 376.3135 376.44 376.44 376.0791 383.1 383.1 383.1 399.7043 401.66 401.66 399.3386 444.5 444.5 444.5 440.4295 439.95 439.95 439.9592 439.78 439.78 439.78 446.2929 447.06 447.06 446.9305 449.45 449.45 449.45 456.5623 457.4 457.4 457.4 475.875 475.7 475.7 469.4555 468.72 468.72 468.72 453.7078 453.85 453.85 455.7734 456 456 456 467.7 467.7 467.7 492.1948 495.08 495.08 490.5114 579.39 579.39 579.39 573.4234 689.5
399.58 399.3307 404.18 404.18 404.18 434.9616 434.67 434.67 434.8694 430.99 430.99 430.99 400.7031 400.99 400.99 402.3057 376.71 375.3949 375.24 376.3135 376.44 376.44 376.0791 383.1 383.1 383.1 399.7043 401.66 401.66 399.3386 444.5 444.5 444.5 440.4295 439.95 439.95 439.9592 439.78 439.78 439.78 446.2929 447.06 447.06 446.9305 449.45 449.45 449.45 457.476 457.4 457.4 457.4 475.875 475.7 475.7 469.4555 468.72 468.72 468.72 453.7078 453.85 453.85 455.7734 456 456 456 467.7 467.7 467.7 492.1948 495.08 495.08 490.5114 579.39 579.39 579.39 677.8972 689.5
399.58 399.3307 404.18 404.18 404.18 434.9616 434.67 434.67 434.8694 430.99 430.99 430.99 400.7031 400.99 400.99 402.3057 376.71 376.71 376.71 388.2897 388.18 388.18 387.6522 397.92 397.92 397.92 419.4089 421.94 421.94 420.0201 457.37 457.37 457.37 467.193 468.35 468.35 468.356 468.24 468.24 468.24 481.9814 483.6 483.6 483.4402 486.55 453.3594 449.45 457.476 457.4 457.4 457.4 475.875 475.7 475.7 469.4555 468.72 468.72 468.72 453.7078 453.85 453.85 455.7734 456 456 456 467.7 467.7 467.7 492.1948 495.08 495.08 490.5114 579.39 579.39 579.39 677.8972 689.5
399.58 399.3307 404.18 404.18 404.18 434.9616 434.67 434.67 434.8694 430.99 430.99 430.99 400.7031 400.99 400.99 402.3057 376.71 376.71 376.71 388.2897 388.18 388.18 396.8936 397.92 397.92 397.92 419.4089 421.94 421.94 420.0201 457.37 457.37 457.37 467.193 468.35 468.35 468.356 468.24 468.24 468.24 481.9814 483.6 483.6 483.4402 486.55 486.55 486.55 488.9528 488.93 488.93 488.4591 497.62 497.62 497.62 487.3228 486.11 486.11 486.11 488.9872 488.96 488.96 506.8346 508.94 508.94 508.94 502.67 502.67 502.67 539.8506 544.23 544.23 536.9835 677.96 677.96 677.96 830.4041 856.9682
399.58 399.3307 404.18 404.18 404.18 434.9616 434.67 434.67 434.8694 430.99 430.99 430.99 400.7031 400.99 400.99 402.3057 376.71 376.71 376.71 388.2897 388.18 388.18 396.8936 397.92 397.92 397.92 422.1697 421.94 421.94 420.0201 457.37 457.37 457.37 467.193 468.35 468.35 468.356 468.24 468.24 468.24 481.9814 483.6 483.6 483.4402 486.55 486.55 486.55 488.9528 488.93 488.93 488.4591 497.62 497.62 497.62 485.9999 486.11 486.11 486.11 488.9872 488.96 488.96 506.8346 508.94 508.94 508.94 502.67 502.67 502.67 539.8506 544.23 544.23 536.9835 677.96 677.96 677.96 830.4041 848.36
399.58 403.6953 404.18 404.18 404.18 434.9616 434.67 434.67 434.8694 430.99 430.99 430.99 400.7031 400.99 400.99 402.3057 376.71 376.71 376.71 388.2897 388.18 388.18 396.8936 397.92 397.92 397.92 422.1697 421.94 421.94 453.6366 457.37 457.37 457.37 467.193 468.35 468.35 468.356 468.24 468.24 468.24 481.9814 483.6 483.6 483.4402 486.55 486.55 486.55 488.9528 488.93 488.93 488.4591 497.62 497.62 497.62 485.9999 486.11 486.11 485.9555 488.96 488.96 488.96 506.8346 508.94 508.94 508.94 502.67 502.67 502.67 539.8506 544.23 544.23 536.9835 677.96 677.96 677.96 830.4041 848.36
386.36 388.8381 389.13 389.13 387.7081 415.37 415.37 415.37 415.2757 417.11 417.11 417.11 389.4278 389.69 389.69 389.852 386.7 386.7 386.7 403.0751 403.7188 388.18 396.8936 397.92 397.92 397.92 422.1697 421.94 421.94 453.6366 457.37 457.37 457.37 467.193 468.35 468.35 468.356 468.24 468.24 468.24 481.9814 483.6 483.6 483.4402 486.55 486.55 486.55 488.9528 488.93 488.93 488.4591 497.62 497.62 497.62 485.9999 486.11 486.11 485.9555 488.96 488.96 488.96 509.1311 508.94 508.94 508.94 502.67 502.67 502.67 539.8506 544.23 544.23 536.9835 677.96 677.96 677.96 830.4041 848.36
386.36 388.8381 389.13 389.13 387.7081 415.37 415.37 415.37 416.9266 417.11 417.11 417.11 389.4278 389.69 389.69 389.852 386.7 386.7 386.7 403.0751 402.92 402.92 425.2946 427.93 427.93 427.93 444.8301 444.67 444.67 457.7763 459.32 459.32 459.32 486.033 485.78 485.78 499.9419 501.61 501.61 501.61 503.7392 503.99 503.99 503.1972 518.62 518.62 518.62 534.4297 534.28 534.28 534.5266 529.73 529.73 529.73 511.3358 511.51 511.51 510.7275 525.95 488.96 488.96 509.1311 508.94 508.94 508.94 502.67 502.67 502.67 539.8506 544.23 544.23 536.9835 677.96 677.96 677.96 830.4041 848.36
386.36 388.8381 389.13 389.13 387.7081 415.37 415.37 415.37 416.9266 417.11 417.11 418.5958 389.69 389.69 389.69 389.852 386.7 386.7 386.7 403.0751 402.92 402.92 425.2946 427.93 427.93 427.93 444.8301 444.67 444.67 457.7763 459.32 459.32 459.32 486.033 485.78 485.78 499.9419 501.61 501.61 501.61 503.7392 503.99 503.99 503.1972 518.62 518.62 518.62 534.4297 534.28 534.28 534.5266 529.73 529.73 529.73 511.3358 511.51 511.51 510.7275 525.95 525.95 525.95 548.2109 548 548 549.6608 517.35 517.35 517.35 518.3609 518.48 518.48 511.6014 645.42 645.42 645.42 840.5467 863.53
386.36 388.8381 389.13 389.13 387.7081 415.37 415.37 415.37 416.9266 417.11 417.11 418.5958 389.69 389.69 389.69 387.0151 386.7 386.7 386.7 403.0751 402.92 402.92 425.2946 427.93 427.93 427.93 444.8301 444.67 444.67 457.7763 459.32 459.32 459.32 486.033 485.78 485.78 499.9419 501.61 501.61 501.61 504.0128 503.99 503.99 503.1972 518.62 518.62 518.62 534.4297 534.28 534.28 534.5266 529.73 529.73 529.73 511.3358 511.51 511.51 510.7275 525.95 525.95 525.95 548.2109 548 548 549.6608 517.35 517.35 517.35 518.4908 518.48 518.48 511.6014 645.42 645.42 645.42 840.5467 863.53
383.4 392.713 393.81 393.81 391.8522 429.94 416.9053 415.37 416.9266 417.11 417.11 418.5958 389.69 389.69 389.69 387.0151 386.7 386.7 386.7 403.0751 402.92 402.92 425.2946 427.93 427.93 427.93 444.8301 444.67 444.67 457.7763 459.32 459.32 459.32 486.033 485.78 485.78 499.9419 501.61 501.61 501.61 504.0128 503.99 503.99 517.0784 518.62 518.62 518.62 534.4297 534.28 534.28 534.5266 529.73 529.73 529.73 511.3358 511.51 511.51 510.7275 525.95 525.95 525.95 548.2109 548 548 549.6608 517.35 517.35 517.35 518.4908 518.48 518.48 632.0437 645.42 645.42 645.42 840.5467 863.53
383.4 392.713 393.81 393.81 391.8522 429.94 429.94 429.94 445.2202 447.02 447.02 449.0103 410.29 410.29 410.29 406.5057 406.06 406.06 405.2185 421.59 421.59 421.59 457.536 461.77 461.77 461.77 490.5526 490.28 490.28 511.5811 514.09 514.09 514.09 485.5093 485.78 485.78 499.9419 501.61 501.61 501.61 504.0128 503.99 503.99 517.0784 518.62 518.62 518.62 534.28 534.28 534.28 534.5266 529.73 529.73 529.73 511.3358 511.51 511.51 510.7275 525.95 525.95 525.95 548.2109 548 548 549.6608 517.35 517.35 517.35 518.4908 518.48 518.48 632.0437 645.42 645.42 645.42 840.5467 863.53
383.4 392.713 393.81 393.81 391.8522 429.94 429.94 429.94 445.2202 447.02 447.02 449.0103 410.29 410.29 410.29 406.5057 406.06 406.06 405.2185 421.59 421.59 421.59 462.1542 461.77 461.77 461.77 490.5526 490.28 490.28 511.5811 514.09 514.09 514.09 532.1713 532 532 537.8777 538.57 538.57 538.57 556.1768 556.01 556.01 572.3279 574.25 574.25 574.25 570.13 570.13 570.13 570.8279 557.25 557.25 557.25 552.2224 552.27 552.27 551.8235 560.51 560.51 560.51 555.0583 555.4952 548 549.6608 517.35 517.35 517.35 518.4908 518.48 518.48 632.0437 645.42 645.42 645.42 865.6157 863.53
383.4 393.9095 393.81 393.81 391.8522 429.94 429.94 429.94 445.2202 447.02 447.02 449.0103 410.29 410.29 410.29 406.5057 406.06 406.06 405.2185 421.59 421.59 421.59 462.1542 461.77 461.77 460.2251 490.28 490.28 490.28 511.5811 514.09 514.09 514.09 532.1713 532 532 537.8777 538.57 538.57 538.57 556.1768 556.01 556.01 572.3279 574.25 574.25 574.25 570.13 570.13 570.13 558.6072 557.25 557.25 557.25 552.2224 552.27 552.27 551.8235 560.51 560.51 560.51 555.0583 555.11 555.11 556.8022 523.88 523.88 523.88 516.3991 516.47 516.47 637.4055 651.65 651.65 651.65 786.0531 784.78
383.4 393.9095 393.81 393.81 426.1328 429.94 429.94 429.94 445.2202 447.02 447.02 449.0103 410.29 410.29 410.29 406.5057 406.06 406.06 405.2185 421.59 421.59 421.59 462.1542 461.77 461.77 460.2251 490.28 490.28 490.28 514.3177 514.09 514.09 514.09 532.1713 532 532 537.8777 538.57 538.57 538.57 556.1768 556.01 556.01 572.3279 574.25 574.25 574.25 570.13 570.13 570.13 558.6072 557.25 557.25 557.5198 552.27 552.27 552.27 551.8235 560.51 560.51 560.51 555.0583 555.11 555.11 556.8022 523.88 523.88 523.88 516.3991 516.47 516.47 637.4055 651.65 651.65 651.65 786.0531 784.78
386.73 405.7199 405.54 405.54 427.9593 430.6 430.6 430.6 435.7351 436.34 436.34 438.2897 400.36 400.36 400.36 417.4831 419.5 419.5 405.0899 421.59 421.59 421.59 462.1542 461.77 461.77 460.2251 490.28 490.28 490.28 514.3177 514.09 514.09 514.09 532.1713 532 532 537.8777 538.57 538.57 538.57 556.1768 556.01 556.01 572.3279 574.25 574.25 574.25 570.13 570.13 570.13 558.6072 557.25 557.25 557.5198 552.27 552.27 552.27 559.6417 560.51 560.51 560.51 555.0583 555.11 555.11 556.8022 523.88 523.88 523.88 516.3991 516.47 516.47 637.4055 651.65 651.65 651.65 786.0531 784.78
