Model and model input files/precip_1985.asc
ncols         625
nrows         453
xllcorner     138621.56993419
yllcorner     4094031.9406744
cellsize      1000
NODATA_value  -9999
[rows 0 to 33 of 453, columns 77 to 153 of 625]
317.0834 317.0834 327.2409 328.6135 328.6135 328.5047 346.31 346.31 346.31 362.3083 364.47 364.47 364.47 371.02 371.02 371.02 369.1876 368.94 368.94 368.94 349.23 349.23 349.23 326.8976 323.88 323.88 323.88 313.25 313.25 313.25 306.1318 305.17 305.17 305.17 303.08 303.08 303.08 316.0918 317.85 317.85 317.85 324.56 324.56 324.56 330.2334 331 331 331 338.49 338.49 338.49 338.49 343.31 343.31 343.31 341.67 341.67 341.67 341.67 337.88 337.88 337.88 343.55 343.55 343.55 351.4522 352.52 352.52 352.52 363.51 363.51 363.51 383.085 385.73 385.73 385.73 423.01
342.77 342.77 341.3028 341.13 341.13 340.9084 345.22 345.22 345.22 352.0997 352.91 352.91 353.0428 350.46 350.46 350.46 350.7326 350.73 350.73 350.73 344.1678 344.23 344.23 331.4905 329.99 329.99 329.99 321.7217 321.8 321.8 313.7841 313.2556 305.17 305.17 303.06 303.08 303.08 316.2936 317.85 317.85 317.85 324.56 324.56 324.56 330.3214 331 331 330.5941 338.49 338.49 338.49 342.8021 343.31 343.31 343.31 341.6543 341.67 341.67 341.8754 337.88 337.88 337.88 343.6042 343.55 343.55 351.5748 352.52 352.52 352.52 363.6151 363.51 363.51 383.3886 385.73 385.73 385.73 423.3665
342.77 342.77 341.3028 341.13 341.13 340.9084 345.22 345.22 345.22 352.0997 352.91 352.91 353.0428 350.46 350.46 350.46 350.7326 350.73 350.73 351.0822 344.23 344.23 344.23 331.4905 329.99 329.99 329.99 321.7217 321.8 321.8 313.7841 312.84 312.84 312.84 312.5371 312.54 312.54 323.7586 325.08 325.08 325.08 328.55 328.55 328.55 330.9923 331.28 331.28 331.1673 333.36 333.36 333.36 335.9276 336.23 336.23 336.2365 336.11 336.11 336.11 340.27 340.76 340.76 337.8525 343.6042 343.55 343.55 351.5748 352.52 352.52 352.52 363.6151 363.51 363.51 383.3886 385.73 385.73 385.73 423.3665
342.77 342.77 341.3028 341.13 341.13 340.9084 345.22 345.22 345.22 352.0997 352.91 352.91 353.0428 350.46 350.46 350.46 350.7326 350.73 350.73 351.0822 344.23 344.23 344.23 329.8538 329.99 329.99 329.99 321.7217 321.8 321.8 313.7841 312.84 312.84 312.84 312.5371 312.54 312.54 323.7586 325.08 325.08 325.08 328.55 328.55 328.55 330.9923 331.28 331.28 331.1673 333.36 333.36 333.36 335.9276 336.23 336.23 336.2365 336.11 336.11 336.11 340.27 340.76 340.76 340.1921 351.24 351.24 351.24 358.7996 359.69 359.69 359.69 374.6214 374.48 374.48 398.787 401.65 401.65 401.65 424.4156
342.77 342.77 341.3028 341.13 341.13 340.9084 345.22 345.22 345.22 352.0997 352.91 352.91 353.0428 350.46 350.46 350.46 350.7326 350.73 350.73 351.0822 344.23 344.23 344.23 329.8538 329.99 329.99 330.4338 321.8 321.8 321.8 313.7841 312.84 312.84 312.84 312.5371 312.54 312.54 323.7586 325.08 325.08 325.08 328.55 328.55 328.55 330.9923 331.28 331.28 331.1673 333.36 333.36 333.36 335.9276 336.23 336.23 336.2365 336.11 336.11 336.11 340.27 340.76 340.76 340.1921 351.24 351.24 351.24 359.7708 359.69 359.69 359.69 374.6214 374.48 374.48 398.787 401.65 401.65 401.65 424.4156
377.11 377.11 363.0554 361.4 361.4 361.6774 356.28 356.28 356.8793 352.0997 352.91 352.91 353.0428 350.46 350.46 350.46 350.7326 350.73 350.73 351.0822 344.23 344.23 344.23 329.8538 329.99 329.99 330.4338 321.8 321.8 321.8 312.7543 312.84 312.84 312.84 312.5371 312.54 312.54 323.7586 325.08 325.08 325.08 328.55 328.55 328.55 330.9923 331.28 331.28 331.1673 333.36 333.36 333.36 335.9276 336.23 336.23 336.2365 336.11 336.11 336.11 340.27 340.76 340.76 340.1921 351.24 351.24 351.24 359.7708 359.69 359.69 359.69 374.6214 374.48 374.48 398.787 401.65 401.65 401.65 424.4156
377.11 377.11 363.0554 361.4 361.4 361.6774 356.28 356.28 356.28 358.776 359.07 359.07 359.2136 356.42 356.42 356.42 353.6033 353.63 353.63 353.8316 349.91 349.91 349.91 332.6263 332.79 332.79 332.9688 329.49 329.49 329.49 341.0495 340.94 340.94 340.6111 347.01 312.2104 312.54 323.7586 325.08 325.08 325.08 328.55 328.55 328.55 330.9923 331.28 331.28 331.1673 333.36 333.36 333.36 335.9276 336.23 336.23 336.2365 336.11 336.11 336.11 340.27 340.76 340.76 340.1921 351.24 351.24 351.24 359.7708 359.69 359.69 358.8886 374.48 374.48 374.48 398.787 401.65 401.65 401.65 424.4156
377.11 377.11 361.2498 361.4 361.4 356.8195 356.28 356.28 356.28 358.776 359.07 359.07 359.2136 356.42 356.42 356.42 353.6033 353.63 353.63 353.8316 349.91 349.91 349.91 332.6263 332.79 332.79 332.9688 329.49 329.49 329.49 341.0495 340.94 340.94 340.6111 347.01 347.01 347.01 346.6971 346.7 346.7 346.7 350.48 350.48 350.48 356.9481 357.71 357.71 358.0059 352.25 352.25 352.25 350.3445 350.12 350.12 350.1341 349.86 349.86 349.86 350.191 350.23 350.23 349.9965 354.54 354.54 354.54 370.5819 370.43 370.43 368.3497 408.82 408.82 408.82 506.7879 505.86 505.86 510.2849 424.2
377.11 377.11 361.2498 361.4 361.4 356.8195 356.28 356.28 356.28 359.0967 359.07 359.07 359.2136 356.42 356.42 356.42 353.6033 353.63 353.63 353.8316 349.91 349.91 349.91 332.6263 332.79 332.79 332.9688 329.49 329.49 329.49 341.0495 340.94 340.94 340.6111 347.01 347.01 347.01 346.6971 346.7 346.7 346.4952 350.48 350.48 350.48 356.9481 357.71 357.71 358.0059 352.25 352.25 352.25 350.3445 350.12 350.12 350.1341 349.86 349.86 349.86 350.191 350.23 350.23 349.9965 354.54 354.54 354.54 370.5819 370.43 370.43 368.3497 408.82 408.82 408.82 506.7879 505.86 505.86 504.385 533.08
377.11 377.11 361.2498 361.4 361.4 356.8195 356.28 356.28 356.28 359.0967 359.07 359.07 356.6992 356.42 356.42 356.42 353.6033 353.63 353.63 353.8316 349.91 349.91 349.91 332.6263 332.79 332.79 332.9688 329.49 329.49 329.49 341.0495 340.94 340.94 340.6111 347.01 347.01 347.01 346.6971 346.7 346.7 346.4952 350.48 350.48 350.48 357.7791 357.71 357.71 358.0059 352.25 352.25 352.25 350.3445 350.12 350.12 350.1341 349.86 349.86 349.86 350.191 350.23 350.23 349.9965 354.54 354.54 354.54 370.5819 370.43 370.43 368.3497 408.82 408.82 408.82 506.7879 505.86 505.86 504.385 533.08
412.69 412.69 406.1278 406.19 406.19 403.9713 403.71 403.71 403.71 398.7127 398.76 398.76 386.6199 385.19 385.19 385.19 363.95 363.95 363.95 364.5872 349.8882 349.91 349.91 332.6263 332.79 332.79 332.9688 329.49 329.49 329.49 341.0495 340.94 340.94 340.6111 347.01 347.01 347.01 346.6971 346.7 346.7 346.4952 350.48 350.48 350.48 357.7791 357.71 357.71 352.8253 352.25 352.25 352.25 350.3445 350.12 350.12 350.1341 349.86 349.86 349.86 350.191 350.23 350.23 349.9965 354.54 354.54 354.54 370.5819 370.43 370.43 368.3497 408.82 408.82 408.82 506.7879 505.86 505.86 504.385 533.08
412.69 412.69 406.1278 406.19 406.19 403.9713 403.71 403.71 403.71 398.7127 398.76 398.76 386.6199 385.19 385.19 385.19 363.95 363.95 363.95 353.4292 352.19 352.19 352.19 342.5386 342.63 342.63 342.0285 353.73 353.73 353.73 376.7581 376.54 376.54 376.45 378.2 378.2 378.2 374.1415 374.18 374.18 373.7541 382.04 382.04 382.04 391.1664 391.08 391.08 391.3931 351.8753 352.25 352.25 350.0996 350.12 350.12 350.1341 349.86 349.86 349.86 350.191 350.23 350.23 349.9965 354.54 354.54 354.54 370.5819 370.43 370.43 368.3497 408.82 408.82 408.82 506.7879 505.86 505.86 504.385 533.08
412.69 412.69 406.1278 406.19 406.19 403.9713 403.71 403.71 403.71 398.7127 398.76 398.76 386.6199 385.19 385.19 385.19 363.95 363.95 363.95 353.4292 352.19 352.19 352.708 342.63 342.63 342.63 342.0285 353.73 353.73 353.73 376.7581 376.54 376.54 376.45 378.2 378.2 378.2 374.1415 374.18 374.18 373.7541 382.04 382.04 382.04 391.1664 391.08 391.08 391.3931 391.43 391.43 391.43 389.2393 389.26 389.26 385.9052 385.51 385.51 385.51 379.7128 379.03 379.03 379.1796 376.27 376.27 376.27 399.6212 399.4 399.4 396.9708 444.23 444.23 444.23 581.4699 580.17 580.17 570.5496 757.71
412.69 412.69 406.1278 406.19 406.19 403.9713 403.71 403.71 403.71 398.7127 398.76 398.76 386.6199 385.19 385.19 385.19 363.95 363.95 363.95 353.4292 352.19 352.19 352.708 342.63 342.63 342.63 352.5603 353.73 353.73 353.73 376.7581 376.54 376.54 376.45 378.2 378.2 378.2 374.1415 374.18 374.18 373.7541 382.04 382.04 382.04 391.1664 391.08 391.08 391.3931 391.43 391.43 391.43 389.2393 389.26 389.26 385.9052 385.51 385.51 385.51 378.968 379.03 379.03 379.1796 376.27 376.27 376.27 399.6212 399.4 399.4 396.9708 444.23 444.23 444.23 581.4699 580.17 580.17 570.5496 757.71
401.7 401.7 427.0905 426.85 426.85 463.968 403.092 403.71 403.71 398.7127 398.76 398.76 386.6199 385.19 385.19 385.19 363.95 363.95 363.95 353.4292 352.19 352.19 352.708 342.63 342.63 342.63 352.5603 353.73 353.73 352.494 376.54 376.54 376.54 376.45 378.2 378.2 378.2 374.1415 374.18 374.18 373.7541 382.04 382.04 382.04 391.1664 391.08 391.08 391.3931 391.43 391.43 391.43 389.2393 389.26 389.26 385.9052 385.51 385.51 385.51 378.968 379.03 379.03 376.5608 376.27 376.27 376.27 399.6212 399.4 399.4 396.9708 444.23 444.23 444.23 581.4699 580.17 580.17 570.5496 757.71
401.7 400.3372 426.85 426.85 426.85 463.968 468.34 468.34 468.34 454.6503 454.78 454.78 406.8818 401.24 401.24 401.24 366.27 366.27 366.27 359.3009 358.48 358.48 358.2882 362.02 362.02 362.02 379.3041 381.34 381.34 379.8233 409.33 409.33 379.9952 378.0251 378.2 378.2 378.2 374.1415 374.18 374.18 373.7541 382.04 382.04 382.04 391.1664 391.08 391.08 391.3931 391.43 391.43 391.43 389.2393 389.26 389.26 385.9052 385.51 385.51 385.51 378.968 379.03 379.03 376.5608 376.27 376.27 376.27 399.4 399.4 399.4 396.9708 444.23 444.23 444.23 581.4699 580.17 580.17 570.5496 757.71
401.7 400.3372 426.85 426.85 426.85 468.7368 468.34 468.34 468.34 454.6503 454.78 454.78 406.8818 401.24 401.24 401.24 366.27 366.27 366.27 359.3009 358.48 358.48 358.2882 362.02 362.02 362.02 379.3041 381.34 381.34 379.8233 409.33 409.33 409.33 405.9304 405.53 405.53 405.5186 405.74 405.74 405.74 405.2675 414.46 414.46 414.46 415.5907 415.58 415.58 419.1764 419.6 419.6 419.6 428.1611 428.08 428.08 424.1079 423.64 423.64 423.64 414.8366 414.92 414.92 419.6805 376.27 376.27 376.27 399.4 399.4 399.4 439.506 444.23 444.23 444.23 581.4699 580.17 580.17 570.5496 757.71
401.7 400.3372 426.85 426.85 426.85 468.7368 468.34 468.34 469.0748 454.78 454.78 454.78 406.8818 401.24 401.24 401.24 366.27 366.27 366.27 359.3009 358.48 358.48 358.2882 362.02 362.02 362.02 379.3041 381.34 381.34 379.8233 409.33 409.33 409.33 405.9304 405.53 405.53 405.5186 405.74 405.74 405.74 413.5411 414.46 414.46 414.46 415.5907 415.58 415.58 419.1764 419.6 419.6 419.6 428.1611 428.08 428.08 424.1079 423.64 423.64 423.64 414.8366 414.92 414.92 417.4339 417.73 417.73 417.73 427.71 427.71 427.71 465.991 470.5 470.5 466.2685 548.59 548.59 548.59 542.9177 653.27
401.7 400.3372 426.85 426.85 426.85 468.7368 468.34 468.34 469.0748 454.78 454.78 454.78 400.728 401.24 401.24 401.24 366.27 366.27 366.27 359.3009 358.48 358.48 358.2882 362.02 362.02 362.02 379.3041 381.34 381.34 379.8233 409.33 409.33 409.33 405.9304 405.53 405.53 405.5186 405.74 405.74 405.74 413.5411 414.46 414.46 414.3993 415.58 415.58 415.58 419.1764 419.6 419.6 419.6 428.1611 428.08 428.08 424.1079 423.64 423.64 423.64 414.8366 414.92 414.92 417.4339 417.73 417.73 417.73 427.71 427.71 427.71 465.991 470.5 470.5 466.2685 548.59 548.59 548.59 542.9177 653.27
394.34 393.8929 402.59 402.59 402.59 432.8062 432.52 432.52 432.6647 429.85 429.85 429.85 395.1311 395.46 395.46 397.0553 366.02 366.2437 366.27 359.3009 358.48 358.48 358.2882 362.02 362.02 362.02 379.3041 381.34 381.34 379.8233 409.33 409.33 409.33 405.9304 405.53 405.53 405.5186 405.74 405.74 405.74 413.5411 414.46 414.46 414.3993 415.58 415.58 415.58 419.6385 419.6 419.6 419.6 428.1611 428.08 428.08 424.1079 423.64 423.64 423.64 414.8366 414.92 414.92 417.4339 417.73 417.73 417.73 427.71 427.71 427.71 465.991 470.5 470.5 466.2685 548.59 548.59 548.59 642.2394 653.27
394.34 393.8929 402.59 402.59 402.59 432.8062 432.52 432.52 432.6647 429.85 429.85 429.85 395.1311 395.46 395.46 397.0553 366.02 366.02 366.02 365.8988 365.9 365.9 365.3625 375.82 375.82 375.82 396.128 398.52 398.52 397.1685 423.46 423.46 423.46 430.1339 430.92 430.92 430.9303 430.73 430.73 430.73 441.6802 442.97 442.97 442.7543 446.95 418.8856 415.58 419.6385 419.6 419.6 419.6 428.1611 428.08 428.08 424.1079 423.64 423.64 423.64 414.8366 414.92 414.92 417.4339 417.73 417.73 417.73 427.71 427.71 427.71 465.991 470.5 470.5 466.2685 548.59 548.59 548.59 642.2394 653.27
394.34 393.8929 402.59 402.59 402.59 432.8062 432.52 432.52 432.6647 429.85 429.85 429.85 395.1311 395.46 395.46 397.0553 366.02 366.02 366.02 365.8988 365.9 365.9 374.7747 375.82 375.82 375.82 396.128 398.52 398.52 397.1685 423.46 423.46 423.46 430.1339 430.92 430.92 430.9303 430.73 430.73 430.73 441.6802 442.97 442.97 442.7543 446.95 446.95 446.95 450.9176 450.88 450.88 450.8036 452.29 452.29 452.29 445.9292 445.18 445.18 445.18 448.3904 448.36 448.36 462.5488 464.22 464.22 464.22 467.13 467.13 467.13 507.7281 512.51 512.51 505.639 639.31 639.31 639.31 791.8793 818.3347
394.34 393.8929 402.59 402.59 402.59 432.8062 432.52 432.52 432.6647 429.85 429.85 429.85 395.1311 395.46 395.46 397.0553 366.02 366.02 366.02 365.8988 365.9 365.9 374.7747 375.82 375.82 375.82 398.7371 398.52 398.52 397.1685 423.46 423.46 423.46 430.1339 430.92 430.92 430.9303 430.73 430.73 430.73 441.6802 442.97 442.97 442.7543 446.95 446.95 446.95 450.9176 450.88 450.88 450.8036 452.29 452.29 452.29 445.112 445.18 445.18 445.18 448.3904 448.36 448.36 462.5488 464.22 464.22 464.22 467.13 467.13 467.13 507.7281 512.51 512.51 505.639 639.31 639.31 639.31 791.8793 809.85
394.34 401.7206 402.59 402.59 402.59 432.8062 432.52 432.52 432.6647 429.85 429.85 429.85 395.1311 395.46 395.46 397.0553 366.02 366.02 366.02 365.8988 365.9 365.9 374.7747 375.82 375.82 375.82 398.7371 398.52 398.52 420.8319 423.46 423.46 423.46 430.1339 430.92 430.92 430.9303 430.73 430.73 430.73 441.6802 442.97 442.97 442.7543 446.95 446.95 446.95 450.9176 450.88 450.88 450.8036 452.29 452.29 452.29 445.112 445.18 445.18 445.0077 448.36 448.36 448.36 462.5488 464.22 464.22 464.22 467.13 467.13 467.13 507.7281 512.51 512.51 505.639 639.31 639.31 639.31 791.8793 809.85
381.21 384.6275 385.03 385.03 383.7311 409 409 409 409.0786 407.55 407.55 407.55 378.202 378.48 378.48 378.9672 369.49 369.49 369.49 379.2121 379.8364 365.9 374.7747 375.82 375.82 375.82 398.7371 398.52 398.52 420.8319 423.46 423.46 423.46 430.1339 430.92 430.92 430.9303 430.73 430.73 430.73 441.6802 442.97 442.97 442.7543 446.95 446.95 446.95 450.9176 450.88 450.88 450.8036 452.29 452.29 452.29 445.112 445.18 445.18 445.0077 448.36 448.36 448.36 464.3717 464.22 464.22 464.22 467.13 467.13 467.13 507.7281 512.51 512.51 505.639 639.31 639.31 639.31 791.8793 809.85
381.21 384.6275 385.03 385.03 383.7311 409 409 409 407.7028 407.55 407.55 407.55 378.202 378.48 378.48 378.9672 369.49 369.49 369.49 379.2121 379.12 379.12 399.6695 402.09 402.09 402.09 414.7499 414.63 414.63 428.5235 430.16 430.16 430.16 449.5234 449.34 449.34 460.7286 462.07 462.07 462.07 463.8145 464.02 464.02 463.2597 478.05 478.05 478.05 491.8003 491.67 491.67 492.259 480.8 480.8 480.8 467.6151 467.74 467.74 467.0041 481.32 448.36 448.36 464.3717 464.22 464.22 464.22 467.13 467.13 467.13 507.7281 512.51 512.51 505.639 639.31 639.31 639.31 791.8793 809.85
381.21 384.6275 385.03 385.03 383.7311 409 409 409 407.7028 407.55 407.55 409.1252 378.48 378.48 378.48 378.9672 369.49 369.49 369.49 379.2121 379.12 379.12 399.6695 402.09 402.09 402.09 414.7499 414.63 414.63 428.5235 430.16 430.16 430.16 449.5234 449.34 449.34 460.7286 462.07 462.07 462.07 463.8145 464.02 464.02 463.2597 478.05 478.05 478.05 491.8003 491.67 491.67 492.259 480.8 480.8 480.8 467.6151 467.74 467.74 467.0041 481.32 481.32 481.32 501.4305 501.24 501.24 501.9856 487.48 487.48 487.48 500.4252 501.95 501.95 495.9948 611.85 611.85 611.85 803.917 826.54
381.21 384.6275 385.03 385.03 383.7311 409 409 409 407.7028 407.55 407.55 409.1252 378.48 378.48 378.48 370.4373 369.49 369.49 369.49 379.2121 379.12 379.12 399.6695 402.09 402.09 402.09 414.7499 414.63 414.63 428.5235 430.16 430.16 430.16 449.5234 449.34 449.34 460.7286 462.07 462.07 462.07 464.0386 464.02 464.02 463.2597 478.05 478.05 478.05 491.8003 491.67 491.67 492.259 480.8 480.8 480.8 467.6151 467.74 467.74 467.0041 481.32 481.32 481.32 501.4305 501.24 501.24 501.9856 487.48 487.48 487.48 502.0884 501.95 501.95 495.9948 611.85 611.85 611.85 803.917 826.54
376.89 384.6911 385.61 385.61 383.8001 419.01 410.0548 409 407.7028 407.55 407.55 409.1252 378.48 378.48 378.48 370.4373 369.49 369.49 369.49 379.2121 379.12 379.12 399.6695 402.09 402.09 402.09 414.7499 414.63 414.63 428.5235 430.16 430.16 430.16 449.5234 449.34 449.34 460.7286 462.07 462.07 462.07 464.0386 464.02 464.02 476.5716 478.05 478.05 478.05 491.8003 491.67 491.67 492.259 480.8 480.8 480.8 467.6151 467.74 467.74 467.0041 481.32 481.32 481.32 501.4305 501.24 501.24 501.9856 487.48 487.48 487.48 502.0884 501.95 501.95 600.2693 611.85 611.85 611.85 803.917 826.54
376.89 384.6911 385.61 385.61 383.8001 419.01 419.01 419.01 425.4871 426.25 426.25 428.1926 390.4 390.4 390.4 381.409 380.35 380.35 379.3665 398.5 398.5 398.5 429.0067 432.6 432.6 432.6 455.2041 454.99 454.99 472.8378 474.94 474.94 474.94 449.0952 449.34 449.34 460.7286 462.07 462.07 462.07 464.0386 464.02 464.02 476.5716 478.05 478.05 478.05 491.67 491.67 491.67 492.259 480.8 480.8 480.8 467.6151 467.74 467.74 467.0041 481.32 481.32 481.32 501.4305 501.24 501.24 501.9856 487.48 487.48 487.48 502.0884 501.95 501.95 600.2693 611.85 611.85 611.85 803.917 826.54
376.89 384.6911 385.61 385.61 383.8001 419.01 419.01 419.01 425.4871 426.25 426.25 428.1926 390.4 390.4 390.4 381.409 380.35 380.35 379.3665 398.5 398.5 398.5 432.9261 432.6 432.6 432.6 455.2041 454.99 454.99 472.8378 474.94 474.94 474.94 490.2753 490.13 490.13 494.9163 495.48 495.48 495.48 509.6946 509.56 509.56 527.032 529.09 529.09 529.09 526.64 526.64 526.64 527.4442 511.8 511.8 511.8 505.4801 505.54 505.54 505.0783 514.06 514.06 514.06 512.9495 513.5951 501.24 501.9856 487.48 487.48 487.48 502.0884 501.95 501.95 600.2693 611.85 611.85 611.85 828.593 826.54
376.89 385.6934 385.61 385.61 383.8001 419.01 419.01 419.01 425.4871 426.25 426.25 428.1926 390.4 390.4 390.4 381.409 380.35 380.35 379.3665 398.5 398.5 398.5 432.9261 432.6 432.6 431.3867 454.99 454.99 454.99 472.8378 474.94 474.94 474.94 490.2753 490.13 490.13 494.9163 495.48 495.48 495.48 509.6946 509.56 509.56 527.032 529.09 529.09 529.09 526.64 526.64 526.64 513.3638 511.8 511.8 511.8 505.4801 505.54 505.54 505.0783 514.06 514.06 514.06 512.9495 512.96 512.96 514.0616 492.63 492.63 492.63 507.7734 507.63 507.63 616.0944 628.87 628.87 628.87 755.9234 754.72
376.89 385.6934 385.61 385.61 415.4905 419.01 419.01 419.01 425.4871 426.25 426.25 428.1926 390.4 390.4 390.4 381.409 380.35 380.35 379.3665 398.5 398.5 398.5 432.9261 432.6 432.6 431.3867 454.99 454.99 454.99 475.1308 474.94 474.94 474.94 490.2753 490.13 490.13 494.9163 495.48 495.48 495.48 509.6946 509.56 509.56 527.032 529.09 529.09 529.09 526.64 526.64 526.64 513.3638 511.8 511.8 512.1392 505.54 505.54 505.54 505.0783 514.06 514.06 514.06 512.9495 512.96 512.96 514.0616 492.63 492.63 492.63 507.7734 507.63 507.63 616.0944 628.87 628.87 628.87 755.9234 754.72
378.61 392.8448 392.71 392.71 410.2625 412.33 412.33 412.33 413.8687 414.05 414.05 415.6588 384.36 384.36 384.36 395.6144 396.94 396.94 379.2079 398.5 398.5 398.5 432.9261 432.6 432.6 431.3867 454.99 454.99 454.99 475.1308 474.94 474.94 474.94 490.2753 490.13 490.13 494.9163 495.48 495.48 495.48 509.6946 509.56 509.56 527.032 529.09 529.09 529.09 526.64 526.64 526.64 513.3638 511.8 511.8 512.1392 505.54 505.54 505.54 513.1622 514.06 514.06 514.06 512.9495 512.96 512.96 514.0616 492.63 492.63 492.63 507.7734 507.63 507.63 616.0944 628.87 628.87 628.87 755.9234 754.72
