Model and model input files/precip_1989.asc
ncols         625
nrows         453
xllcorner     138621.56993419
yllcorner     4094031.9406744
cellsize      1000
NODATA_value  -9999
[rows 0 to 33 of 453, columns 154 to 230 of 625]
282.04 282.04 314.0541 318.38 318.38 318.38 358.39 358.39 358.39 397.9628 403.31 403.31 403.31 486.83 486.83 486.83 486.83 441.02 441.02 441.02 424.31 424.31 424.31 424.31 495.97 495.97 495.97 508.83 508.83 508.83 508.83 517.5 517.5 517.5 586.03 586.03 586.03 586.03 708.47 708.47 708.47 777.32 777.32 777.32 847.5942 857.09 857.09 857.09 780.25 780.25 780.25 730.2643 723.51 723.51 723.51 765.58 765.58 765.58 767.1766 951.1 951.1 951.1 1122.39 1122.39 1122.39 1122.39 1022.99 1022.99 1022.99 -9999 -9999 -9999 -9999 -9999 -9999 -9999 -9999
282.04 282.04 314.5507 318.38 318.38 318.38 358.7726 358.39 358.39 398.5766 403.31 403.31 403.31 486.83 486.83 486.83 445.8472 441.02 441.02 441.02 424.1502 424.31 424.31 420.4269 495.97 495.97 495.97 508.953 508.83 508.83 508.3602 517.5 517.5 517.5 586.6854 586.03 586.03 579.3953 708.47 708.47 708.47 777.9784 777.32 777.32 848.6843 857.09 857.09 857.09 779.5152 780.25 780.25 729.489 723.51 723.51 723.51 765.9823 765.58 765.58 931.5508 951.1 951.1 951.1 1124.028 1122.39 1122.39 1127.776 1022.99 1022.99 1022.99 -9999 -9999 -9999 -9999 -9999 -9999 -9999 -9999
282.04 282.04 314.5507 318.38 318.38 318.38 358.7726 358.39 358.39 398.5766 403.31 403.31 403.31 486.83 486.83 486.83 445.8472 441.02 441.02 441.9255 424.31 424.31 424.31 420.4269 495.97 495.97 495.97 508.953 508.83 508.83 508.3602 517.5 517.5 517.5 586.6854 586.03 586.03 579.3953 708.47 708.47 708.47 777.9784 777.32 777.32 848.6843 857.09 857.09 857.09 779.5152 780.25 780.25 729.489 723.51 723.51 723.51 765.9823 765.58 765.58 931.5508 951.1 951.1 951.1 1122.39 1122.39 1122.39 1127.776 1022.99 1022.99 1022.99 -9999 -9999 -9999 -9999 -9999 -9999 -9999 -9999
288.08 288.08 315.5987 318.84 318.84 318.84 325.6041 325.54 325.54 336.5886 337.89 337.89 337.89 366.26 366.26 366.26 359.595 354.3553 441.02 441.9255 424.31 424.31 424.31 488.4188 495.97 495.97 495.97 508.953 508.83 508.83 508.3602 517.5 517.5 517.5 586.6854 586.03 586.03 579.3953 708.47 708.47 708.47 777.9784 777.32 777.32 848.6843 857.09 857.09 857.09 779.5152 780.25 780.25 729.489 723.51 723.51 723.51 765.9823 765.58 765.58 931.5508 951.1 951.1 951.1 1122.39 1122.39 1122.39 1033.464 1022.99 1022.99 1022.99 -9999 -9999 -9999 -9999 -9999 -9999 -9999 -9999
288.08 288.08 315.5987 318.84 318.84 318.84 325.6041 325.54 325.54 336.5886 337.89 337.89 337.89 366.26 366.26 366.26 359.595 358.81 358.81 357.2629 387.36 387.36 387.36 397.8629 399.1 399.1 398.7917 404.79 404.79 404.79 403.9447 420.39 420.39 420.39 416.4325 416.47 416.47 407.1161 589.09 589.09 589.09 838.2803 835.92 835.92 881.3938 886.75 886.75 886.75 864.0954 864.31 864.31 745.7185 731.75 731.75 731.75 739.5236 739.45 739.45 857.9116 951.1 951.1 951.1 1122.39 1122.39 1122.39 1033.464 1022.99 1022.99 1040.035 -9999 -9999 -9999 -9999 -9999 -9999 -9999 -9999
288.08 288.08 315.5987 318.84 318.84 318.84 325.6041 325.54 325.54 336.5886 337.89 337.89 337.89 366.26 366.26 366.26 359.595 358.81 358.81 357.2629 387.36 387.36 387.36 397.8629 399.1 399.1 398.7917 404.79 404.79 404.79 418.7462 420.39 420.39 420.39 416.4325 416.47 416.47 407.1161 589.09 589.09 589.09 838.2803 835.92 835.92 881.3938 886.75 886.75 886.75 864.0954 864.31 864.31 745.7185 731.75 731.75 731.75 739.5236 739.45 739.45 861.96 876.39 876.39 876.39 1045.15 1045.15 1045.15 999.6942 994.34 994.34 1007.152 -9999 -9999 -9999 -9999 -9999 -9999 -9999 -9999
288.08 288.08 315.5987 318.84 318.84 318.84 325.6041 325.54 325.54 336.5886 337.89 337.89 337.89 366.26 366.26 366.26 359.595 358.81 358.81 357.2629 387.36 387.36 387.36 397.8629 399.1 399.1 398.7917 404.79 404.79 404.79 418.7462 420.39 420.39 420.39 416.4325 416.47 416.47 407.1161 589.09 589.09 589.09 838.2803 835.92 835.92 881.3938 886.75 886.75 886.75 864.0954 864.31 864.31 745.7185 731.75 731.75 731.75 739.5236 739.45 739.45 861.96 876.39 876.39 876.39 1045.15 1045.15 1045.15 999.6942 994.34 994.34 1007.152 -9999 -9999 -9999 -9999 -9999 -9999 -9999 -9999
288.08 288.08 315.5987 318.84 318.84 318.84 325.6041 325.54 325.54 336.5886 337.89 337.89 337.89 366.26 366.26 366.26 359.595 358.81 358.81 357.2629 387.36 387.36 387.36 397.8629 399.1 399.1 398.7917 404.79 404.79 404.79 418.7462 420.39 420.39 420.6024 416.47 416.47 416.47 407.1161 589.09 589.09 589.09 838.2803 835.92 835.92 881.3938 886.75 886.75 886.75 864.0954 864.31 864.31 745.7185 731.75 731.75 731.75 739.5236 739.45 739.45 861.96 876.39 876.39 876.39 1045.15 1045.15 1045.15 999.6942 994.34 994.34 1007.152 -9999 -9999 -9999 -9999 -9999 -9999 -9999 -9999
383.56 383.56 368.9415 369.08 369.08 369.08 375.2383 375.18 375.18 447.1168 455.59 455.59 455.59 438.35 438.35 438.35 436.015 435.74 435.74 433.9269 469.2 469.2 469.2 434.256 430.14 430.14 428.1681 466.53 466.53 466.53 489.1729 491.84 491.84 493.3627 463.74 421.4511 416.47 570.9002 589.09 589.09 589.09 838.2803 835.92 835.92 881.3938 886.75 886.75 886.75 864.0954 864.31 864.31 745.7185 731.75 731.75 731.75 739.5236 739.45 739.45 861.96 876.39 876.39 876.39 1045.15 1045.15 1045.15 999.6942 994.34 994.34 1007.152 -9999 -9999 -9999 -9999 -9999 -9999 -9999 -9999
383.56 383.56 368.9415 369.08 369.08 369.08 375.2383 375.18 375.18 447.1168 455.59 455.59 455.59 438.35 438.35 438.35 436.015 435.74 435.74 433.9269 469.2 469.2 469.2 434.256 430.14 430.14 428.1681 466.53 466.53 466.53 489.1729 491.84 491.84 493.3627 463.74 463.74 463.74 517.3281 523.64 523.64 515.1169 680.93 680.93 680.93 717.3144 721.6 721.6 721.6 909.2474 907.47 907.47 926.4719 928.71 928.71 928.71 902.3201 902.57 902.57 1040.584 1056.84 1056.84 1056.84 1274.9 1274.9 1274.9 1068.054 1043.69 1043.69 1056.089 -9999 -9999 -9999 -9999 -9999 -9999 -9999 -9999
383.56 383.56 368.9415 369.08 369.08 368.7495 375.18 375.18 375.18 447.1168 455.59 455.59 455.59 438.35 438.35 438.35 436.015 435.74 435.74 433.9269 469.2 469.2 469.2 434.256 430.14 430.14 428.1681 466.53 466.53 466.53 489.1729 491.84 491.84 493.3627 463.74 463.74 463.74 517.3281 523.64 523.64 515.1169 680.93 680.93 680.93 721.9889 721.6 721.6 721.6 909.2474 907.47 907.47 926.4719 928.71 928.71 928.71 902.3201 902.57 902.57 1040.584 1056.84 1056.84 1056.84 1274.9 1274.9 1274.9 1068.054 1043.69 1043.69 1056.089 -9999 -9999 -9999 -9999 -9999 -9999 -9999 -9999
383.56 383.56 368.9415 369.08 369.08 368.7495 375.18 375.18 375.18 456.3589 455.59 455.59 455.59 438.35 438.35 438.35 436.015 435.74 435.74 433.9269 469.2 469.2 469.2 434.256 430.14 430.14 428.1681 466.53 466.53 466.53 489.1729 491.84 491.84 493.3627 463.74 463.74 463.74 517.3281 523.64 523.64 515.1169 680.93 680.93 680.93 721.9889 721.6 721.6 721.6 909.2474 907.47 907.47 926.4719 928.71 928.71 928.71 902.3201 902.57 902.57 1040.584 1056.84 1056.84 1056.84 1274.9 1274.9 1274.9 1068.054 1043.69 1043.69 1056.089 -9999 -9999 -9999 -9999 -9999 -9999 -9999 -9999
574.19 574.19 511.6823 369.08 369.08 368.7495 375.18 375.18 375.18 456.3589 455.59 455.59 456.5242 438.35 438.35 438.35 436.015 435.74 435.74 433.9269 469.2 469.2 469.2 434.256 430.14 430.14 428.1681 466.53 466.53 466.53 489.1729 491.84 491.84 493.3627 463.74 463.74 463.74 517.3281 523.64 523.64 515.1169 680.93 680.93 680.93 721.9889 721.6 721.6 711.5281 907.47 907.47 907.47 926.4719 928.71 928.71 928.71 902.3201 902.57 902.57 1040.584 1056.84 1056.84 1056.84 1274.9 1274.9 1274.9 1068.054 1043.69 1043.69 1056.089 -9999 -9999 -9999 -9999 -9999 -9999 -9999 -9999
574.19 574.19 504.3182 504.98 504.98 510.8101 397.39 397.39 397.39 481.85 481.05 481.05 479.7392 505.24 505.24 505.24 522.342 522.18 522.18 524.567 478.13 478.13 478.13 508.0999 511.63 511.63 511.2496 518.65 518.65 518.65 647.977 663.21 663.21 660.0829 720.92 720.92 720.92 584.8743 568.85 568.85 567.9321 585.79 585.79 585.79 692.6623 691.65 691.65 687.0435 776.66 776.66 776.66 990.4854 988.46 988.46 991.6978 902.3201 902.57 902.57 1040.584 1056.84 1056.84 1056.84 1274.9 1274.9 1274.9 1068.054 1043.69 1043.69 1056.089 -9999 -9999 -9999 -9999 -9999 -9999 -9999 -9999
574.19 574.19 504.3182 504.98 504.98 510.8101 397.39 397.39 397.39 481.85 481.05 481.05 479.7392 505.24 505.24 505.24 522.342 522.18 522.18 482.7718 478.13 478.13 478.13 508.0999 511.63 511.63 511.2496 518.65 518.65 518.65 647.977 663.21 663.21 660.0829 720.92 720.92 720.92 584.8743 568.85 568.85 567.9321 585.79 585.79 585.79 692.6623 691.65 691.65 687.0435 776.66 776.66 776.66 990.4854 988.46 988.46 984.2773 1065.65 1065.65 1065.65 1147.607 1157.26 1157.26 1157.26 1309.29 1309.29 1309.29 1287.971 1285.46 1285.46 1305.228 -9999 -9999 -9999 -9999 -9999 -9999 -9999 -9999
574.19 574.19 504.3182 504.98 504.98 510.8101 397.39 397.39 397.39 481.85 481.05 481.05 479.7392 505.24 505.24 505.24 522.342 522.18 522.18 482.7718 478.13 478.13 478.13 508.0999 511.63 511.63 511.2496 518.65 518.65 518.65 647.977 663.21 663.21 660.0829 720.92 720.92 720.92 584.8743 568.85 568.85 567.9321 585.79 585.79 585.79 692.6623 691.65 691.65 687.0435 776.66 776.66 776.66 990.4854 988.46 988.46 984.2773 1065.65 1065.65 1065.65 1147.607 1157.26 1157.26 1157.26 1309.29 1309.29 1309.29 1287.971 1285.46 1285.46 1305.228 -9999 -9999 -9999 -9999 -9999 -9999 -9999 -9999
574.19 574.19 504.3182 504.98 504.98 510.8101 397.39 397.39 397.39 481.85 481.05 481.05 479.7392 505.24 505.24 505.24 522.342 522.18 522.18 482.7718 478.13 478.13 478.13 511.9503 511.63 511.63 511.2496 518.65 518.65 518.65 647.977 663.21 663.21 660.0829 720.92 720.92 720.92 584.8743 568.85 568.85 567.9321 585.79 585.79 585.79 692.6623 691.65 691.65 687.0435 776.66 776.66 776.66 990.4854 988.46 988.46 984.2773 1065.65 1065.65 1065.65 1158.136 1157.26 1157.26 1157.26 1309.29 1309.29 1309.29 1287.971 1285.46 1285.46 1305.228 -9999 -9999 -9999 -9999 -9999 -9999 -9999 -9999
480.07 480.07 525.2984 524.87 524.87 523.9103 542.58 542.58 542.58 472.8899 473.55 473.55 472.0463 501.3 501.3 501.3 661.3561 659.84 659.84 482.7718 478.13 478.13 478.13 511.9503 511.63 511.63 517.9103 518.65 518.65 518.65 647.977 663.21 663.21 660.0829 720.92 720.92 720.92 584.8743 568.85 568.85 567.9321 585.79 585.79 585.79 692.6623 691.65 691.65 687.0435 776.66 776.66 776.66 990.4854 988.46 988.46 984.2773 1065.65 1065.65 1065.65 1158.136 1157.26 1157.26 1157.26 1309.29 1309.29 1309.29 1287.971 1285.46 1285.46 1305.228 -9999 -9999 -9999 -9999 -9999 -9999 -9999 -9999
480.07 480.07 525.2984 524.87 524.87 523.9103 542.58 542.58 542.58 472.8899 473.55 473.55 472.0463 501.3 501.3 501.3 661.3561 659.84 659.84 642.7885 640.78 640.78 640.78 625.0612 625.21 625.21 559.6608 551.94 551.94 551.94 617.1224 624.8 624.8 613.4065 835.06 835.06 835.06 698.2629 682.15 682.15 684.1284 645.64 645.64 645.64 722.5182 721.79 721.79 718.0418 790.96 790.96 790.96 1022.231 1020.04 1020.04 1014.926 1114.42 1114.42 1114.42 1320.583 1318.63 1174.264 1149.022 1309.29 1309.29 1309.29 1287.971 1285.46 1285.46 1305.228 -9999 -9999 -9999 -9999 -9999 -9999 -9999 -9999
480.07 480.07 525.2984 524.87 524.87 523.9103 542.58 542.58 542.58 472.8899 473.55 473.55 472.0463 501.3 501.3 501.3 661.3561 659.84 659.84 642.7885 640.78 640.78 640.78 625.0612 625.21 625.21 559.6608 551.94 551.94 551.94 625.4967 624.8 624.8 613.4065 835.06 835.06 835.06 698.2629 682.15 682.15 684.1284 645.64 645.64 645.64 722.5182 721.79 721.79 718.0418 790.96 790.96 790.96 1022.231 1020.04 1020.04 1014.926 1114.42 1114.42 1114.42 1320.583 1318.63 1318.63 1316.526 1357.45 1357.45 1357.45 1426.524 1425.87 1425.87 1442.962 -9999 -9999 -9999 -9999 -9999 -9999 -9999 -9999
480.07 477.6424 524.87 524.87 524.87 523.9103 542.58 542.58 542.58 472.8899 473.55 473.55 472.0463 501.3 501.3 501.3 661.3561 659.84 659.84 642.7885 640.78 640.78 640.78 625.0612 625.21 625.21 559.6608 551.94 551.94 551.94 625.4967 624.8 624.8 812.9039 835.06 835.06 835.06 698.2629 682.15 682.15 684.1284 645.64 645.64 645.64 722.5182 721.79 721.79 718.0418 790.96 790.96 790.96 1022.231 1020.04 1020.04 1014.926 1114.42 1114.42 1114.42 1320.583 1318.63 1318.63 1316.526 1357.45 1357.45 1357.45 1426.524 1425.87 1425.87 1442.962 -9999 -9999 -9999 -9999 -9999 -9999 -9999 -9999
480.07 477.6424 524.87 524.87 524.87 540.7138 542.58 542.58 542.58 472.8899 473.55 473.55 472.0463 501.3 501.3 501.3 661.3561 659.84 659.84 642.7885 640.78 640.78 640.78 625.0612 625.21 625.21 559.6608 551.94 551.94 551.94 625.4967 624.8 624.8 812.9039 835.06 835.06 835.06 680.6878 682.15 682.15 684.1284 645.64 645.64 645.64 722.5182 721.79 721.79 718.0418 790.96 790.96 790.96 1022.231 1020.04 1020.04 1014.926 1114.42 1114.42 1114.42 1320.583 1318.63 1318.63 1316.526 1357.45 1357.45 1357.45 1426.524 1425.87 1425.87 1143.678 -9999 -9999 -9999 -9999 -9999 -9999 -9999 -9999
611.98 602.7714 781.92 781.92 781.92 872.7334 883.43 883.43 883.43 691.5223 693.34 693.34 699.2936 583.47 583.47 583.47 620.0666 619.72 619.72 605.3792 603.69 603.69 603.69 632.6746 632.4 632.4 613.3534 611.11 611.11 611.11 685.5753 684.87 684.87 762.1477 771.25 771.25 828.336 680.6878 682.15 682.15 684.1284 645.64 645.64 645.64 722.5182 721.79 721.79 718.0418 790.96 790.96 790.96 1022.231 1020.04 1020.04 1014.926 1114.42 1114.42 1114.42 1320.583 1318.63 1318.63 1316.526 1357.45 1357.45 1357.45 1426.524 1425.87 1425.87 1143.678 -9999 -9999 -9999 -9999 -9999 -9999 -9999 -9999
611.98 602.7714 781.92 781.92 781.92 872.7334 883.43 883.43 893.7305 693.34 693.34 693.34 699.2936 583.47 583.47 583.47 620.0666 619.72 619.72 605.3792 603.69 603.69 603.69 632.6746 632.4 632.4 613.3534 611.11 611.11 611.11 685.5753 684.87 684.87 762.1477 771.25 771.25 771.25 643.4091 644.62 644.62 666.1357 668.67 668.67 668.67 729.6577 729.08 729.08 718.8337 918.17 918.17 918.17 1057.409 1056.09 1056.09 1067.078 853.31 853.31 853.31 1031.367 1029.68 1029.68 1007.555 1437.99 1437.99 1437.99 1524.5 1523.68 1523.68 1344.871 -9999 -9999 -9999 -9999 -9999 -9999 -9999 -9999
611.98 602.7714 781.92 781.92 781.92 872.7334 883.43 883.43 893.7305 693.34 693.34 693.34 595.0475 583.47 583.47 583.47 620.0666 619.72 619.72 605.3792 603.69 603.69 603.69 632.6746 632.4 632.4 613.3534 611.11 611.11 611.11 685.5753 684.87 684.87 762.1477 771.25 771.25 771.25 643.4091 644.62 644.62 666.1357 668.67 668.67 668.67 729.6577 729.08 729.08 718.8337 918.17 918.17 918.17 1057.409 1056.09 1056.09 1067.078 853.31 853.31 853.31 1031.367 1029.68 1029.68 1007.555 1437.99 1437.99 1437.99 1524.5 1523.68 1523.68 1344.871 -9999 -9999 -9999 -9999 -9999 -9999 -9999 -9999
611.98 602.7714 781.92 781.92 781.92 872.7334 883.43 883.43 893.7305 693.34 693.34 693.34 595.0475 583.47 583.47 581.5057 619.72 619.72 619.72 605.3792 603.69 603.69 603.69 632.6746 632.4 632.4 613.3534 611.11 611.11 611.11 685.5753 684.87 684.87 762.1477 771.25 771.25 771.25 643.4091 644.62 644.62 666.1357 668.67 668.67 668.67 729.08 729.08 729.08 718.8337 918.17 918.17 918.17 1057.409 1056.09 1056.09 1067.078 853.31 853.31 853.31 1031.367 1029.68 1029.68 1007.555 1437.99 1437.99 1437.99 1524.5 1523.68 1523.68 1344.871 -9999 -9999 -9999 -9999 -9999 -9999 -9999 -9999
626.82 604.3035 1042.35 1042.35 1042.35 1251.97 1276.66 1276.66 1288.657 1055.26 1055.26 1055.26 880.7097 860.15 860.15 610.6608 619.72 619.72 619.72 605.3792 603.69 603.69 603.69 632.6746 632.4 632.4 613.3534 611.11 611.11 611.11 685.5753 684.87 684.87 762.1477 771.25 771.25 771.25 643.4091 644.62 644.62 666.1357 668.67 668.67 668.67 729.08 729.08 729.08 898.2446 918.17 918.17 918.17 1057.409 1056.09 1056.09 1067.078 853.31 853.31 853.31 1031.367 1029.68 1029.68 1007.555 1437.99 1437.99 1437.99 1524.5 1523.68 1523.68 1344.871 -9999 -9999 -9999 -9999 -9999 -9999 -9999 -9999
626.82 604.3035 1042.35 1042.35 1042.35 1251.97 1276.66 1276.66 1288.657 1055.26 1055.26 1055.26 880.7097 860.15 860.15 857.5832 907.52 907.52 907.52 757.3879 758.81 758.81 758.81 741.8292 741.99 741.99 638.0435 625.8 625.8 625.8 823.3108 821.44 821.44 730.4477 719.73 719.73 719.73 552.7988 554.38 554.38 511.5811 506.54 506.54 506.54 519.38 519.38 519.38 602.5533 612.35 612.35 612.35 638.3867 638.14 638.14 635.6257 684.54 854.9239 853.31 1031.367 1029.68 1029.68 1007.555 1437.99 1437.99 1437.99 1524.5 1523.68 1523.68 1344.871 -9999 -9999 -9999 -9999 -9999 -9999 -9999 -9999
626.82 604.3035 1042.35 1042.35 1042.35 1251.97 1276.66 1276.66 1288.657 1055.26 1055.26 1055.26 880.7097 860.15 860.15 857.5832 907.52 907.52 907.52 757.3879 758.81 758.81 759.7214 741.99 741.99 741.99 638.0435 625.8 625.8 625.8 823.3108 821.44 821.44 730.4477 719.73 719.73 719.73 552.7988 554.38 554.38 511.5811 506.54 506.54 506.54 519.38 519.38 519.38 602.5533 612.35 612.35 610.9525 638.14 638.14 638.14 635.6257 684.54 684.54 684.54 823.0823 821.77 821.77 804.4565 1141.28 1141.28 1141.28 1353.823 1351.81 1351.81 1381.288 -9999 -9999 -9999 -9999 -9999 -9999 -9999 -9999
626.82 604.3035 1042.35 1042.35 1042.35 1251.97 1276.66 1276.66 1288.657 1055.26 1055.26 1055.26 880.7097 860.15 860.15 857.5832 907.52 907.52 907.52 757.3879 758.81 758.81 759.7214 741.99 741.99 741.99 638.0435 625.8 625.8 625.8 823.3108 821.44 821.44 730.4477 719.73 719.73 719.73 552.7988 554.38 554.38 511.5811 506.54 506.54 506.54 519.38 519.38 519.38 602.5533 612.35 612.35 610.9525 638.14 638.14 638.14 635.6257 684.54 684.54 684.54 823.0823 821.77 821.77 804.4565 1141.28 1141.28 1141.28 1353.823 1351.81 1351.81 1381.288 -9999 -9999 -9999 -9999 -9999 -9999 -9999 -9999
626.82 604.3035 1042.35 1042.35 1042.35 1251.97 1276.66 1276.66 1288.657 1055.26 1055.26 1055.26 880.7097 860.15 860.15 857.5832 907.52 907.52 907.52 757.3879 758.81 758.81 759.7214 741.99 741.99 741.99 624.6889 625.8 625.8 625.8 823.3108 821.44 821.44 730.4477 719.73 719.73 719.73 552.7988 554.38 554.38 511.5811 506.54 506.54 506.54 519.38 519.38 519.38 602.5533 612.35 612.35 610.9525 638.14 638.14 638.14 679.6506 684.54 684.54 684.54 823.0823 821.77 821.77 804.4565 1141.28 1141.28 1141.28 1353.823 1351.81 1351.81 1381.288 -9999 -9999 -9999 -9999 -9999 -9999 -9999 -9999
554.23 628.2692 636.99 636.99 636.99 770.9333 786.71 786.71 780.932 893.34 893.34 893.34 718.3603 697.75 697.75 699.5355 664.8 664.8 664.8 635.3207 635.6 635.6 638.8913 574.86 574.86 574.86 566.8945 566.97 566.97 553.1949 821.18 821.18 821.1659 730.4477 719.73 719.73 719.73 552.7988 554.38 554.38 511.5811 506.54 506.54 506.54 519.38 519.38 519.38 602.5533 612.35 612.35 610.9525 638.14 638.14 638.14 679.6506 684.54 684.54 684.54 823.0823 821.77 821.77 804.4565 1141.28 1141.28 1141.28 1353.823 1351.81 1351.81 1381.288 -9999 -9999 -9999 -9999 -9999 -9999 -9999 -9999
554.23 628.2692 636.99 636.99 636.99 770.9333 786.71 786.71 780.932 893.34 893.34 893.34 718.3603 697.75 697.75 699.5355 664.8 664.8 664.8 635.3207 635.6 635.6 638.8913 574.86 574.86 574.86 566.8945 566.97 566.97 553.1949 821.18 821.18 821.18 866.6448 872 872 872 610.3416 612.82 612.82 517.623 506.41 506.41 506.41 483.54 483.54 483.54 469.3602 467.69 467.69 468.9596 444.26 444.26 444.26 571.6904 586.7 586.7 573.165 836.48 836.48 836.48 812.9501 1270.71 1270.71 1270.71 1474.298 1472.37 1472.37 1217.241 -9999 -9999 -9999 -9999 -9999 -9999 -9999 -9999
554.23 628.2692 636.99 636.99 636.99 788.1417 786.71 786.71 780.932 893.34 893.34 893.34 718.3603 697.75 697.75 699.5355 664.8 664.8 664.8 635.3207 635.6 635.6 638.8913 574.86 574.86 574.86 566.8945 566.97 566.97 553.1949 821.18 821.18 821.18 872.486 872 872 872 610.3416 612.82 612.82 517.623 506.41 506.41 506.41 483.54 483.54 483.54 469.3602 467.69 467.69 468.9596 444.26 444.26 444.26 571.6904 586.7 586.7 573.165 836.48 836.48 836.48 812.9501 1270.71 1270.71 1270.71 1474.298 1472.37 1472.37 1217.241 -9999 -9999 -9999 -9999 -9999 -9999 -9999 -9999
