Model and model input files/precip_2000.asc
ncols         625
nrows         453
xllcorner     138621.56993419
yllcorner     4094031.9406744
cellsize      1000
NODATA_value  -9999
[rows 68 to 101 of 453, columns 154 to 230 of 625]
542.4623 519.85 519.85 519.85 479.8612 480.24 480.24 481.2777 461.09 461.09 461.09 468.748 469.65 469.65 468.9076 483.35 483.35 483.35 477.9733 477.34 477.34 477.6375 471.85 471.85 471.85 470.8212 470.7 470.7 470.7 474.4859 474.45 492.8345 507.3906 508.85 508.85 508.85 535.8659 535.61 535.61 555.5601 557.91 557.91 557.91 585.1581 584.9 584.9 578.5195 702.65 702.65 702.65 613.647 614.49 614.49 609.3335 709.65 709.65 709.65 1451.951 1444.92 1444.92 1420.424 1896.98 1896.98 1896.98 1843.016 1836.66 1836.66 1836.66 1275.72 -9999 -9999 -9999 -9999 -9999 -9999 -9999 -9999
542.4623 519.85 519.85 519.85 479.8612 480.24 480.24 481.2777 461.09 461.09 461.09 468.748 469.65 469.65 468.9076 483.35 483.35 483.35 477.9733 477.34 477.34 477.6375 471.85 471.85 471.85 470.689 470.7 470.7 470.7 474.4859 474.45 474.45 474.3337 474.32 474.32 474.32 521.83 521.38 521.38 550.6879 554.14 554.14 554.14 596.8344 596.43 596.43 594.5833 630.51 630.51 630.51 529.2913 530.25 530.25 527.0892 588.58 588.58 588.58 1075.411 1070.8 1070.8 1045.86 1531.05 1531.05 1531.05 1729.54 1727.66 1727.66 1727.66 1635.61 -9999 -9999 -9999 -9999 -9999 -9999 -9999 -9999
542.4623 519.85 519.85 519.85 479.8612 480.24 480.24 463.1079 461.09 461.09 461.09 468.748 469.65 469.65 468.9076 483.35 483.35 483.35 477.9733 477.34 477.34 477.6375 471.85 471.85 471.85 470.689 470.7 470.7 470.7 474.4859 474.45 474.45 474.3337 474.32 474.32 474.32 521.83 521.38 521.38 550.6879 554.14 554.14 554.14 596.8344 596.43 596.43 626.9188 630.51 630.51 630.51 529.2913 530.25 530.25 527.0892 588.58 588.58 588.58 1075.411 1070.8 1070.8 1045.86 1531.05 1531.05 1531.05 1729.54 1727.66 1727.66 1727.66 1635.61 -9999 -9999 -9999 -9999 -9999 -9999 -9999 -9999
542.4623 519.85 519.85 519.85 479.8612 480.24 480.24 463.1079 461.09 461.09 461.09 468.748 469.65 469.65 468.9076 483.35 483.35 483.35 477.9733 477.34 477.34 477.6375 471.85 471.85 471.85 470.689 470.7 470.7 470.4968 474.45 474.45 474.45 474.3337 474.32 474.32 474.32 521.83 521.38 521.38 550.6879 554.14 554.14 554.14 596.8344 596.43 596.43 626.9188 630.51 630.51 630.51 529.2913 530.25 530.25 527.0892 588.58 588.58 588.58 1075.411 1070.8 1070.8 1045.86 1531.05 1531.05 1531.05 1729.54 1727.66 1727.66 1727.66 1635.61 -9999 -9999 -9999 -9999 -9999 -9999 -9999 -9999
542.4623 519.85 519.85 519.85 479.8612 480.24 480.24 463.1079 461.09 461.09 461.09 469.7318 469.65 469.65 468.9076 483.35 483.35 483.35 477.9733 477.34 477.34 477.6375 471.85 471.85 471.85 470.689 470.7 470.7 470.4968 474.45 474.45 474.45 474.3337 474.32 474.32 474.32 521.83 521.38 521.38 550.6879 554.14 554.14 554.14 596.8344 596.43 596.43 626.9188 630.51 630.51 630.51 529.2913 530.25 530.25 527.0892 588.58 588.58 588.58 1075.411 1070.8 1070.8 1045.86 1531.05 1531.05 1531.05 1729.54 1727.66 1727.66 1732.648 1635.61 -9999 -9999 -9999 -9999 -9999 -9999 -9999 -9999
486.6792 529.3 529.3 529.3 526.8972 526.92 526.92 499.4818 496.25 496.25 496.25 493.7766 493.8 493.8 492.746 513.25 513.25 513.25 528.2081 529.97 529.97 531.8665 494.97 494.97 494.97 459.8978 460.23 460.23 460.4939 455.36 455.36 455.36 458.527 458.9 458.9 458.9 491.7563 521.38 521.38 550.6879 554.14 554.14 554.14 596.8344 596.43 596.43 626.9188 630.51 630.51 630.51 530.25 530.25 530.25 527.0892 588.58 588.58 588.58 1075.411 1070.8 1070.8 1045.86 1531.05 1531.05 1531.05 1729.54 1727.66 1727.66 1732.648 1635.61 -9999 -9999 -9999 -9999 -9999 -9999 -9999 -9999
486.6792 529.3 529.3 529.3 526.8972 526.92 526.92 499.4818 496.25 496.25 496.25 493.7766 493.8 493.8 492.746 513.25 513.25 513.25 528.2081 529.97 529.97 531.8665 494.97 494.97 494.97 459.8978 460.23 460.23 460.4939 455.36 455.36 455.36 458.9338 458.9 458.9 458.9 493.2958 492.97 492.97 518.592 521.61 521.61 521.61 555.4304 555.11 555.11 528.4681 525.33 525.33 525.33 481.3 481.3 481.3 475.9089 580.79 580.79 580.79 1176.846 1171.2 1171.2 1154.019 1488.27 1488.27 1488.27 1552.7 1552.09 1552.09 1568.052 1257.52 -9999 -9999 -9999 -9999 -9999 -9999 -9999 -9999
486.6792 529.3 529.3 529.3 526.8972 526.92 526.92 499.4818 496.25 496.25 496.25 493.7766 493.8 493.8 511.2005 513.25 513.25 513.25 528.2081 529.97 529.97 531.8665 494.97 494.97 494.97 459.8978 460.23 460.23 460.4939 455.36 455.36 455.36 458.9338 458.9 458.9 458.9 493.2958 492.97 492.97 518.592 521.61 521.61 521.61 555.4304 555.11 555.11 528.4681 525.33 525.33 525.33 481.3 481.3 481.3 475.9089 580.79 580.79 580.79 1176.846 1171.2 1171.2 1154.019 1488.27 1488.27 1488.27 1552.7 1552.09 1552.09 1568.052 1257.52 -9999 -9999 -9999 -9999 -9999 -9999 -9999 -9999
486.6792 529.3 529.3 529.3 526.8972 526.92 526.92 499.4818 496.25 496.25 496.25 493.7766 493.8 493.8 511.2005 513.25 513.25 513.25 528.2081 529.97 529.97 531.8665 494.97 494.97 494.97 459.8978 460.23 460.23 460.4939 455.36 455.36 455.36 458.9338 458.9 458.9 457.0538 492.97 492.97 492.97 518.592 521.61 521.61 521.61 555.4304 555.11 555.11 528.4681 525.33 525.33 525.33 481.3 481.3 481.3 570.3062 580.79 580.79 580.79 1176.846 1171.2 1171.2 1154.019 1488.27 1488.27 1488.27 1552.7 1552.09 1552.09 1568.052 1257.52 -9999 -9999 -9999 -9999 -9999 -9999 -9999 -9999
461.6661 460.37 460.37 460.37 489.8593 489.58 489.58 491.5303 491.76 491.76 491.76 509.7403 509.57 509.57 537.9922 512.9814 513.25 513.25 530.1299 529.97 529.97 531.8665 494.97 494.97 494.97 459.8978 460.23 460.23 460.4939 455.36 455.36 455.36 458.9338 458.9 458.9 457.0538 492.97 492.97 492.97 518.592 521.61 521.61 521.61 555.4304 555.11 555.11 528.4681 525.33 525.33 525.33 481.3 481.3 481.3 570.3062 580.79 580.79 580.79 1176.846 1171.2 1171.2 1154.019 1488.27 1488.27 1488.27 1552.7 1552.09 1552.09 1568.052 1257.52 -9999 -9999 -9999 -9999 -9999 -9999 -9999 -9999
461.6661 460.37 460.37 460.37 489.8593 489.58 489.58 491.5303 491.76 491.76 491.76 509.7403 509.57 509.57 537.9922 541.34 541.34 541.34 524.4399 524.6 524.6 527.1229 478.04 478.04 478.04 454.2143 454.44 454.44 455.3016 438.54 438.54 438.54 436.1877 436.21 436.21 434.5307 467.2 467.2 467.2 513.8547 519.35 519.35 519.35 614.9051 614 614 547.091 539.21 539.21 539.21 488.17 488.17 488.17 630.9879 647.81 647.81 651.4417 1176.846 1171.2 1171.2 1154.019 1488.27 1488.27 1488.27 1552.7 1552.09 1552.09 1568.052 1257.52 -9999 -9999 -9999 -9999 -9999 -9999 -9999 -9999
461.6661 460.37 460.37 458.7872 489.58 489.58 489.58 491.5303 491.76 491.76 491.76 509.7403 509.57 509.57 537.9922 541.34 541.34 541.34 524.4399 524.6 524.6 482.9463 478.04 478.04 478.04 454.2143 454.44 454.44 455.3016 438.54 438.54 438.54 436.1877 436.21 436.21 434.5307 467.2 467.2 467.2 519.8486 519.35 519.35 519.35 614.9051 614 614 547.091 539.21 539.21 539.21 488.17 488.17 488.17 630.9879 647.81 647.81 616.1434 1232.2 1232.2 1232.2 1217.693 1499.92 1499.92 1499.92 1369.404 1370.64 1370.64 1391.149 992.15 -9999 -9999 -9999 -9999 -9999 -9999 -9999 -9999
461.6661 460.37 460.37 458.7872 489.58 489.58 489.58 491.5303 491.76 491.76 491.76 509.7403 509.57 509.57 537.9922 541.34 541.34 541.34 524.4399 524.6 524.6 482.9463 478.04 478.04 478.04 454.2143 454.44 454.44 455.3016 438.54 438.54 438.54 436.1877 436.21 436.21 434.5307 467.2 467.2 467.2 519.8486 519.35 519.35 519.35 614.9051 614 614 547.091 539.21 539.21 539.21 488.17 488.17 488.17 630.9879 647.81 647.81 616.1434 1232.2 1232.2 1232.2 1217.693 1499.92 1499.92 1499.92 1369.404 1370.64 1370.64 1391.149 992.15 -9999 -9999 -9999 -9999 -9999 -9999 -9999 -9999
461.6661 460.37 460.37 458.7872 489.58 489.58 489.58 491.5303 491.76 491.76 491.76 509.7403 509.57 509.57 537.9922 541.34 541.34 541.34 524.4399 524.6 524.6 482.9463 478.04 478.04 478.04 454.2143 454.44 454.44 455.3016 438.54 438.54 438.54 436.1877 436.21 436.21 434.5307 467.2 467.2 467.2 519.8486 519.35 519.35 519.35 614.9051 614 614 547.091 539.21 539.21 539.21 488.17 488.17 488.17 630.9879 647.81 647.81 616.1434 1232.2 1232.2 1232.2 1217.693 1499.92 1499.92 1499.92 1369.404 1370.64 1370.64 1391.149 992.15 -9999 -9999 -9999 -9999 -9999 -9999 -9999 -9999
467.5317 460.95 460.95 459.8207 481.79 481.79 481.79 493.0567 492.95 492.95 492.95 491.8395 491.85 491.85 525.1927 529.12 529.12 529.12 517.3687 517.48 517.48 487.6532 484.14 484.14 484.14 485.05 485.05 485.05 486.4626 458.98 458.98 458.98 463.5966 436.21 436.21 434.5307 467.2 467.2 467.2 519.8486 519.35 519.35 514.2211 614 614 614 547.091 539.21 539.21 539.21 488.17 488.17 488.17 630.9879 647.81 647.81 616.1434 1232.2 1232.2 1232.2 1471.709 1499.92 1499.92 1499.92 1369.404 1370.64 1370.64 1391.149 992.15 -9999 -9999 -9999 -9999 -9999 -9999 -9999 -9999
467.5317 460.95 460.95 459.8207 481.79 481.79 481.79 493.0567 492.95 492.95 492.95 491.8395 491.85 491.85 525.1927 529.12 529.12 529.12 517.3687 517.48 517.48 487.6532 484.14 484.14 484.14 485.05 485.05 485.05 486.4626 458.98 458.98 458.98 462.1904 462.16 462.16 460.0445 501.2 501.2 501.2 522.2393 522.04 522.04 509.9497 745.16 745.16 745.16 574.7966 554.73 554.73 554.73 529.03 529.03 529.03 694.7772 714.3 714.3 685.9659 1237.19 1237.19 1237.19 1404.431 1424.13 1424.13 1424.13 1176.212 1178.56 1178.56 1197.371 831.41 -9999 -9999 -9999 -9999 -9999 -9999 -9999 -9999
467.5317 460.95 460.95 459.8207 481.79 481.79 481.79 493.0567 492.95 492.95 493.0096 491.85 491.85 491.85 525.1927 529.12 529.12 529.12 517.3687 517.48 517.48 487.6532 484.14 484.14 484.14 485.05 485.05 485.05 486.4626 458.98 458.98 458.98 462.1904 462.16 462.16 460.0445 501.2 501.2 501.2 522.2393 522.04 522.04 509.9497 745.16 745.16 745.16 574.7966 554.73 554.73 554.73 529.03 529.03 529.03 694.7772 714.3 714.3 685.9659 1237.19 1237.19 1237.19 1404.431 1424.13 1424.13 1424.13 1176.212 1178.56 1178.56 1197.371 831.41 -9999 -9999 -9999 -9999 -9999 -9999 -9999 -9999
467.5317 460.95 460.95 459.8207 481.79 481.79 481.79 493.0567 492.95 492.95 493.0096 491.85 491.85 491.85 525.1927 529.12 529.12 529.12 517.3687 517.48 517.48 487.6532 484.14 484.14 484.14 485.05 485.05 485.05 461.7271 458.98 458.98 458.98 462.1904 462.16 462.16 460.0445 501.2 501.2 501.2 522.2393 522.04 522.04 509.9497 745.16 745.16 745.16 552.909 554.73 554.73 554.73 529.03 529.03 529.03 694.7772 714.3 714.3 685.9659 1237.19 1237.19 1237.19 1404.431 1424.13 1424.13 1437.437 1178.56 1178.56 1178.56 1197.371 831.41 -9999 -9999 -9999 -9999 -9999 -9999 -9999 -9999
467.4715 460.95 460.95 459.8207 481.79 481.79 481.79 493.0567 492.95 492.95 493.0096 491.85 491.85 491.85 525.1927 529.12 529.12 529.12 517.3687 517.48 517.48 487.6532 484.14 484.14 484.14 485.05 485.05 485.05 461.7271 458.98 458.98 458.98 462.1904 462.16 462.16 460.0445 501.2 501.2 501.2 522.2393 522.04 522.04 509.9497 745.16 745.16 745.16 552.909 554.73 554.73 554.73 529.03 529.03 529.03 694.7772 714.3 714.3 685.9659 1237.19 1237.19 1237.19 1404.431 1424.13 1424.13 1437.437 1178.56 1178.56 1178.56 1197.371 831.41 -9999 -9999 -9999 -9999 -9999 -9999 -9999 -9999
522.3741 521.51 521.51 515.2925 636.25 636.25 636.25 653.6852 653.52 653.52 658.7394 557.2 557.2 557.2 708.5334 707.1 707.1 707.1 787.6631 786.9 786.9 682.041 669.69 669.69 669.69 553.69 553.69 553.69 520.7768 516.9 516.9 514.4058 562.93 562.93 562.93 564.2202 539.12 539.12 539.12 470.0659 470.72 470.72 470.0795 482.54 482.54 482.54 581.3358 580.4 580.4 580.4 560.92 560.92 562.648 694.7772 714.3 714.3 685.9659 1237.19 1237.19 1237.19 1404.431 1424.13 1424.13 1437.437 1178.56 1178.56 1178.56 1197.371 831.41 -9999 -9999 -9999 -9999 -9999 -9999 -9999 -9999
521.4316 521.51 521.51 515.2925 636.25 636.25 636.25 653.6852 653.52 653.52 658.7394 557.2 557.2 557.2 708.5334 707.1 707.1 707.1 787.6631 786.9 786.9 682.041 669.69 669.69 669.69 553.69 553.69 553.69 520.7768 516.9 516.9 514.4058 562.93 562.93 562.93 564.2202 539.12 539.12 539.12 470.0659 470.72 470.72 470.0795 482.54 482.54 482.54 581.3358 580.4 580.4 581.4556 560.92 560.92 560.92 703.9795 720.83 720.83 698.437 1134.08 1134.08 1134.08 1213.38 1222.72 1222.72 1230.366 1081.62 1081.62 1081.62 1094.324 847.17 -9999 -9999 -9999 -9999 -9999 -9999 -9999 -9999
521.4316 521.51 521.51 515.2925 636.25 636.25 636.25 653.6852 653.52 653.52 658.7394 557.2 557.2 557.2 708.5334 707.1 707.1 702.7758 786.9 786.9 786.9 682.041 669.69 669.69 669.69 553.69 553.69 553.69 520.7768 516.9 516.9 514.4058 562.93 562.93 562.93 564.2202 539.12 539.12 539.12 470.0659 470.72 470.72 470.0795 482.54 482.54 482.54 581.3358 580.4 580.4 581.4556 560.92 560.92 560.92 703.9795 720.83 720.83 698.437 1134.08 1134.08 1134.08 1213.38 1222.72 1222.72 1230.366 1081.62 1081.62 1081.62 871.8752 847.17 -9999 -9999 -9999 -9999 -9999 -9999 -9999 -9999
521.4316 521.51 521.51 515.2925 636.25 636.25 636.25 653.6852 653.52 653.52 658.7394 557.2 557.2 557.2 708.5334 707.1 707.1 702.7758 786.9 786.9 786.9 682.041 669.69 669.69 669.69 553.69 553.69 553.69 520.7768 516.9 516.9 514.4058 562.93 562.93 562.93 541.629 539.12 539.12 539.12 470.0659 470.72 470.72 470.0795 482.54 482.54 482.54 581.3358 580.4 580.4 581.4556 560.92 560.92 560.92 703.9795 720.83 720.83 698.437 1134.08 1134.08 1134.08 1213.38 1222.72 1222.72 1230.366 1081.62 1081.62 1081.62 871.8752 847.17 -9999 -9999 -9999 -9999 -9999 -9999 -9999 -9999
613.568 613.1 613.1 688.6332 697.53 697.53 697.53 776.9019 776.15 776.15 781.7075 673.59 673.59 673.59 581.205 582.08 693.926 702.7758 786.9 786.9 786.9 682.041 669.69 669.69 669.69 553.69 553.69 553.69 520.7768 516.9 516.9 514.4058 562.93 562.93 562.93 541.629 539.12 539.12 539.12 470.0659 470.72 470.72 470.0795 482.54 482.54 482.54 581.3358 580.4 580.4 581.4556 560.92 560.92 560.92 722.3591 720.83 720.83 698.437 1134.08 1134.08 1134.08 1213.38 1222.72 1222.72 1230.366 1081.62 1081.62 1081.62 871.8752 847.17 -9999 -9999 -9999 -9999 -9999 -9999 -9999 -9999
613.568 613.1 613.1 688.6332 697.53 697.53 697.53 776.9019 776.15 776.15 781.7075 673.59 673.59 673.59 581.205 582.08 582.08 575.118 710.56 710.56 710.56 862.8222 861.38 861.38 861.38 724.26 724.26 724.26 630.0381 618.94 618.94 622.3218 556.53 556.53 556.53 503.8634 497.66 497.66 497.66 417.4402 418.2 418.2 415.4245 469.42 469.42 469.42 842.7966 839.26 839.26 835.8012 903.09 903.09 903.09 635.6367 638.17 638.17 624.2665 894.75 1108.861 1134.08 1213.38 1222.72 1222.72 1230.366 1081.62 1081.62 1081.62 871.8752 847.17 -9999 -9999 -9999 -9999 -9999 -9999 -9999 -9999
613.568 613.1 613.1 688.6332 697.53 697.53 697.53 776.15 776.15 776.15 781.7075 673.59 673.59 673.59 581.205 582.08 582.08 575.118 710.56 710.56 710.56 862.8222 861.38 861.38 861.38 724.26 724.26 724.26 630.0381 618.94 618.94 622.3218 556.53 556.53 556.53 503.8634 497.66 497.66 501.9657 418.2 418.2 418.2 415.4245 469.42 469.42 469.42 842.7966 839.26 839.26 835.8012 903.09 903.09 903.09 635.6367 638.17 638.17 624.2665 894.75 894.75 894.75 1184.716 1218.87 1218.87 1220.583 1187.25 1187.25 1187.25 1006.419 985.12 -9999 -9999 -9999 -9999 -9999 -9999 -9999 -9999
613.568 613.1 613.1 688.6332 697.53 697.53 697.53 776.15 776.15 776.15 781.7075 673.59 673.59 673.59 581.205 582.08 582.08 575.118 710.56 710.56 710.56 862.8222 861.38 861.38 861.38 724.26 724.26 724.26 630.0381 618.94 618.94 622.3218 556.53 556.53 556.53 503.8634 497.66 497.66 501.9657 418.2 418.2 418.2 415.4245 469.42 469.42 469.42 842.7966 839.26 839.26 835.8012 903.09 903.09 903.09 635.6367 638.17 638.17 624.2665 894.75 894.75 894.75 1184.716 1218.87 1218.87 1220.583 1187.25 1187.25 1187.25 1006.419 985.12 -9999 -9999 -9999 -9999 -9999 -9999 -9999 -9999
613.568 613.1 613.1 688.6332 697.53 697.53 697.53 776.15 776.15 776.15 781.7075 673.59 673.59 673.59 581.205 582.08 582.08 575.118 710.56 710.56 710.56 862.8222 861.38 861.38 868.8102 724.26 724.26 724.26 630.0381 618.94 618.94 622.3218 556.53 556.53 556.53 503.8634 497.66 497.66 501.9657 418.2 418.2 418.2 415.4245 469.42 469.42 469.42 842.7966 839.26 839.26 835.8012 903.09 903.09 903.09 635.6367 638.17 638.17 867.7129 894.75 894.75 894.75 1184.716 1218.87 1218.87 1220.583 1187.25 1187.25 1187.25 1006.419 985.12 -9999 -9999 -9999 -9999 -9999 -9999 -9999 -9999
652.1921 652.67 652.67 793.976 810.62 810.62 810.62 958.33 958.33 958.33 870.5762 860.24 860.24 860.24 689.4825 691.1 691.1 692.5495 664.35 664.35 664.35 816.4406 815 815 809.7563 911.77 911.77 911.77 876.2802 872.1 872.1 883.2615 666.12 666.12 568.0781 503.8634 497.66 497.66 501.9657 418.2 418.2 418.2 415.4245 469.42 469.42 469.42 842.7966 839.26 839.26 835.8012 903.09 903.09 903.09 635.6367 638.17 638.17 867.7129 894.75 894.75 894.75 1184.716 1218.87 1218.87 1220.583 1187.25 1187.25 1187.25 1006.419 985.12 -9999 -9999 -9999 -9999 -9999 -9999 -9999 -9999
652.1921 652.67 652.67 793.976 810.62 810.62 810.62 958.33 958.33 958.33 870.5762 860.24 860.24 860.24 689.4825 691.1 691.1 692.5495 664.35 664.35 664.35 816.4406 815 815 809.7563 911.77 911.77 911.77 876.2802 872.1 872.1 883.2615 666.12 666.12 666.12 525.0555 508.44 508.44 513.8349 408.88 408.88 408.88 407.2249 407.03 407.03 407.03 628.9823 626.88 626.88 603.989 1049.32 1049.32 1049.32 1006.777 1007.18 1007.18 711.9895 677.22 677.22 677.22 1004.635 1043.2 1043.2 1032.09 1248.23 1248.23 1248.23 1144.802 1132.62 -9999 -9999 -9999 -9999 -9999 -9999 -9999 -9999
652.1921 652.67 652.67 793.976 810.62 810.62 810.62 958.33 958.33 958.33 870.5762 860.24 860.24 860.24 689.4825 691.1 691.1 692.5495 664.35 664.35 664.35 816.4406 815 815 809.7563 911.77 911.77 911.77 871.7206 872.1 872.1 883.2615 666.12 666.12 666.12 525.0555 508.44 508.44 513.8349 408.88 408.88 408.88 407.2249 407.03 407.03 407.03 628.9823 626.88 626.88 603.989 1049.32 1049.32 1049.32 1006.777 1007.18 1007.18 711.9895 677.22 677.22 677.22 1046.7 1043.2 1043.2 1032.09 1248.23 1248.23 1248.23 1144.802 1132.62 -9999 -9999 -9999 -9999 -9999 -9999 -9999 -9999
652.1921 652.67 652.67 793.976 810.62 810.62 810.62 958.33 958.33 958.33 870.5762 860.24 860.24 869.4053 691.1 691.1 691.1 692.5495 664.35 664.35 664.35 816.4406 815 815 809.7563 911.77 911.77 911.77 871.7206 872.1 872.1 883.2615 666.12 666.12 666.12 525.0555 508.44 508.44 513.8349 408.88 408.88 408.88 407.2249 407.03 407.03 407.03 628.9823 626.88 626.88 603.989 1049.32 1049.32 1049.32 1006.777 1007.18 1007.18 711.9895 677.22 677.22 677.22 1046.7 1043.2 1043.2 1032.09 1248.23 1248.23 1248.23 1144.802 1132.62 -9999 -9999 -9999 -9999 -9999 -9999 -9999 -9999
800.96 800.96 800.96 988.554 1010.65 1010.65 1010.65 1027.35 1027.35 1027.35 982.9139 977.68 977.68 869.4053 691.1 691.1 691.1 692.5495 664.35 664.35 664.35 816.4406 815 815 809.7563 911.77 911.77 911.77 871.7206 872.1 872.1 883.2615 666.12 666.12 666.12 525.0555 508.44 508.44 513.8349 408.88 408.88 408.88 407.2249 407.03 407.03 395.1169 626.88 626.88 626.88 603.989 1049.32 1049.32 1049.32 1006.777 1007.18 1007.18 711.9895 677.22 677.22 677.22 1046.7 1043.2 1043.2 1032.09 1248.23 1248.23 1248.23 1144.802 1132.62 -9999 -9999 -9999 -9999 -9999 -9999 -9999 -9999
800.96 800.96 800.96 988.554 1010.65 1010.65 1010.65 1027.35 1027.35 1027.35 982.9139 977.68 977.68 983.205 875.72 875.72 875.72 874.1577 904.55 904.55 904.55 1172.074 1169.54 1169.54 1168.341 1191.67 1191.67 1191.67 1145.977 1146.41 1146.41 878.8992 847.39 847.39 847.39 634.7197 609.67 609.67 616.043 492.06 492.06 492.06 452.1508 447.45 447.45 444.1484 508.38 508.38 508.38 487.8316 887.59 887.59 887.59 1059.781 1012.551 1007.18 711.9895 677.22 677.22 677.22 1046.7 1043.2 1043.2 1032.09 1248.23 1248.23 1248.23 1144.802 1132.62 -9999 -9999 -9999 -9999 -9999 -9999 -9999 -9999
