Model and model input files/precip_1992.asc
ncols         625
nrows         453
xllcorner     138621.56993419
yllcorner     4094031.9406744
cellsize      1000
NODATA_value  -9999
[rows 102 to 135 of 453, columns 0 to 76 of 625]
-9999 -9999 -9999 -9999 -9999 -9999 -9999 -9999 -9999 -9999 -9999 -9999 -9999 -9999 -9999 -9999 -9999 261.82 261.3702 270.12 270.12 270.12 288.696 288.52 288.52 282.5439 281.84 281.84 281.84 280.3907 280.22 280.22 279.9328 285.52 285.52 285.52 290.512 291.1 291.1 290.7754 297.09 297.09 297.09 295.8952 319.14 319.14 319.14 335.7978 335.64 335.64 343.5127 344.44 344.44 344.44 413.2013 412.55 412.55 407.8985 498.39 498.39 498.39 457.4162 452.59 452.59 454.9764 408.55 408.55 408.55 386.0065 386.22 386.22 386.22 372.0154 372.15 372.15 371.3001 371.2
-9999 -9999 -9999 -9999 -9999 -9999 -9999 -9999 -9999 -9999 -9999 -9999 -9999 -9999 -9999 -9999 -9999 261.82 261.3702 270.12 270.12 270.12 288.696 288.52 288.52 282.5439 281.84 281.84 281.84 280.3907 280.22 280.22 279.9328 285.52 285.52 285.52 290.512 291.1 291.1 290.7754 297.09 297.09 297.09 295.8952 319.14 319.14 319.14 335.7978 335.64 335.64 343.5127 344.44 344.44 344.44 413.2013 412.55 412.55 407.8985 498.39 498.39 498.39 457.4162 452.59 452.59 454.9764 408.55 408.55 408.55 386.0065 386.22 386.22 386.22 372.0154 372.15 372.15 371.3001 371.2
-9999 -9999 -9999 -9999 -9999 -9999 -9999 -9999 -9999 -9999 -9999 -9999 -9999 -9999 -9999 -9999 -9999 261.82 261.3702 270.12 270.12 270.12 288.696 288.52 288.52 282.5439 281.84 281.84 281.84 280.2045 280.22 280.22 279.9328 285.52 285.52 285.52 290.512 291.1 291.1 290.7754 297.09 297.09 297.09 316.8165 319.14 319.14 319.14 335.7978 335.64 335.64 343.5127 344.44 344.44 344.44 413.2013 412.55 412.55 489.3446 498.39 498.39 498.39 457.4162 452.59 452.59 454.9764 408.55 408.55 408.55 386.0065 386.22 386.22 386.9824 372.15 372.15 372.15 371.3001 371.2
-9999 -9999 -9999 -9999 -9999 -9999 -9999 -9999 -9999 -9999 -9999 -9999 -9999 -9999 -9999 -9999 -9999 266.75 268.1546 268.32 268.32 268.32 275.8109 275.74 275.74 284.6415 285.69 285.69 285.69 290.2633 290.22 290.22 299.8462 300.98 300.98 300.98 306.9113 307.61 307.61 307.2274 314.67 314.67 314.67 316.6484 319.14 319.14 319.14 335.7978 335.64 335.64 343.5127 344.44 344.44 344.44 413.2013 412.55 412.55 489.3446 498.39 498.39 498.39 457.4162 452.59 452.59 454.9764 408.55 408.55 408.55 386.0065 386.22 386.22 386.9824 372.15 372.15 372.15 371.3001 371.2
-9999 -9999 -9999 -9999 -9999 -9999 -9999 -9999 -9999 -9999 -9999 -9999 -9999 -9999 -9999 -9999 -9999 266.75 268.1546 268.32 268.32 268.32 275.8109 275.74 275.74 284.6415 285.69 285.69 285.69 290.2633 290.22 290.22 299.8462 300.98 300.98 300.98 306.9113 307.61 307.61 307.2274 314.67 314.67 314.67 325.3965 326.66 326.66 325.2452 352.77 352.77 352.77 374.8136 377.41 377.41 377.41 467.8163 466.96 466.96 519.5371 525.73 525.73 525.73 468.6998 469.24 469.24 472.0973 416.51 409.3888 408.55 386.0065 386.22 386.22 386.9824 372.15 372.15 372.15 371.1909 371.2
-9999 -9999 -9999 -9999 -9999 -9999 -9999 -9999 -9999 -9999 -9999 -9999 -9999 -9999 -9999 -9999 -9999 266.75 268.1546 268.32 268.32 267.9179 275.74 275.74 275.74 284.6415 285.69 285.69 285.69 290.2633 290.22 290.22 299.8462 300.98 300.98 300.98 307.6734 307.61 307.61 307.2274 314.67 314.67 314.67 325.3965 326.66 326.66 325.2452 352.77 352.77 352.77 374.8136 377.41 377.41 377.41 467.8163 466.96 466.96 519.5371 525.73 525.73 525.73 468.6998 469.24 469.24 472.0973 416.51 416.51 416.51 395.3193 395.52 395.52 396.3637 379.95 379.95 379.95 371.187 371.27
-9999 -9999 -9999 -9999 -9999 -9999 -9999 -9999 -9999 -9999 -9999 -9999 -9999 -9999 -9999 -9999 -9999 266.75 268.1546 268.32 268.32 267.9179 275.74 275.74 275.74 284.6415 285.69 285.69 285.69 290.2633 290.22 290.22 299.8462 300.98 300.98 300.98 307.6734 307.61 307.61 307.2274 314.67 314.67 314.67 325.3965 326.66 326.66 325.2452 352.77 352.77 352.77 377.6456 377.41 377.41 377.41 467.8163 466.96 466.96 519.5371 525.73 525.73 525.73 468.6998 469.24 469.24 422.0664 416.51 416.51 416.51 395.3193 395.52 395.52 396.3637 379.95 379.95 379.95 371.187 371.27
-9999 -9999 -9999 -9999 -9999 -9999 -9999 -9999 -9999 -9999 -9999 -9999 -9999 -9999 -9999 -9999 -9999 285.52 289.018 289.43 289.43 289.1043 295.44 277.8159 275.74 285.7852 285.69 285.69 285.69 290.2633 290.22 290.22 299.8462 300.98 300.98 300.98 307.6734 307.61 307.61 313.9261 314.67 314.67 314.67 325.3965 326.66 326.66 325.2452 352.77 352.77 352.77 377.6456 377.41 377.41 377.41 467.8163 466.96 466.96 519.5371 525.73 525.73 525.73 468.6998 469.24 469.24 422.0664 416.51 416.51 416.51 395.3193 395.52 395.52 396.3637 379.95 379.95 379.95 371.187 371.27
-9999 -9999 -9999 -9999 -9999 -9999 -9999 -9999 -9999 -9999 -9999 -9999 -9999 -9999 -9999 -9999 -9999 285.52 289.018 289.43 289.43 289.1043 295.44 295.44 295.44 298.5999 298.57 298.57 298.57 306.6566 306.58 306.58 314.8911 315.87 315.87 315.87 317.7982 317.78 317.78 324.615 325.42 325.42 325.42 360.7756 364.94 330.6938 325.2452 352.77 352.77 352.77 377.6456 377.41 377.41 372.5575 466.96 466.96 466.96 519.5371 525.73 525.73 525.73 468.6998 469.24 469.24 422.0664 416.51 416.51 416.51 395.52 395.52 395.52 396.3637 379.95 379.95 379.95 371.187 371.27
-9999 -9999 -9999 -9999 -9999 -9999 -9999 -9999 -9999 -9999 -9999 -9999 -9999 -9999 -9999 -9999 -9999 285.52 289.018 289.43 289.43 289.1043 295.44 295.44 295.44 298.5999 298.57 298.57 298.136 306.58 306.58 306.58 314.8911 315.87 315.87 315.87 317.7982 317.78 317.78 324.615 325.42 325.42 325.42 365.3179 364.94 364.94 361.0553 436.63 436.63 436.63 468.0072 467.71 467.71 466.2578 494.51 494.51 494.51 478.8451 477 477 477 442.1297 442.46 442.46 418.4393 415.61 415.61 415.61 400.38 395.4735 395.52 396.3637 379.95 379.95 379.95 371.187 371.27
-9999 -9999 -9999 -9999 -9999 -9999 -9999 -9999 -9999 -9999 -9999 -9999 -9999 -9999 -9999 -9999 -9999 285.52 289.4674 289.43 289.43 289.1043 295.44 295.44 295.44 298.5999 298.57 298.57 298.136 306.58 306.58 306.58 314.8911 315.87 315.87 315.87 317.7982 317.78 317.78 324.615 325.42 325.42 325.42 365.3179 364.94 364.94 361.0553 436.63 436.63 436.63 468.0072 467.71 467.71 466.2578 494.51 494.51 494.51 476.8326 477 477 477 442.1297 442.46 442.46 418.4393 415.61 415.61 415.61 400.38 400.38 400.38 382.7738 380.7 380.7 380.7 378.0146 378.04
-9999 -9999 -9999 -9999 -9999 -9999 -9999 -9999 -9999 -9999 -9999 -9999 -9999 -9999 -9999 -9999 -9999 285.52 289.4674 289.43 289.43 289.1043 295.44 295.44 295.44 298.5999 298.57 298.57 298.136 306.58 306.58 306.58 315.9588 315.87 315.87 315.87 317.7982 317.78 317.78 324.615 325.42 325.42 325.42 365.3179 364.94 364.94 429.0757 436.63 436.63 436.63 468.0072 467.71 467.71 466.2578 494.51 494.51 494.51 476.8326 477 477 477 442.1297 442.46 442.46 418.4393 415.61 415.61 415.61 400.38 400.38 400.38 382.7738 380.7 380.7 380.7 378.0146 378.04
-9999 -9999 -9999 -9999 -9999 -9999 -9999 -9999 -9999 -9999 -9999 -9999 -9999 -9999 -9999 -9999 -9999 316.09 304.9141 305.02 305.02 300.69 300.18 300.18 300.18 309.1045 309.02 309.02 308.4196 320.1 320.1 320.1 321.049 315.8206 315.87 315.87 317.7982 317.78 317.78 324.615 325.42 325.42 325.42 365.3179 364.94 364.94 429.0757 436.63 436.63 436.63 468.0072 467.71 467.71 466.2578 494.51 494.51 494.51 476.8326 477 477 478.8716 442.46 442.46 442.46 418.4393 415.61 415.61 415.61 400.38 400.38 400.38 382.7738 380.7 380.7 380.7 378.0146 378.04
-9999 -9999 -9999 -9999 -9999 -9999 -9999 -9999 -9999 -9999 -9999 -9999 -9999 -9999 -9999 -9999 -9999 316.09 304.9141 305.02 305.02 300.69 300.18 300.18 300.18 309.1045 309.02 309.02 308.4196 320.1 320.1 320.1 321.049 321.04 321.04 321.0823 320.26 320.26 320.26 323.8117 324.23 324.23 324.23 365.4201 365.03 365.03 433.7283 441.82 441.82 441.82 540.69 540.69 540.69 540.5432 543.4 543.4 494.51 476.8326 477 477 478.8716 442.46 442.46 442.46 418.4393 415.61 415.61 415.61 400.38 400.38 400.38 382.7738 380.7 380.7 380.7 378.04 378.04
-9999 -9999 -9999 -9999 -9999 -9999 -9999 -9999 -9999 -9999 -9999 -9999 -9999 -9999 -9999 -9999 -9999 316.09 304.9141 305.02 305.02 300.69 300.18 300.18 300.18 309.02 309.02 309.02 308.4196 320.1 320.1 320.1 321.049 321.04 321.04 321.0823 320.26 320.26 320.26 323.8117 324.23 324.23 324.23 365.4201 365.03 365.03 433.7283 441.82 441.82 441.82 540.69 540.69 540.69 540.5432 543.4 543.4 543.4 473.296 473.96 473.96 475.9254 437.69 437.69 437.69 410.8659 411.12 411.12 411.12 388.04 388.04 388.04 381.3482 380.56 380.56 380.56 382.5 382.5
-9999 -9999 -9999 -9999 -9999 -9999 -9999 -9999 -9999 -9999 -9999 -9999 -9999 -9999 -9999 -9999 -9999 316.09 304.9141 305.02 305.02 300.69 300.18 300.18 300.18 309.02 309.02 309.02 308.4196 320.1 320.1 320.1 321.049 321.04 321.04 321.0823 320.26 320.26 320.26 324.268 324.23 324.23 324.23 365.4201 365.03 365.03 433.7283 441.82 441.82 441.82 540.69 540.69 540.69 540.5432 543.4 543.4 543.4 473.296 473.96 473.96 475.9254 437.69 437.69 437.69 410.8659 411.12 411.12 411.12 388.04 388.04 388.04 381.3482 380.56 380.56 380.56 382.5 382.5
-9999 -9999 -9999 -9999 -9999 -9999 -9999 -9999 -9999 -9999 -9999 -9999 -9999 -9999 -9999 -9999 -9999 311.41 330.6422 330.46 330.46 300.4467 300.18 300.18 300.18 309.02 309.02 309.02 318.9324 320.1 320.1 320.1 321.049 321.04 321.04 321.0823 320.26 320.26 320.26 324.268 324.23 324.23 324.23 365.4201 365.03 365.03 433.7283 441.82 441.82 441.82 540.69 540.69 540.69 543.1144 543.4 543.4 543.4 473.296 473.96 473.96 475.9254 437.69 437.69 437.69 410.8659 411.12 411.12 412.3706 388.04 388.04 388.04 381.3482 380.56 380.56 380.56 382.5 382.5
-9999 -9999 -9999 -9999 -9999 -9999 -9999 -9999 -9999 -9999 -9999 -9999 -9999 -9999 -9999 -9999 -9999 310.3777 330.46 330.46 330.46 319.313 318 318 318 316.11 316.11 316.11 324.5105 325.5 325.5 325.5 327.0648 327.05 327.05 326.9926 328.11 328.11 328.11 325.6669 325.69 325.69 323.8065 364.5474 365.03 365.03 433.7283 441.82 441.82 441.82 540.69 540.69 540.69 543.1144 543.4 543.4 543.4 473.296 473.96 473.96 475.9254 437.69 437.69 437.69 410.8659 411.12 411.12 412.3706 388.04 388.04 388.04 381.3482 380.56 380.56 380.56 382.5 382.5
-9999 -9999 -9999 -9999 -9999 -9999 -9999 -9999 -9999 -9999 -9999 -9999 -9999 -9999 -9999 -9999 -9999 310.3777 330.46 330.46 330.46 319.313 318 318 318 316.11 316.11 316.11 324.5105 325.5 325.5 325.416 327.05 327.05 327.05 326.9926 328.11 328.11 328.11 325.6669 325.69 325.69 323.8065 360.45 360.45 360.45 415.711 422.22 422.22 422.22 565.34 565.34 565.34 560.1064 559.49 559.49 563.0967 492.93 492.93 492.93 495.2308 450.47 450.47 450.47 422.3941 422.66 423.2853 412.3706 388.04 388.04 388.04 381.3482 380.56 380.56 380.56 382.5 382.5
-9999 -9999 -9999 -9999 -9999 -9999 -9999 -9999 -9999 -9999 -9999 -9999 -9999 -9999 -9999 -9999 -9999 310.3777 330.46 330.46 330.46 317.8809 318 318 318 316.11 316.11 316.11 324.5105 325.5 325.5 325.416 327.05 327.05 327.05 326.9926 328.11 328.11 328.11 325.6669 325.69 325.69 323.8065 360.45 360.45 360.45 422.8107 422.22 422.22 422.22 565.34 565.34 565.34 560.1064 559.49 559.49 563.0967 492.93 492.93 492.93 495.2308 450.47 450.47 450.47 422.3941 422.66 422.66 424.0478 397.05 397.05 397.05 392.9108 392.95 392.95 392.95 380.3 380.3
-9999 -9999 -9999 -9999 -9999 -9999 -9999 -9999 -9999 -9999 -9999 -9999 -9999 -9999 -9999 -9999 -9999 310.3777 330.46 330.46 330.46 317.8809 318 318 318 316.11 316.11 316.11 324.5105 325.5 325.5 325.416 327.05 327.05 327.05 327.9983 328.11 328.11 328.11 325.6669 325.69 325.69 323.8065 360.45 360.45 360.45 422.8107 422.22 422.22 422.22 565.34 565.34 565.34 560.1064 559.49 559.49 563.0967 492.93 492.93 492.93 454.9442 450.47 450.47 450.47 422.3941 422.66 422.66 424.0478 397.05 397.05 397.05 392.9108 392.95 392.95 392.95 380.3 380.3
-9999 -9999 -9999 -9999 -9999 -9999 -9999 -9999 -9999 -9999 -9999 -9999 -9999 -9999 -9999 -9999 -9999 335.4602 378.84 378.84 378.84 340.9612 341.32 342.5836 318.1024 316.11 316.11 316.11 324.5105 325.5 325.5 325.416 327.05 327.05 327.05 327.9983 328.11 328.11 328.11 325.6669 325.69 325.69 323.8065 360.45 360.45 360.45 422.8107 422.22 422.22 414.4647 565.34 565.34 565.34 560.1064 559.49 559.49 563.0967 492.93 492.93 492.93 454.9442 450.47 450.47 450.47 422.3941 422.66 422.66 424.0478 397.05 397.05 397.05 392.9108 392.95 392.95 393.6355 380.3 380.3
-9999 -9999 -9999 -9999 -9999 -9999 -9999 -9999 -9999 -9999 -9999 -9999 -9999 -9999 -9999 -9999 -9999 335.4602 378.84 378.84 378.84 340.9612 341.32 341.32 341.5237 337.56 337.56 337.56 354.1911 356.15 356.15 355.0614 376.24 376.24 376.24 360.8524 359.04 359.04 360.657 329.2 329.2 329.2 327.6118 358.51 358.51 358.51 407.4839 407.02 407.02 400.1848 533.16 533.16 533.16 556.7155 559.49 559.49 563.0967 492.93 492.93 492.93 454.9442 450.47 450.47 451.977 422.66 422.66 422.66 424.0478 397.05 397.05 397.05 392.9108 392.95 392.95 393.6355 380.3 380.3
-9999 -9999 -9999 -9999 -9999 -9999 -9999 -9999 -9999 -9999 -9999 -9999 -9999 -9999 -9999 -9999 -9999 335.4602 378.84 378.84 378.84 340.9612 341.32 341.32 341.5237 337.56 337.56 337.56 356.3278 356.15 356.15 355.0614 376.24 376.24 376.24 360.8524 359.04 359.04 360.657 329.2 329.2 329.2 327.6118 358.51 358.51 358.51 407.4839 407.02 407.02 400.1848 533.16 533.16 533.16 575.8544 575.45 575.45 579.5509 499.77 499.77 499.77 466.1321 462.17 462.17 463.6044 435.7 435.7 435.7 436.7149 416.97 416.97 416.97 393.9722 394.19 394.19 394.8056 382.83 382.83
-9999 -9999 -9999 -9999 -9999 -9999 -9999 -9999 -9999 -9999 -9999 -9999 -9999 -9999 -9999 -9999 -9999 373.9415 378.84 378.84 378.84 341.32 341.32 341.32 341.32 337.56 337.56 337.56 356.15 356.15 356.15 356.15 376.24 376.24 376.24 361.0875 359.04 359.04 359.04 329.2 329.2 329.2 355.021 358.51 358.51 358.51 407.02 407.02 407.02 407.02 533.16 533.16 533.16 575.45 575.45 575.45 575.45 499.77 499.77 499.77 466.6459 462.17 462.17 462.17 435.7 435.7 435.7 435.5388 416.97 416.97 416.97 394.19 394.19 394.19 394.19 382.83 382.83
-9999 -9999 -9999 -9999 -9999 -9999 -9999 -9999 -9999 -9999 -9999 -9999 -9999 -9999 -9999 -9999 -9999 -9999 -9999 -9999 -9999 -9999 -9999 -9999 -9999 -9999 -9999 -9999 -9999 -9999 -9999 -9999 -9999 -9999 -9999 -9999 -9999 -9999 -9999 -9999 -9999 -9999 -9999 -9999 -9999 -9999 -9999 -9999 -9999 -9999 -9999 -9999 -9999 -9999 -9999 -9999 -9999 -9999 -9999 -9999 -9999 -9999 -9999 -9999 -9999 -9999 -9999 -9999 -9999 -9999 -9999 -9999 -9999 -9999 -9999 -9999 -9999
-9999 -9999 -9999 -9999 -9999 -9999 -9999 -9999 -9999 -9999 -9999 -9999 -9999 -9999 -9999 -9999 -9999 -9999 -9999 -9999 -9999 -9999 -9999 -9999 -9999 -9999 -9999 -9999 -9999 -9999 -9999 -9999 -9999 -9999 -9999 -9999 -9999 -9999 -9999 -9999 -9999 -9999 -9999 -9999 -9999 -9999 -9999 -9999 -9999 -9999 -9999 -9999 -9999 -9999 -9999 -9999 -9999 -9999 -9999 -9999 -9999 -9999 -9999 -9999 -9999 -9999 -9999 -9999 -9999 -9999 -9999 -9999 -9999 -9999 -9999 -9999 -9999
-9999 -9999 -9999 -9999 -9999 -9999 -9999 -9999 -9999 -9999 -9999 -9999 -9999 -9999 -9999 -9999 -9999 -9999 -9999 -9999 -9999 -9999 -9999 -9999 -9999 -9999 -9999 -9999 -9999 -9999 -9999 -9999 -9999 -9999 -9999 -9999 -9999 -9999 -9999 -9999 -9999 -9999 -9999 -9999 -9999 -9999 -9999 -9999 -9999 -9999 -9999 -9999 -9999 -9999 -9999 -9999 -9999 -9999 -9999 -9999 -9999 -9999 -9999 -9999 -9999 -9999 -9999 -9999 -9999 -9999 -9999 -9999 -9999 -9999 -9999 -9999 -9999
-9999 -9999 -9999 -9999 -9999 -9999 -9999 -9999 -9999 -9999 -9999 -9999 -9999 -9999 -9999 -9999 -9999 -9999 -9999 -9999 -9999 -9999 -9999 -9999 -9999 -9999 -9999 -9999 -9999 -9999 -9999 -9999 -9999 -9999 -9999 -9999 -9999 -9999 -9999 -9999 -9999 -9999 -9999 -9999 -9999 -9999 -9999 -9999 -9999 -9999 -9999 -9999 -9999 -9999 -9999 -9999 -9999 -9999 -9999 -9999 -9999 -9999 -9999 -9999 -9999 -9999 -9999 -9999 -9999 -9999 -9999 -9999 -9999 -9999 -9999 -9999 -9999
-9999 -9999 -9999 -9999 -9999 -9999 -9999 -9999 -9999 -9999 -9999 -9999 -9999 -9999 -9999 -9999 -9999 -9999 -9999 -9999 -9999 -9999 -9999 -9999 -9999 -9999 -9999 -9999 -9999 -9999 -9999 -9999 -9999 -9999 -9999 -9999 -9999 -9999 -9999 -9999 -9999 -9999 -9999 -9999 -9999 -9999 -9999 -9999 -9999 -9999 -9999 -9999 -9999 -9999 -9999 -9999 -9999 -9999 -9999 -9999 -9999 -9999 -9999 -9999 -9999 -9999 -9999 -9999 -9999 -9999 -9999 -9999 -9999 -9999 -9999 -9999 -9999
-9999 -9999 -9999 -9999 -9999 -9999 -9999 -9999 -9999 -9999 -9999 -9999 -9999 -9999 -9999 -9999 -9999 -9999 -9999 -9999 -9999 -9999 -9999 -9999 -9999 -9999 -9999 -9999 -9999 -9999 -9999 -9999 -9999 -9999 -9999 -9999 -9999 -9999 -9999 -9999 -9999 -9999 -9999 -9999 -9999 -9999 -9999 -9999 -9999 -9999 -9999 -9999 -9999 -9999 -9999 -9999 -9999 -9999 -9999 -9999 -9999 -9999 -9999 -9999 -9999 -9999 -9999 -9999 -9999 -9999 -9999 -9999 -9999 -9999 -9999 -9999 -9999
-9999 -9999 -9999 -9999 -9999 -9999 -9999 -9999 -9999 -9999 -9999 -9999 -9999 -9999 -9999 -9999 -9999 -9999 -9999 -9999 -9999 -9999 -9999 -9999 -9999 -9999 -9999 -9999 -9999 -9999 -9999 -9999 -9999 -9999 -9999 -9999 -9999 -9999 -9999 -9999 -9999 -9999 -9999 -9999 -9999 -9999 -9999 -9999 -9999 -9999 -9999 -9999 -9999 -9999 -9999 -9999 -9999 -9999 -9999 -9999 -9999 -9999 -9999 -9999 -9999 -9999 -9999 -9999 -9999 -9999 -9999 -9999 -9999 -9999 -9999 -9999 -9999
-9999 -9999 -9999 -9999 -9999 -9999 -9999 -9999 -9999 -9999 -9999 -9999 -9999 -9999 -9999 -9999 -9999 -9999 -9999 -9999 -9999 -9999 -9999 -9999 -9999 -9999 -9999 -9999 -9999 -9999 -9999 -9999 -9999 -9999 -9999 -9999 -9999 -9999 -9999 -9999 -9999 -9999 -9999 -9999 -9999 -9999 -9999 -9999 -9999 -9999 -9999 -9999 -9999 -9999 -9999 -9999 -9999 -9999 -9999 -9999 -9999 -9999 -9999 -9999 -9999 -9999 -9999 -9999 -9999 -9999 -9999 -9999 -9999 -9999 -9999 -9999 -9999
-9999 -9999 -9999 -9999 -9999 -9999 -9999 -9999 -9999 -9999 -9999 -9999 -9999 -9999 -9999 -9999 -9999 -9999 -9999 -9999 -9999 -9999 -9999 -9999 -9999 -9999 -9999 -9999 -9999 -9999 -9999 -9999 -9999 -9999 -9999 -9999 -9999 -9999 -9999 -9999 -9999 -9999 -9999 -9999 -9999 -9999 -9999 -9999 -9999 -9999 -9999 -9999 -9999 -9999 -9999 -9999 -9999 -9999 -9999 -9999 -9999 -9999 -9999 -9999 -9999 -9999 -9999 -9999 -9999 -9999 -9999 -9999 -9999 -9999 -9999 -9999 -9999
