Model and model input files/precip_1991.asc
ncols         625
nrows         453
xllcorner     138621.56993419
yllcorner     4094031.9406744
cellsize      1000
NODATA_value  -9999
[rows 0 to 33 of 453, columns 77 to 153 of 625]
259.2293 259.2293 262.7027 263.172 263.172 263.1614 270.43 270.43 270.43 281.4948 282.99 282.99 282.99 291.1 291.1 291.1 286.7392 286.15 286.15 286.15 266.49 266.49 266.49 246.7741 244.11 244.11 244.11 232.22 232.22 232.22 224.3706 223.31 223.31 223.31 213.75 213.75 213.75 219.2736 220.02 220.02 220.02 223.99 223.99 223.99 228.6327 229.26 229.26 229.26 237.76 237.76 237.76 237.76 242.35 242.35 242.35 242.14 242.14 242.14 242.14 242.84 242.84 242.84 251.1 251.1 251.1 264.473 266.28 266.28 266.28 284.4 284.4 284.4 304.1864 306.86 306.86 306.86 349.39
273.35 273.35 265.3342 264.39 264.39 264.383 264.52 264.52 264.52 270.2635 270.94 270.94 271.1638 266.81 266.81 266.81 261.3886 261.44 261.44 261.44 252.3943 252.48 252.48 239.5258 238 238 238 228.8736 228.96 228.96 221.2573 220.1896 223.31 223.31 213.6586 213.75 213.75 219.3593 220.02 220.02 220.02 223.99 223.99 223.99 228.7047 229.26 229.26 228.7994 237.76 237.76 237.76 241.8663 242.35 242.35 242.35 242.138 242.14 242.14 242.1021 242.84 242.84 242.84 251.179 251.1 251.1 264.6804 266.28 266.28 266.28 284.5733 284.4 284.4 304.4933 306.86 306.86 306.86 349.7967
273.35 273.35 265.3342 264.39 264.39 264.383 264.52 264.52 264.52 270.2635 270.94 270.94 271.1638 266.81 266.81 266.81 261.3886 261.44 261.44 261.9255 252.48 252.48 252.48 239.5258 238 238 238 228.8736 228.96 228.96 221.2573 220.35 220.35 220.35 216.9882 217.02 217.02 221.3679 221.88 221.88 221.88 224.54 224.54 224.54 228.7 229.19 229.19 229.0589 231.61 231.61 231.61 234.938 235.33 235.33 235.2373 237.04 237.04 237.04 245.1364 246.09 246.09 242.8089 251.179 251.1 251.1 264.6804 266.28 266.28 266.28 284.5733 284.4 284.4 304.4933 306.86 306.86 306.86 349.7967
273.35 273.35 265.3342 264.39 264.39 264.383 264.52 264.52 264.52 270.2635 270.94 270.94 271.1638 266.81 266.81 266.81 261.3886 261.44 261.44 261.9255 252.48 252.48 252.48 237.8615 238 238 238 228.8736 228.96 228.96 221.2573 220.35 220.35 220.35 216.9882 217.02 217.02 221.3679 221.88 221.88 221.88 224.54 224.54 224.54 228.7 229.19 229.19 229.0589 231.61 231.61 231.61 234.938 235.33 235.33 235.2373 237.04 237.04 237.04 245.1364 246.09 246.09 245.5053 256.88 256.88 256.88 267.5171 268.77 268.77 268.77 289.0016 288.81 288.81 314.7899 317.85 317.85 317.85 354.3659
273.35 273.35 265.3342 264.39 264.39 264.383 264.52 264.52 264.52 270.2635 270.94 270.94 271.1638 266.81 266.81 266.81 261.3886 261.44 261.44 261.9255 252.48 252.48 252.48 237.8615 238 238 238.4899 228.96 228.96 228.96 221.2573 220.35 220.35 220.35 216.9882 217.02 217.02 221.3679 221.88 221.88 221.88 224.54 224.54 224.54 228.7 229.19 229.19 229.0589 231.61 231.61 231.61 234.938 235.33 235.33 235.2373 237.04 237.04 237.04 245.1364 246.09 246.09 245.5053 256.88 256.88 256.88 268.8837 268.77 268.77 268.77 289.0016 288.81 288.81 314.7899 317.85 317.85 317.85 354.3659
293.29 293.29 282.6529 281.4 281.4 281.9354 271.52 271.52 271.8993 270.2635 270.94 270.94 271.1638 266.81 266.81 266.81 261.3886 261.44 261.44 261.9255 252.48 252.48 252.48 237.8615 238 238 238.4899 228.96 228.96 228.96 220.2677 220.35 220.35 220.35 216.9882 217.02 217.02 221.3679 221.88 221.88 221.88 224.54 224.54 224.54 228.7 229.19 229.19 229.0589 231.61 231.61 231.61 234.938 235.33 235.33 235.2373 237.04 237.04 237.04 245.1364 246.09 246.09 245.5053 256.88 256.88 256.88 268.8837 268.77 268.77 268.77 289.0016 288.81 288.81 314.7899 317.85 317.85 317.85 354.3659
293.29 293.29 282.6529 281.4 281.4 281.9354 271.52 271.52 271.52 270.9653 270.9 270.9 271.3048 263.43 263.43 263.43 253.0517 253.15 253.15 253.6258 244.37 244.37 244.37 231.7505 231.87 231.87 232.1214 227.23 227.23 227.23 230.5212 230.49 230.49 230.1486 236.79 216.8309 217.02 221.3679 221.88 221.88 221.88 224.54 224.54 224.54 228.7 229.19 229.19 229.0589 231.61 231.61 231.61 234.938 235.33 235.33 235.2373 237.04 237.04 237.04 245.1364 246.09 246.09 245.5053 256.88 256.88 256.88 268.8837 268.77 268.77 267.6841 288.81 288.81 288.81 314.7899 317.85 317.85 317.85 354.3659
293.29 293.29 281.2863 281.4 281.4 272.5611 271.52 271.52 271.52 270.9653 270.9 270.9 271.3048 263.43 263.43 263.43 253.0517 253.15 253.15 253.6258 244.37 244.37 244.37 231.7505 231.87 231.87 232.1214 227.23 227.23 227.23 230.5212 230.49 230.49 230.1486 236.79 236.79 236.79 237.4563 237.45 237.45 237.45 244.07 244.07 244.07 252.6763 253.69 253.69 253.8677 250.41 250.41 250.41 247.1446 246.76 246.76 246.6798 248.24 248.24 248.24 250.3603 250.61 250.61 250.2366 257.5 257.5 257.5 279.0743 278.87 278.87 276.482 322.94 322.94 322.94 426.9148 425.93 425.93 429.8266 354.02
293.29 293.29 281.2863 281.4 281.4 272.5611 271.52 271.52 271.52 270.8941 270.9 270.9 271.3048 263.43 263.43 263.43 253.0517 253.15 253.15 253.6258 244.37 244.37 244.37 231.7505 231.87 231.87 232.1214 227.23 227.23 227.23 230.5212 230.49 230.49 230.1486 236.79 236.79 236.79 237.4563 237.45 237.45 237.0913 244.07 244.07 244.07 252.6763 253.69 253.69 253.8677 250.41 250.41 250.41 247.1446 246.76 246.76 246.6798 248.24 248.24 248.24 250.3603 250.61 250.61 250.2366 257.5 257.5 257.5 279.0743 278.87 278.87 276.482 322.94 322.94 322.94 426.9148 425.93 425.93 423.9852 461.82
293.29 293.29 281.2863 281.4 281.4 272.5611 271.52 271.52 271.52 270.8941 270.9 270.9 264.2171 263.43 263.43 263.43 253.0517 253.15 253.15 253.6258 244.37 244.37 244.37 231.7505 231.87 231.87 232.1214 227.23 227.23 227.23 230.5212 230.49 230.49 230.1486 236.79 236.79 236.79 237.4563 237.45 237.45 237.0913 244.07 244.07 244.07 253.782 253.69 253.69 253.8677 250.41 250.41 250.41 247.1446 246.76 246.76 246.6798 248.24 248.24 248.24 250.3603 250.61 250.61 250.2366 257.5 257.5 257.5 279.0743 278.87 278.87 276.482 322.94 322.94 322.94 426.9148 425.93 425.93 423.9852 461.82
318.93 318.93 310.5506 310.63 310.63 301.6479 300.59 300.59 300.59 293.6442 293.71 293.71 281.0958 279.61 279.61 279.61 255.29 255.29 255.29 256.1039 244.4092 244.37 244.37 231.7505 231.87 231.87 232.1214 227.23 227.23 227.23 230.5212 230.49 230.49 230.1486 236.79 236.79 236.79 237.4563 237.45 237.45 237.0913 244.07 244.07 244.07 253.782 253.69 253.69 250.7556 250.41 250.41 250.41 247.1446 246.76 246.76 246.6798 248.24 248.24 248.24 250.3603 250.61 250.61 250.2366 257.5 257.5 257.5 279.0743 278.87 278.87 276.482 322.94 322.94 322.94 426.9148 425.93 425.93 423.9852 461.82
318.93 318.93 310.5506 310.63 310.63 301.6479 300.59 300.59 300.59 293.6442 293.71 293.71 281.0958 279.61 279.61 279.61 255.29 255.29 255.29 241.8527 240.27 240.27 240.27 229.8008 229.9 229.9 229.1891 243.02 243.02 243.02 263.7059 263.51 263.51 263.368 266.13 266.13 266.13 263.3032 263.33 263.33 262.9057 271.16 271.16 271.16 282.3156 282.21 282.21 285.0012 250.0761 250.41 250.41 246.7251 246.76 246.76 246.6798 248.24 248.24 248.24 250.3603 250.61 250.61 250.2366 257.5 257.5 257.5 279.0743 278.87 278.87 276.482 322.94 322.94 322.94 426.9148 425.93 425.93 423.9852 461.82
318.93 318.93 310.5506 310.63 310.63 301.6479 300.59 300.59 300.59 293.6442 293.71 293.71 281.0958 279.61 279.61 279.61 255.29 255.29 255.29 241.8527 240.27 240.27 240.8319 229.9 229.9 229.9 229.1891 243.02 243.02 243.02 263.7059 263.51 263.51 263.368 266.13 266.13 266.13 263.3032 263.33 263.33 262.9057 271.16 271.16 271.16 282.3156 282.21 282.21 285.0012 285.33 285.33 285.33 286.0064 286 286 284.0318 283.8 283.8 283.8 278.8885 278.31 278.31 278.4195 276.29 276.29 276.29 300.4892 300.26 300.26 297.1941 356.84 356.84 356.84 490.5768 489.31 489.31 480.5159 651.6
318.93 318.93 310.5506 310.63 310.63 301.6479 300.59 300.59 300.59 293.6442 293.71 293.71 281.0958 279.61 279.61 279.61 255.29 255.29 255.29 241.8527 240.27 240.27 240.8319 229.9 229.9 229.9 241.6375 243.02 243.02 243.02 263.7059 263.51 263.51 263.368 266.13 266.13 266.13 263.3032 263.33 263.33 262.9057 271.16 271.16 271.16 282.3156 282.21 282.21 285.0012 285.33 285.33 285.33 286.0064 286 286 284.0318 283.8 283.8 283.8 278.2575 278.31 278.31 278.4195 276.29 276.29 276.29 300.4892 300.26 300.26 297.1941 356.84 356.84 356.84 490.5768 489.31 489.31 480.5159 651.6
310.79 310.79 317.6449 317.58 317.58 328.4944 300.3109 300.59 300.59 293.6442 293.71 293.71 281.0958 279.61 279.61 279.61 255.29 255.29 255.29 241.8527 240.27 240.27 240.8319 229.9 229.9 229.9 241.6375 243.02 243.02 241.9097 263.51 263.51 263.51 263.368 266.13 266.13 266.13 263.3032 263.33 263.33 262.9057 271.16 271.16 271.16 282.3156 282.21 282.21 285.0012 285.33 285.33 285.33 286.0064 286 286 284.0318 283.8 283.8 283.8 278.2575 278.31 278.31 276.5029 276.29 276.29 276.29 300.4892 300.26 300.26 297.1941 356.84 356.84 356.84 490.5768 489.31 489.31 480.5159 651.6
310.79 310.4221 317.58 317.58 317.58 328.4944 329.78 329.78 329.78 319.8358 319.93 319.93 288.8954 285.24 285.24 285.24 252.48 252.48 252.48 240.2684 238.83 238.83 238.6355 242.42 242.42 242.42 262.2538 264.59 264.59 263.3041 288.32 288.32 266.1244 265.8539 266.13 266.13 266.13 263.3032 263.33 263.33 262.9057 271.16 271.16 271.16 282.3156 282.21 282.21 285.0012 285.33 285.33 285.33 286.0064 286 286 284.0318 283.8 283.8 283.8 278.2575 278.31 278.31 276.5029 276.29 276.29 276.29 300.26 300.26 300.26 297.1941 356.84 356.84 356.84 490.5768 489.31 489.31 480.5159 651.6
310.79 310.4221 317.58 317.58 317.58 329.8967 329.78 329.78 329.78 319.8358 319.93 319.93 288.8954 285.24 285.24 285.24 252.48 252.48 252.48 240.2684 238.83 238.83 238.6355 242.42 242.42 242.42 262.2538 264.59 264.59 263.3041 288.32 288.32 288.32 285.8419 285.55 285.55 285.7228 282.36 282.36 282.36 281.933 290.24 290.24 290.24 294.3489 294.31 294.31 303.3815 304.45 304.45 304.45 309.8814 309.83 309.83 310.9662 311.1 311.1 311.1 306.5065 306.55 306.55 312.5163 276.29 276.29 276.29 300.26 300.26 300.26 350.8779 356.84 356.84 356.84 490.5768 489.31 489.31 480.5159 651.6
310.79 310.4221 317.58 317.58 317.58 329.8967 329.78 329.78 330.3138 319.93 319.93 319.93 288.8954 285.24 285.24 285.24 252.48 252.48 252.48 240.2684 238.83 238.83 238.6355 242.42 242.42 242.42 262.2538 264.59 264.59 263.3041 288.32 288.32 288.32 285.8419 285.55 285.55 285.7228 282.36 282.36 282.36 289.4096 290.24 290.24 290.24 294.3489 294.31 294.31 303.3815 304.45 304.45 304.45 309.8814 309.83 309.83 310.9662 311.1 311.1 311.1 306.5065 306.55 306.55 310.6295 311.11 311.11 311.11 324.65 324.65 324.65 368.6566 373.84 373.84 369.8128 448.16 448.16 448.16 442.783 547.39
310.79 310.4221 317.58 317.58 317.58 329.8967 329.78 329.78 330.3138 319.93 319.93 319.93 284.9083 285.24 285.24 285.24 252.48 252.48 252.48 240.2684 238.83 238.83 238.6355 242.42 242.42 242.42 262.2538 264.59 264.59 263.3041 288.32 288.32 288.32 285.8419 285.55 285.55 285.7228 282.36 282.36 282.36 289.4096 290.24 290.24 290.0194 294.31 294.31 294.31 303.3815 304.45 304.45 304.45 309.8814 309.83 309.83 310.9662 311.1 311.1 311.1 306.5065 306.55 306.55 310.6295 311.11 311.11 311.11 324.65 324.65 324.65 368.6566 373.84 373.84 369.8128 448.16 448.16 448.16 442.783 547.39
304.87 305.0488 301.57 301.57 301.57 306.9308 306.88 306.88 307.3336 298.51 298.51 298.51 274.1694 274.4 274.4 275.9638 245.54 251.7487 252.48 240.2684 238.83 238.83 238.6355 242.42 242.42 242.42 262.2538 264.59 264.59 263.3041 288.32 288.32 288.32 285.8419 285.55 285.55 285.7228 282.36 282.36 282.36 289.4096 290.24 290.24 290.0194 294.31 294.31 294.31 304.547 304.45 304.45 304.45 309.8814 309.83 309.83 310.9662 311.1 311.1 311.1 306.5065 306.55 306.55 310.6295 311.11 311.11 311.11 324.65 324.65 324.65 368.6566 373.84 373.84 369.8128 448.16 448.16 448.16 536.9337 547.39
304.87 305.0488 301.57 301.57 301.57 306.9308 306.88 306.88 307.3336 298.51 298.51 298.51 274.1694 274.4 274.4 275.9638 245.54 245.54 245.54 240.0177 240.07 240.07 239.4664 251.21 251.21 251.21 267.9485 269.92 269.92 268.3952 298.06 298.06 298.06 306.8542 307.89 307.89 308.1339 303.39 303.39 303.39 314.0181 315.27 315.27 314.7893 324.14 297.4533 294.31 304.547 304.45 304.45 304.45 309.8814 309.83 309.83 310.9662 311.1 311.1 311.1 306.5065 306.55 306.55 310.6295 311.11 311.11 311.11 324.65 324.65 324.65 368.6566 373.84 373.84 369.8128 448.16 448.16 448.16 536.9337 547.39
304.87 305.0488 301.57 301.57 301.57 306.9308 306.88 306.88 307.3336 298.51 298.51 298.51 274.1694 274.4 274.4 275.9638 245.54 245.54 245.54 240.0177 240.07 240.07 250.0361 251.21 251.21 251.21 267.9485 269.92 269.92 268.3952 298.06 298.06 298.06 306.8542 307.89 307.89 308.1339 303.39 303.39 303.39 314.0181 315.27 315.27 314.7893 324.14 324.14 324.14 332.1862 332.11 332.11 332.3874 326.99 326.99 326.99 322.9463 322.47 322.47 322.47 330.3748 330.3 330.3 346.9758 348.94 348.94 348.94 355.12 355.12 355.12 397.9904 403.04 403.04 396.3478 526.54 526.54 526.54 667.8192 691.8875
304.87 305.0488 301.57 301.57 301.57 306.9308 306.88 306.88 307.3336 298.51 298.51 298.51 274.1694 274.4 274.4 275.9638 245.54 245.54 245.54 240.0177 240.07 240.07 250.0361 251.21 251.21 251.21 270.0989 269.92 269.92 268.3952 298.06 298.06 298.06 306.8542 307.89 307.89 308.1339 303.39 303.39 303.39 314.0181 315.27 315.27 314.7893 324.14 324.14 324.14 332.1862 332.11 332.11 332.3874 326.99 326.99 326.99 322.4268 322.47 322.47 322.47 330.3748 330.3 330.3 346.9758 348.94 348.94 348.94 355.12 355.12 355.12 397.9904 403.04 403.04 396.3478 526.54 526.54 526.54 667.8192 684.46
304.87 301.9178 301.57 301.57 301.57 306.9308 306.88 306.88 307.3336 298.51 298.51 298.51 274.1694 274.4 274.4 275.9638 245.54 245.54 245.54 240.0177 240.07 240.07 250.0361 251.21 251.21 251.21 270.0989 269.92 269.92 295.0948 298.06 298.06 298.06 306.8542 307.89 307.89 308.1339 303.39 303.39 303.39 314.0181 315.27 315.27 314.7893 324.14 324.14 324.14 332.1862 332.11 332.11 332.3874 326.99 326.99 326.99 322.4268 322.47 322.47 322.0457 330.3 330.3 330.3 346.9758 348.94 348.94 348.94 355.12 355.12 355.12 397.9904 403.04 403.04 396.3478 526.54 526.54 526.54 667.8192 684.46
283.51 280.021 279.61 279.61 279.1136 288.77 288.77 288.77 289.0577 283.46 283.46 283.46 257.7767 258.02 258.02 258.7856 243.89 243.89 243.89 247.5648 247.9342 240.07 250.0361 251.21 251.21 251.21 270.0989 269.92 269.92 295.0948 298.06 298.06 298.06 306.8542 307.89 307.89 308.1339 303.39 303.39 303.39 314.0181 315.27 315.27 314.7893 324.14 324.14 324.14 332.1862 332.11 332.11 332.3874 326.99 326.99 326.99 322.4268 322.47 322.47 322.0457 330.3 330.3 330.3 349.1183 348.94 348.94 348.94 355.12 355.12 355.12 397.9904 403.04 403.04 396.3478 526.54 526.54 526.54 667.8192 684.46
283.51 280.021 279.61 279.61 279.1136 288.77 288.77 288.77 284.0195 283.46 283.46 283.46 257.7767 258.02 258.02 258.7856 243.89 243.89 243.89 247.5648 247.53 247.53 268.5447 271.02 271.02 271.02 286.4663 286.32 286.32 302.0296 303.88 303.88 303.88 327.2615 327.04 327.04 333.4813 334.24 334.24 334.24 336.6644 336.95 336.95 335.9269 355.83 355.83 355.83 372.8613 372.7 372.7 373.7057 354.14 354.14 354.14 337.1289 337.29 337.29 336.1028 359.2 330.3 330.3 349.1183 348.94 348.94 348.94 355.12 355.12 355.12 397.9904 403.04 403.04 396.3478 526.54 526.54 526.54 667.8192 684.46
283.51 280.021 279.61 279.61 279.1136 288.77 288.77 288.77 284.0195 283.46 283.46 284.8385 258.02 258.02 258.02 258.7856 243.89 243.89 243.89 247.5648 247.53 247.53 268.5447 271.02 271.02 271.02 286.4663 286.32 286.32 302.0296 303.88 303.88 303.88 327.2615 327.04 327.04 333.4813 334.24 334.24 334.24 336.6644 336.95 336.95 335.9269 355.83 355.83 355.83 372.8613 372.7 372.7 373.7057 354.14 354.14 354.14 337.1289 337.29 337.29 336.1028 359.2 359.2 359.2 380.7441 380.54 380.54 381.141 369.45 369.45 369.45 385.0075 386.84 386.84 381.0674 493.37 493.37 493.37 672.465 693.56
283.51 280.021 279.61 279.61 279.1136 288.77 288.77 288.77 284.0195 283.46 283.46 284.8385 258.02 258.02 258.02 245.379 243.89 243.89 243.89 247.5648 247.53 247.53 268.5447 271.02 271.02 271.02 286.4663 286.32 286.32 302.0296 303.88 303.88 303.88 327.2615 327.04 327.04 333.4813 334.24 334.24 334.24 336.9759 336.95 336.95 335.9269 355.83 355.83 355.83 372.8613 372.7 372.7 373.7057 354.14 354.14 354.14 337.1289 337.29 337.29 336.1028 359.2 359.2 359.2 380.7441 380.54 380.54 381.141 369.45 369.45 369.45 387.0063 386.84 386.84 381.0674 493.37 493.37 493.37 672.465 693.56
272.11 272.4768 272.52 272.52 271.4709 291.88 289.0977 288.77 284.0195 283.46 283.46 284.8385 258.02 258.02 258.02 245.379 243.89 243.89 243.89 247.5648 247.53 247.53 268.5447 271.02 271.02 271.02 286.4663 286.32 286.32 302.0296 303.88 303.88 303.88 327.2615 327.04 327.04 333.4813 334.24 334.24 334.24 336.9759 336.95 336.95 353.8405 355.83 355.83 355.83 372.8613 372.7 372.7 373.7057 354.14 354.14 354.14 337.1289 337.29 337.29 336.1028 359.2 359.2 359.2 380.7441 380.54 380.54 381.141 369.45 369.45 369.45 387.0063 386.84 386.84 482.1444 493.37 493.37 493.37 672.465 693.56
272.11 272.4768 272.52 272.52 271.4709 291.88 291.88 291.88 295.0112 295.38 295.38 297.0988 263.66 263.66 263.66 251.8241 250.43 250.43 249.6936 264.02 264.02 264.02 292.4512 295.8 295.8 295.8 322.2607 322.01 322.01 344.5724 347.23 347.23 347.23 326.847 327.04 327.04 333.4813 334.24 334.24 334.24 336.9759 336.95 336.95 353.8405 355.83 355.83 355.83 372.7 372.7 372.7 373.7057 354.14 354.14 354.14 337.1289 337.29 337.29 336.1028 359.2 359.2 359.2 380.7441 380.54 380.54 381.141 369.45 369.45 369.45 387.0063 386.84 386.84 482.1444 493.37 493.37 493.37 672.465 693.56
272.11 272.4768 272.52 272.52 271.4709 291.88 291.88 291.88 295.0112 295.38 295.38 297.0988 263.66 263.66 263.66 251.8241 250.43 250.43 249.6936 264.02 264.02 264.02 296.1039 295.8 295.8 295.8 322.2607 322.01 322.01 344.5724 347.23 347.23 347.23 364.0493 363.89 363.89 370.2687 371.02 371.02 371.02 386.6177 386.47 386.47 403.8168 405.86 405.86 405.86 406.49 406.49 406.49 407.4816 388.19 388.19 388.19 377.63 377.73 377.73 377.2261 387.03 387.03 387.03 384.3143 384.5459 380.54 381.141 369.45 369.45 369.45 387.0063 386.84 386.84 482.1444 493.37 493.37 493.37 695.4743 693.56
272.11 272.5239 272.52 272.52 271.4709 291.88 291.88 291.88 295.0112 295.38 295.38 297.0988 263.66 263.66 263.66 251.8241 250.43 250.43 249.6936 264.02 264.02 264.02 296.1039 295.8 295.8 294.3797 322.01 322.01 322.01 344.5724 347.23 347.23 347.23 364.0493 363.89 363.89 370.2687 371.02 371.02 371.02 386.6177 386.47 386.47 403.8168 405.86 405.86 405.86 406.49 406.49 406.49 390.1184 388.19 388.19 388.19 377.63 377.73 377.73 377.2261 387.03 387.03 387.03 384.3143 384.34 384.34 385.485 363.21 363.21 363.21 384.7944 384.59 384.59 493.0006 505.77 505.77 505.77 623.0004 621.89
272.11 272.5239 272.52 272.52 289.8399 291.88 291.88 291.88 295.0112 295.38 295.38 297.0988 263.66 263.66 263.66 251.8241 250.43 250.43 249.6936 264.02 264.02 264.02 296.1039 295.8 295.8 294.3797 322.01 322.01 322.01 347.4712 347.23 347.23 347.23 364.0493 363.89 363.89 370.2687 371.02 371.02 371.02 386.6177 386.47 386.47 403.8168 405.86 405.86 405.86 406.49 406.49 406.49 390.1184 388.19 388.19 388.7568 377.73 377.73 377.73 377.2261 387.03 387.03 387.03 384.3143 384.34 384.34 385.485 363.21 363.21 363.21 384.7944 384.59 384.59 493.0006 505.77 505.77 505.77 623.0004 621.89
265.84 270.8575 270.81 270.81 283.0843 284.53 284.53 284.53 284.36 284.34 284.34 285.9543 254.55 254.55 254.55 262.1812 263.08 263.08 249.5726 264.02 264.02 264.02 296.1039 295.8 295.8 294.3797 322.01 322.01 322.01 347.4712 347.23 347.23 347.23 364.0493 363.89 363.89 370.2687 371.02 371.02 371.02 386.6177 386.47 386.47 403.8168 405.86 405.86 405.86 406.49 406.49 406.49 390.1184 388.19 388.19 388.7568 377.73 377.73 377.73 386.05 387.03 387.03 387.03 384.3143 384.34 384.34 385.485 363.21 363.21 363.21 384.7944 384.59 384.59 493.0006 505.77 505.77 505.77 623.0004 621.89
