Model and model input files/precip_1987.asc
ncols         625
nrows         453
xllcorner     138621.56993419
yllcorner     4094031.9406744
cellsize      1000
NODATA_value  -9999
[rows 68 to 101 of 453, columns 154 to 230 of 625]
525.301 505.05 505.05 505.05 470.9167 471.24 471.24 472.3703 450.38 450.38 450.38 444.9228 444.28 444.28 443.879 451.68 451.68 451.68 449.8102 449.59 449.59 449.4442 452.28 452.28 452.28 456.2343 456.7 456.7 456.7 459.0523 459.03 464.0936 471.2655 472.04 472.04 472.04 487.0017 486.86 486.86 511.9721 514.93 514.93 514.93 547.5287 547.22 547.22 543.2946 619.66 619.66 619.66 574.8152 575.24 575.24 573.4589 608.11 608.11 608.11 988.9069 985.3 985.3 973.4926 1203.2 1203.2 1203.2 1159.578 1154.44 1154.44 1154.44 860.77 -9999 -9999 -9999 -9999 -9999 -9999 -9999 -9999
525.301 505.05 505.05 505.05 470.9167 471.24 471.24 472.3703 450.38 450.38 450.38 444.9228 444.28 444.28 443.879 451.68 451.68 451.68 449.8102 449.59 449.59 449.4442 452.28 452.28 452.28 456.7423 456.7 456.7 456.7 459.0523 459.03 459.03 454.7 454.19 454.19 454.19 477.1374 476.92 476.92 506.1295 509.57 509.57 509.57 543.0471 542.73 542.73 541.5389 564.71 564.71 564.71 502.1474 502.74 502.74 501.3105 529.12 529.12 529.12 792.4139 789.92 789.92 777.6427 1016.49 1016.49 1016.49 1096.377 1095.62 1095.62 1095.62 1028.66 -9999 -9999 -9999 -9999 -9999 -9999 -9999 -9999
525.301 505.05 505.05 505.05 470.9167 471.24 471.24 452.5781 450.38 450.38 450.38 444.9228 444.28 444.28 443.879 451.68 451.68 451.68 449.8102 449.59 449.59 449.4442 452.28 452.28 452.28 456.7423 456.7 456.7 456.7 459.0523 459.03 459.03 454.7 454.19 454.19 454.19 477.1374 476.92 476.92 506.1295 509.57 509.57 509.57 543.0471 542.73 542.73 562.3939 564.71 564.71 564.71 502.1474 502.74 502.74 501.3105 529.12 529.12 529.12 792.4139 789.92 789.92 777.6427 1016.49 1016.49 1016.49 1096.377 1095.62 1095.62 1095.62 1028.66 -9999 -9999 -9999 -9999 -9999 -9999 -9999 -9999
525.301 505.05 505.05 505.05 470.9167 471.24 471.24 452.5781 450.38 450.38 450.38 444.9228 444.28 444.28 443.879 451.68 451.68 451.68 449.8102 449.59 449.59 449.4442 452.28 452.28 452.28 456.7423 456.7 456.7 456.5738 459.03 459.03 459.03 454.7 454.19 454.19 454.19 477.1374 476.92 476.92 506.1295 509.57 509.57 509.57 543.0471 542.73 542.73 562.3939 564.71 564.71 564.71 502.1474 502.74 502.74 501.3105 529.12 529.12 529.12 792.4139 789.92 789.92 777.6427 1016.49 1016.49 1016.49 1096.377 1095.62 1095.62 1095.62 1028.66 -9999 -9999 -9999 -9999 -9999 -9999 -9999 -9999
525.301 505.05 505.05 505.05 470.9167 471.24 471.24 452.5781 450.38 450.38 450.38 444.2217 444.28 444.28 443.879 451.68 451.68 451.68 449.8102 449.59 449.59 449.4442 452.28 452.28 452.28 456.7423 456.7 456.7 456.5738 459.03 459.03 459.03 454.7 454.19 454.19 454.19 477.1374 476.92 476.92 506.1295 509.57 509.57 509.57 543.0471 542.73 542.73 562.3939 564.71 564.71 564.71 502.1474 502.74 502.74 501.3105 529.12 529.12 529.12 792.4139 789.92 789.92 777.6427 1016.49 1016.49 1016.49 1096.377 1095.62 1095.62 1099.248 1028.66 -9999 -9999 -9999 -9999 -9999 -9999 -9999 -9999
491.4248 515.26 515.26 515.26 508.0618 508.13 508.13 485.2097 482.51 482.51 482.51 473.111 473.2 473.2 472.7822 480.91 480.91 480.91 491.1445 492.35 492.35 493.3779 473.38 473.38 473.38 457.3683 457.52 457.52 457.6495 455.13 455.13 455.13 449.8696 449.25 449.25 449.25 467.0896 476.92 476.92 506.1295 509.57 509.57 509.57 543.0471 542.73 542.73 562.3939 564.71 564.71 564.71 502.74 502.74 502.74 501.3105 529.12 529.12 529.12 792.4139 789.92 789.92 777.6427 1016.49 1016.49 1016.49 1096.377 1095.62 1095.62 1099.248 1028.66 -9999 -9999 -9999 -9999 -9999 -9999 -9999 -9999
491.4248 515.26 515.26 515.26 508.0618 508.13 508.13 485.2097 482.51 482.51 482.51 473.111 473.2 473.2 472.7822 480.91 480.91 480.91 491.1445 492.35 492.35 493.3779 473.38 473.38 473.38 457.3683 457.52 457.52 457.6495 455.13 455.13 455.13 449.1938 449.25 449.25 449.25 467.6039 467.43 467.43 489.6793 492.3 492.3 492.3 512.0571 511.87 511.87 494.6216 492.59 492.59 492.59 465.72 465.72 465.72 460.9802 553.19 553.19 553.19 854.2112 851.36 851.36 843.6166 994.26 994.26 994.26 1009.777 1009.63 1009.63 1018.797 840.46 -9999 -9999 -9999 -9999 -9999 -9999 -9999 -9999
491.4248 515.26 515.26 515.26 508.0618 508.13 508.13 485.2097 482.51 482.51 482.51 473.111 473.2 473.2 480.0976 480.91 480.91 480.91 491.1445 492.35 492.35 493.3779 473.38 473.38 473.38 457.3683 457.52 457.52 457.6495 455.13 455.13 455.13 449.1938 449.25 449.25 449.25 467.6039 467.43 467.43 489.6793 492.3 492.3 492.3 512.0571 511.87 511.87 494.6216 492.59 492.59 492.59 465.72 465.72 465.72 460.9802 553.19 553.19 553.19 854.2112 851.36 851.36 843.6166 994.26 994.26 994.26 1009.777 1009.63 1009.63 1018.797 840.46 -9999 -9999 -9999 -9999 -9999 -9999 -9999 -9999
491.4248 515.26 515.26 515.26 508.0618 508.13 508.13 485.2097 482.51 482.51 482.51 473.111 473.2 473.2 480.0976 480.91 480.91 480.91 491.1445 492.35 492.35 493.3779 473.38 473.38 473.38 457.3683 457.52 457.52 457.6495 455.13 455.13 455.13 449.1938 449.25 449.25 448.2649 467.43 467.43 467.43 489.6793 492.3 492.3 492.3 512.0571 511.87 511.87 494.6216 492.59 492.59 492.59 465.72 465.72 465.72 543.9728 553.19 553.19 553.19 854.2112 851.36 851.36 843.6166 994.26 994.26 994.26 1009.777 1009.63 1009.63 1018.797 840.46 -9999 -9999 -9999 -9999 -9999 -9999 -9999 -9999
478.17 477.15 477.15 477.15 492.2328 492.09 492.09 491.4995 491.43 491.43 491.43 497.5681 497.51 497.51 508.0934 480.6382 480.91 480.91 492.4594 492.35 492.35 493.3779 473.38 473.38 473.38 457.3683 457.52 457.52 457.6495 455.13 455.13 455.13 449.1938 449.25 449.25 448.2649 467.43 467.43 467.43 489.6793 492.3 492.3 492.3 512.0571 511.87 511.87 494.6216 492.59 492.59 492.59 465.72 465.72 465.72 543.9728 553.19 553.19 553.19 854.2112 851.36 851.36 843.6166 994.26 994.26 994.26 1009.777 1009.63 1009.63 1018.797 840.46 -9999 -9999 -9999 -9999 -9999 -9999 -9999 -9999
478.17 477.15 477.15 477.15 492.2328 492.09 492.09 491.4995 491.43 491.43 491.43 497.5681 497.51 497.51 508.0934 509.34 509.34 509.34 498.255 498.36 498.36 499.9222 469.53 469.53 469.53 458.8286 458.93 458.93 459.4594 449.16 449.16 449.16 440.9421 441.02 441.02 440.1866 456.4 456.4 456.4 484.9743 488.34 488.34 488.34 542.2809 541.77 541.77 500.7067 495.87 495.87 495.87 459.9 459.9 459.9 562.272 574.33 574.33 575.4755 854.2112 851.36 851.36 843.6166 994.26 994.26 994.26 1009.777 1009.63 1009.63 1018.797 840.46 -9999 -9999 -9999 -9999 -9999 -9999 -9999 -9999
478.17 477.15 477.15 476.3404 492.09 492.09 492.09 491.4995 491.43 491.43 491.43 497.5681 497.51 497.51 508.0934 509.34 509.34 509.34 498.255 498.36 498.36 472.568 469.53 469.53 469.53 458.8286 458.93 458.93 459.4594 449.16 449.16 449.16 440.9421 441.02 441.02 440.1866 456.4 456.4 456.4 488.6454 488.34 488.34 488.34 542.2809 541.77 541.77 500.7067 495.87 495.87 495.87 459.9 459.9 459.9 562.272 574.33 574.33 556.8681 896.58 896.58 896.58 889.9111 1019.65 1019.65 1019.65 925.5487 926.44 926.44 938.1136 711.01 -9999 -9999 -9999 -9999 -9999 -9999 -9999 -9999
478.17 477.15 477.15 476.3404 492.09 492.09 492.09 491.4995 491.43 491.43 491.43 497.5681 497.51 497.51 508.0934 509.34 509.34 509.34 498.255 498.36 498.36 472.568 469.53 469.53 469.53 458.8286 458.93 458.93 459.4594 449.16 449.16 449.16 440.9421 441.02 441.02 440.1866 456.4 456.4 456.4 488.6454 488.34 488.34 488.34 542.2809 541.77 541.77 500.7067 495.87 495.87 495.87 459.9 459.9 459.9 562.272 574.33 574.33 556.8681 896.58 896.58 896.58 889.9111 1019.65 1019.65 1019.65 925.5487 926.44 926.44 938.1136 711.01 -9999 -9999 -9999 -9999 -9999 -9999 -9999 -9999
478.17 477.15 477.15 476.3404 492.09 492.09 492.09 491.4995 491.43 491.43 491.43 497.5681 497.51 497.51 508.0934 509.34 509.34 509.34 498.255 498.36 498.36 472.568 469.53 469.53 469.53 458.8286 458.93 458.93 459.4594 449.16 449.16 449.16 440.9421 441.02 441.02 440.1866 456.4 456.4 456.4 488.6454 488.34 488.34 488.34 542.2809 541.77 541.77 500.7067 495.87 495.87 495.87 459.9 459.9 459.9 562.272 574.33 574.33 556.8681 896.58 896.58 896.58 889.9111 1019.65 1019.65 1019.65 925.5487 926.44 926.44 938.1136 711.01 -9999 -9999 -9999 -9999 -9999 -9999 -9999 -9999
474.6604 470.81 470.81 470.2107 481.87 481.87 481.87 486.413 486.37 486.37 486.37 488.0963 488.08 488.08 508.5043 510.91 510.91 510.91 503.0455 503.12 503.12 489.0565 487.4 487.4 487.4 487.35 487.35 487.35 488.4999 466.13 466.13 466.13 465.2036 441.02 441.02 440.1866 456.4 456.4 456.4 488.6454 488.34 488.34 485.4448 541.77 541.77 541.77 500.7067 495.87 495.87 495.87 459.9 459.9 459.9 562.272 574.33 574.33 556.8681 896.58 896.58 896.58 1006.682 1019.65 1019.65 1019.65 925.5487 926.44 926.44 938.1136 711.01 -9999 -9999 -9999 -9999 -9999 -9999 -9999 -9999
474.6604 470.81 470.81 470.2107 481.87 481.87 481.87 486.413 486.37 486.37 486.37 488.0963 488.08 488.08 508.5043 510.91 510.91 510.91 503.0455 503.12 503.12 489.0565 487.4 487.4 487.4 487.35 487.35 487.35 488.4999 466.13 466.13 466.13 463.9594 463.98 463.98 463.346 475.68 475.68 475.68 485.8362 485.74 485.74 478.5921 617.65 617.65 617.65 512.5673 500.19 500.19 500.19 482.72 482.72 482.72 584.7072 596.72 596.72 580.4285 897.37 897.37 897.37 981.6973 991.63 991.63 991.63 828.2222 829.77 829.77 841.0914 620.84 -9999 -9999 -9999 -9999 -9999 -9999 -9999 -9999
474.6604 470.81 470.81 470.2107 481.87 481.87 481.87 486.413 486.37 486.37 486.2773 488.08 488.08 488.08 508.5043 510.91 510.91 510.91 503.0455 503.12 503.12 489.0565 487.4 487.4 487.4 487.35 487.35 487.35 488.4999 466.13 466.13 466.13 463.9594 463.98 463.98 463.346 475.68 475.68 475.68 485.8362 485.74 485.74 478.5921 617.65 617.65 617.65 512.5673 500.19 500.19 500.19 482.72 482.72 482.72 584.7072 596.72 596.72 580.4285 897.37 897.37 897.37 981.6973 991.63 991.63 991.63 828.2222 829.77 829.77 841.0914 620.84 -9999 -9999 -9999 -9999 -9999 -9999 -9999 -9999
474.6604 470.81 470.81 470.2107 481.87 481.87 481.87 486.413 486.37 486.37 486.2773 488.08 488.08 488.08 508.5043 510.91 510.91 510.91 503.0455 503.12 503.12 489.0565 487.4 487.4 487.4 487.35 487.35 487.35 468.3661 466.13 466.13 466.13 463.9594 463.98 463.98 463.346 475.68 475.68 475.68 485.8362 485.74 485.74 478.5921 617.65 617.65 617.65 499.0668 500.19 500.19 500.19 482.72 482.72 482.72 584.7072 596.72 596.72 580.4285 897.37 897.37 897.37 981.6973 991.63 991.63 1000.401 829.77 829.77 829.77 841.0914 620.84 -9999 -9999 -9999 -9999 -9999 -9999 -9999 -9999
474.6551 470.81 470.81 470.2107 481.87 481.87 481.87 486.413 486.37 486.37 486.2773 488.08 488.08 488.08 508.5043 510.91 510.91 510.91 503.0455 503.12 503.12 489.0565 487.4 487.4 487.4 487.35 487.35 487.35 468.3661 466.13 466.13 466.13 463.9594 463.98 463.98 463.346 475.68 475.68 475.68 485.8362 485.74 485.74 478.5921 617.65 617.65 617.65 499.0668 500.19 500.19 500.19 482.72 482.72 482.72 584.7072 596.72 596.72 580.4285 897.37 897.37 897.37 981.6973 991.63 991.63 1000.401 829.77 829.77 829.77 841.0914 620.84 -9999 -9999 -9999 -9999 -9999 -9999 -9999 -9999
502.7838 502.18 502.18 498.253 574.65 574.65 574.65 587.8248 587.7 587.7 591.6102 515.54 515.54 515.54 620.8071 619.81 619.81 619.81 664.897 664.47 664.47 602.052 594.7 594.7 594.7 533.93 533.93 533.93 515.6886 513.54 513.54 512.7244 528.59 528.59 528.59 530.1241 500.28 500.28 500.28 453.6382 454.08 454.08 454.1174 453.39 453.39 453.39 509.663 509.13 509.13 509.13 493.83 493.83 494.432 584.7072 596.72 596.72 580.4285 897.37 897.37 897.37 981.6973 991.63 991.63 1000.401 829.77 829.77 829.77 841.0914 620.84 -9999 -9999 -9999 -9999 -9999 -9999 -9999 -9999
502.1252 502.18 502.18 498.253 574.65 574.65 574.65 587.8248 587.7 587.7 591.6102 515.54 515.54 515.54 620.8071 619.81 619.81 619.81 664.897 664.47 664.47 602.052 594.7 594.7 594.7 533.93 533.93 533.93 515.6886 513.54 513.54 512.7244 528.59 528.59 528.59 530.1241 500.28 500.28 500.28 453.6382 454.08 454.08 454.1174 453.39 453.39 453.39 509.663 509.13 509.13 509.9591 493.83 493.83 493.83 579.4456 589.53 589.53 576.2644 834.34 834.34 834.34 876.1548 881.08 881.08 886.2267 786.1 786.1 786.1 794.6112 629.03 -9999 -9999 -9999 -9999 -9999 -9999 -9999 -9999
502.1252 502.18 502.18 498.253 574.65 574.65 574.65 587.8248 587.7 587.7 591.6102 515.54 515.54 515.54 620.8071 619.81 619.81 617.39 664.47 664.47 664.47 602.052 594.7 594.7 594.7 533.93 533.93 533.93 515.6886 513.54 513.54 512.7244 528.59 528.59 528.59 530.1241 500.28 500.28 500.28 453.6382 454.08 454.08 454.1174 453.39 453.39 453.39 509.663 509.13 509.13 509.9591 493.83 493.83 493.83 579.4456 589.53 589.53 576.2644 834.34 834.34 834.34 876.1548 881.08 881.08 886.2267 786.1 786.1 786.1 645.5813 629.03 -9999 -9999 -9999 -9999 -9999 -9999 -9999 -9999
502.1252 502.18 502.18 498.253 574.65 574.65 574.65 587.8248 587.7 587.7 591.6102 515.54 515.54 515.54 620.8071 619.81 619.81 617.39 664.47 664.47 664.47 602.052 594.7 594.7 594.7 533.93 533.93 533.93 515.6886 513.54 513.54 512.7244 528.59 528.59 528.59 503.2632 500.28 500.28 500.28 453.6382 454.08 454.08 454.1174 453.39 453.39 453.39 509.663 509.13 509.13 509.9591 493.83 493.83 493.83 579.4456 589.53 589.53 576.2644 834.34 834.34 834.34 876.1548 881.08 881.08 886.2267 786.1 786.1 786.1 645.5813 629.03 -9999 -9999 -9999 -9999 -9999 -9999 -9999 -9999
557.2738 556.99 556.99 613.0562 619.66 619.66 619.66 676.67 676.13 676.13 680.3328 598.57 598.57 598.57 534.1397 534.75 610.8468 617.39 664.47 664.47 664.47 602.052 594.7 594.7 594.7 533.93 533.93 533.93 515.6886 513.54 513.54 512.7244 528.59 528.59 528.59 503.2632 500.28 500.28 500.28 453.6382 454.08 454.08 454.1174 453.39 453.39 453.39 509.663 509.13 509.13 509.9591 493.83 493.83 493.83 590.4452 589.53 589.53 576.2644 834.34 834.34 834.34 876.1548 881.08 881.08 886.2267 786.1 786.1 786.1 645.5813 629.03 -9999 -9999 -9999 -9999 -9999 -9999 -9999 -9999
557.2738 556.99 556.99 613.0562 619.66 619.66 619.66 676.67 676.13 676.13 680.3328 598.57 598.57 598.57 534.1397 534.75 534.75 530.2487 617.82 617.82 617.82 704.9957 704.17 704.17 704.17 621.76 621.76 621.76 567.6262 561.25 561.25 563.6489 516.98 516.98 516.98 480.8819 476.63 476.63 476.63 426.3033 426.78 426.78 425.894 443.13 443.13 443.13 658.7322 656.69 656.69 654.7913 691.73 691.73 691.73 533.1883 534.69 534.69 526.2297 690.82 819.2166 834.34 876.1548 881.08 881.08 886.2267 786.1 786.1 786.1 645.5813 629.03 -9999 -9999 -9999 -9999 -9999 -9999 -9999 -9999
557.2738 556.99 556.99 613.0562 619.66 619.66 619.66 676.13 676.13 676.13 680.3328 598.57 598.57 598.57 534.1397 534.75 534.75 530.2487 617.82 617.82 617.82 704.9957 704.17 704.17 704.17 621.76 621.76 621.76 567.6262 561.25 561.25 563.6489 516.98 516.98 516.98 480.8819 476.63 476.63 479.3312 426.78 426.78 426.78 425.894 443.13 443.13 443.13 658.7322 656.69 656.69 654.7913 691.73 691.73 691.73 533.1883 534.69 534.69 526.2297 690.82 690.82 690.82 867.8215 888.67 888.67 889.8448 866.99 866.99 866.99 736.9652 721.65 -9999 -9999 -9999 -9999 -9999 -9999 -9999 -9999
557.2738 556.99 556.99 613.0562 619.66 619.66 619.66 676.13 676.13 676.13 680.3328 598.57 598.57 598.57 534.1397 534.75 534.75 530.2487 617.82 617.82 617.82 704.9957 704.17 704.17 704.17 621.76 621.76 621.76 567.6262 561.25 561.25 563.6489 516.98 516.98 516.98 480.8819 476.63 476.63 479.3312 426.78 426.78 426.78 425.894 443.13 443.13 443.13 658.7322 656.69 656.69 654.7913 691.73 691.73 691.73 533.1883 534.69 534.69 526.2297 690.82 690.82 690.82 867.8215 888.67 888.67 889.8448 866.99 866.99 866.99 736.9652 721.65 -9999 -9999 -9999 -9999 -9999 -9999 -9999 -9999
557.2738 556.99 556.99 613.0562 619.66 619.66 619.66 676.13 676.13 676.13 680.3328 598.57 598.57 598.57 534.1397 534.75 534.75 530.2487 617.82 617.82 617.82 704.9957 704.17 704.17 708.6356 621.76 621.76 621.76 567.6262 561.25 561.25 563.6489 516.98 516.98 516.98 480.8819 476.63 476.63 479.3312 426.78 426.78 426.78 425.894 443.13 443.13 443.13 658.7322 656.69 656.69 654.7913 691.73 691.73 691.73 533.1883 534.69 534.69 674.3678 690.82 690.82 690.82 867.8215 888.67 888.67 889.8448 866.99 866.99 866.99 736.9652 721.65 -9999 -9999 -9999 -9999 -9999 -9999 -9999 -9999
584.2748 584.6 584.6 691.1946 703.75 703.75 703.75 806.68 806.68 806.68 751.6785 745.2 745.2 745.2 617.8134 619.02 619.02 620.4771 592.13 592.13 592.13 680.3557 679.52 679.52 676.9813 726.37 726.37 726.37 692.6337 688.66 688.66 695.2378 567.27 567.27 522.2793 480.8819 476.63 476.63 479.3312 426.78 426.78 426.78 425.894 443.13 443.13 443.13 658.7322 656.69 656.69 654.7913 691.73 691.73 691.73 533.1883 534.69 534.69 674.3678 690.82 690.82 690.82 867.8215 888.67 888.67 889.8448 866.99 866.99 866.99 736.9652 721.65 -9999 -9999 -9999 -9999 -9999 -9999 -9999 -9999
584.2748 584.6 584.6 691.1946 703.75 703.75 703.75 806.68 806.68 806.68 751.6785 745.2 745.2 745.2 617.8134 619.02 619.02 620.4771 592.13 592.13 592.13 680.3557 679.52 679.52 676.9813 726.37 726.37 726.37 692.6337 688.66 688.66 695.2378 567.27 567.27 567.27 484.1862 474.4 474.4 477.7564 412.46 412.46 412.46 397.3319 395.55 395.55 395.55 519.2315 518.06 518.06 504.3934 770.27 770.27 770.27 749.7355 749.93 749.93 580.658 560.72 560.72 560.72 771.2253 796.02 796.02 787.8778 946.28 946.28 946.28 857.8642 847.45 -9999 -9999 -9999 -9999 -9999 -9999 -9999 -9999
584.2748 584.6 584.6 691.1946 703.75 703.75 703.75 806.68 806.68 806.68 751.6785 745.2 745.2 745.2 617.8134 619.02 619.02 620.4771 592.13 592.13 592.13 680.3557 679.52 679.52 676.9813 726.37 726.37 726.37 688.2994 688.66 688.66 695.2378 567.27 567.27 567.27 484.1862 474.4 474.4 477.7564 412.46 412.46 412.46 397.3319 395.55 395.55 395.55 519.2315 518.06 518.06 504.3934 770.27 770.27 770.27 749.7355 749.93 749.93 580.658 560.72 560.72 560.72 798.2701 796.02 796.02 787.8778 946.28 946.28 946.28 857.8642 847.45 -9999 -9999 -9999 -9999 -9999 -9999 -9999 -9999
584.2748 584.6 584.6 691.1946 703.75 703.75 703.75 806.68 806.68 806.68 751.6785 745.2 745.2 752.0374 619.02 619.02 619.02 620.4771 592.13 592.13 592.13 680.3557 679.52 679.52 676.9813 726.37 726.37 726.37 688.2994 688.66 688.66 695.2378 567.27 567.27 567.27 484.1862 474.4 474.4 477.7564 412.46 412.46 412.46 397.3319 395.55 395.55 395.55 519.2315 518.06 518.06 504.3934 770.27 770.27 770.27 749.7355 749.93 749.93 580.658 560.72 560.72 560.72 798.2701 796.02 796.02 787.8778 946.28 946.28 946.28 857.8642 847.45 -9999 -9999 -9999 -9999 -9999 -9999 -9999 -9999
688.14 688.14 688.14 820.8934 836.53 836.53 836.53 878.03 878.03 878.03 861.8999 860 860 752.0374 619.02 619.02 619.02 620.4771 592.13 592.13 592.13 680.3557 679.52 679.52 676.9813 726.37 726.37 726.37 688.2994 688.66 688.66 695.2378 567.27 567.27 567.27 484.1862 474.4 474.4 477.7564 412.46 412.46 412.46 397.3319 395.55 395.55 388.9115 518.06 518.06 518.06 504.3934 770.27 770.27 770.27 749.7355 749.93 749.93 580.658 560.72 560.72 560.72 798.2701 796.02 796.02 787.8778 946.28 946.28 946.28 857.8642 847.45 -9999 -9999 -9999 -9999 -9999 -9999 -9999 -9999
688.14 688.14 688.14 820.8934 836.53 836.53 836.53 878.03 878.03 878.03 861.8999 860 860 865.0443 766.91 766.91 766.91 767.3082 759.56 759.56 759.56 913.4274 911.97 911.97 911.7766 915.54 915.54 915.54 867.9492 868.4 868.4 696.7841 676.57 676.57 676.57 546.5005 531.18 531.18 535.2776 455.56 455.56 455.56 422.7451 418.88 418.88 417.1108 451.53 451.53 451.53 439.3129 676.99 676.99 676.99 785.1142 753.5296 749.93 580.658 560.72 560.72 560.72 798.2701 796.02 796.02 787.8778 946.28 946.28 946.28 857.8642 847.45 -9999 -9999 -9999 -9999 -9999 -9999 -9999 -9999
