Model and model input files/precip_1992.asc
ncols         625
nrows         453
xllcorner     138621.56993419
yllcorner     4094031.9406744
cellsize      1000
NODATA_value  -9999
[rows 102 to 135 of 453, columns 77 to 153 of 625]
371.2 371.2 387.777 354.7285 355.04 363.7537 364.78 364.78 364.78 373.6636 374.71 374.71 374.1838 384.42 384.42 384.42 404.8737 404.68 404.68 402.4924 445.05 445.05 445.05 474.5726 478.05 478.05 478.05 439.9794 440.34 440.34 449.6709 450.77 450.77 450.77 499.4006 498.94 498.94 498.2664 511.37 511.37 511.37 507.1198 507.16 507.16 506.3418 522.26 522.26 522.26 511.9726 512.07 512.07 512.07 593.9052 593.13 593.13 629.085 633.32 633.32 633.32 630.06 630.06 630.06 675.0417 680.34 680.34 680.34 852.5108 850.88 850.88 853.0242 811.31 811.31 811.31 644.3082 645.89 645.89 641.0538
371.2 371.2 387.777 387.62 387.62 370.5774 368.57 368.57 368.57 360.411 359.45 359.45 358.6805 373.65 373.65 373.65 409.8428 409.5 409.5 408.5219 427.55 427.55 427.55 431.2627 431.7 431.7 431.7 424.734 424.8 423.9579 449.6709 450.77 450.77 450.77 499.4006 498.94 498.94 498.2664 511.37 511.37 511.37 507.1198 507.16 507.16 506.3418 522.26 522.26 522.26 511.9726 512.07 512.07 512.07 593.9052 593.13 593.13 629.085 633.32 633.32 633.32 630.06 630.06 630.06 675.0417 680.34 680.34 671.0989 850.88 850.88 850.88 853.0242 811.31 811.31 811.31 644.3082 645.89 645.89 641.0538
371.2 371.2 387.777 387.62 387.62 370.5774 368.57 368.57 368.57 359.3628 359.45 359.45 358.6805 373.65 373.65 373.65 409.8428 409.5 409.5 408.5219 427.55 427.55 427.55 431.7397 431.7 431.7 431.7 424.734 424.8 424.8 446.6378 449.21 449.21 449.21 488.6637 488.29 488.29 472.6967 470.86 470.86 470.86 481.9753 481.87 481.87 480.7451 502.63 502.63 502.63 503.1348 503.13 503.13 501.6165 531.06 531.06 531.06 634.2639 646.42 646.42 646.42 631.7678 630.06 630.06 675.0417 680.34 680.34 671.0989 850.88 850.88 850.88 853.0242 811.31 811.31 811.31 644.3082 645.89 645.89 641.0538
371.2 371.2 387.777 387.62 387.62 370.5774 368.57 368.57 368.57 359.3628 359.45 359.45 358.6805 373.65 373.65 373.65 409.8428 409.5 409.5 408.5219 427.55 427.55 427.55 431.7397 431.7 431.7 431.7 424.734 424.8 424.8 446.6378 449.21 449.21 449.21 488.6637 488.29 488.29 472.6967 470.86 470.86 470.86 481.9753 481.87 481.87 480.7451 502.63 502.63 502.63 503.1348 503.13 503.13 501.6165 531.06 531.06 531.06 634.2639 646.42 646.42 646.42 631.68 631.68 631.68 645.001 646.57 646.57 644.8934 677.51 677.51 677.51 678.1641 665.44 665.44 665.44 637.0612 637.33 637.33 633.0454
371.2 371.2 387.777 387.62 387.62 370.5774 368.57 368.57 368.57 359.3628 359.45 359.45 372.1537 373.65 373.65 373.65 409.8428 409.5 409.5 408.5219 427.55 427.55 427.55 431.7397 431.7 431.7 432.0739 424.8 424.8 424.8 446.6378 449.21 449.21 449.21 488.6637 488.29 488.29 472.6967 470.86 470.86 470.86 481.87 481.87 481.87 480.7451 502.63 502.63 502.63 503.1348 503.13 503.13 501.6165 531.06 531.06 531.06 647.5231 646.42 646.42 646.42 631.68 631.68 631.68 645.001 646.57 646.57 644.8934 677.51 677.51 677.51 666.7119 665.44 665.44 665.44 637.0612 637.33 637.33 633.0454
371.27 371.27 379.9018 379.82 379.82 372.8419 372.02 372.02 372.02 402.3977 402.11 402.11 398.4063 397.97 397.97 373.4174 409.8428 409.5 409.5 408.5219 427.55 427.55 427.55 431.7397 431.7 431.7 432.0739 424.8 424.8 424.8 446.6378 449.21 449.21 449.21 488.6637 488.29 488.29 472.6967 470.86 470.86 470.86 481.87 481.87 481.87 480.7451 502.63 502.63 502.63 503.1348 503.13 503.13 501.6165 531.06 531.06 531.06 647.5231 646.42 646.42 646.42 631.68 631.68 631.68 645.001 646.57 646.57 644.8934 677.51 677.51 677.51 666.7119 665.44 665.44 665.44 637.0612 637.33 637.33 633.0454
371.27 370.8067 379.82 379.82 379.82 372.8419 372.02 372.02 372.02 402.3977 402.11 402.11 398.4063 397.97 397.97 397.97 393.8106 393.85 393.85 392.42 420.24 420.24 420.24 409.9223 410.02 410.02 409.7117 415.71 415.71 415.71 445.4652 448.97 448.97 448.97 435.9971 436.12 436.12 422.3965 420.78 420.78 420.78 425.27 425.27 482.4112 480.7451 502.63 502.63 502.63 503.1348 503.13 503.13 501.6165 531.06 531.06 531.06 647.5231 646.42 646.42 646.42 631.68 631.68 631.68 645.001 646.57 646.57 644.8934 677.51 677.51 677.51 666.7119 665.44 665.44 665.44 637.0612 637.33 637.33 633.0454
371.27 370.8067 379.82 379.82 379.82 372.8419 372.02 372.02 372.02 402.3977 402.11 402.11 398.4063 397.97 397.97 397.97 393.85 393.85 393.85 392.42 420.24 420.24 420.24 409.9223 410.02 410.02 409.7117 415.71 415.71 415.71 449.2881 448.97 448.97 448.97 435.9971 436.12 436.12 422.3965 420.78 420.78 420.78 425.27 425.27 425.27 425.2789 425.28 425.28 425.28 439.3432 439.21 439.21 437.9837 461.84 461.84 461.84 521.4244 520.86 520.86 518.3137 567.85 567.85 567.85 591.2355 593.99 593.99 596.3748 549.98 549.98 549.98 550.9462 551.06 551.06 550.0147 570.35 570.35 637.9705 633.0454
371.27 370.8067 379.82 379.82 379.82 372.8419 372.02 372.02 372.02 402.3977 402.11 402.11 398.4063 397.97 397.97 397.97 393.85 393.85 393.85 392.42 420.24 420.24 420.24 409.9223 410.02 410.02 409.7117 415.71 415.71 415.71 449.2881 448.97 448.97 448.97 435.9971 436.12 436.12 422.3965 420.78 420.78 420.78 425.27 425.27 425.27 425.2789 425.28 425.28 425.28 439.3432 439.21 439.21 437.9837 461.84 461.84 461.84 521.4244 520.86 520.86 518.3137 567.85 567.85 567.85 591.2355 593.99 593.99 596.3748 549.98 549.98 549.98 550.9462 551.06 551.06 550.0147 570.35 570.35 570.35 563.7418
371.27 370.8067 379.82 379.82 379.82 371.9454 372.02 372.02 372.02 402.3977 402.11 402.11 398.4063 397.97 397.97 397.97 393.85 393.85 393.85 417.4591 420.24 420.24 420.24 409.9223 410.02 410.02 409.7117 415.71 415.71 415.71 449.2881 448.97 448.97 449.6663 436.12 436.12 436.12 422.3965 420.78 420.78 420.78 425.27 425.27 425.27 425.2789 425.28 425.28 424.5252 439.21 439.21 439.21 437.9837 461.84 461.84 461.84 521.4244 520.86 520.86 518.3137 567.85 567.85 567.85 591.2355 593.99 593.99 596.3748 549.98 549.98 549.98 550.9462 551.06 551.06 550.0147 570.35 570.35 570.35 563.7418
378.04 377.6081 386.01 386.01 386.01 369.8772 370.03 370.03 370.03 388.717 388.54 388.54 409.4026 411.86 411.86 411.86 414.38 414.38 414.38 422.1185 423.03 423.03 423.03 449.8036 449.55 449.55 450.8895 416.671 415.71 415.71 449.2881 448.97 448.97 449.6663 436.12 436.12 436.12 422.3965 420.78 420.78 420.78 425.27 425.27 425.27 425.2789 425.28 425.28 424.5252 439.21 439.21 439.21 437.9837 461.84 461.84 461.84 521.4244 520.86 520.86 518.3137 567.85 567.85 567.85 594.2399 593.99 593.99 596.3748 549.98 549.98 549.98 550.9462 551.06 551.06 550.0147 570.35 570.35 570.35 679.4495
378.04 377.6081 386.01 386.01 386.01 369.8772 370.03 370.03 369.027 388.54 388.54 388.54 409.4026 411.86 411.86 411.86 414.38 414.38 414.38 422.1185 423.03 423.03 421.593 449.55 449.55 449.55 450.8895 424.83 424.83 424.83 449.4835 449.25 449.25 450.0525 434.44 434.44 434.44 447.251 448.76 448.76 448.76 431.57 431.57 431.57 438.2439 439.03 439.03 437.2933 471.08 471.08 471.08 469.6375 497.7 497.7 497.7 511.2685 511.14 520.9529 518.3137 567.85 567.85 567.85 594.2399 593.99 593.99 596.3748 549.98 549.98 549.98 550.9462 551.06 551.06 550.0147 570.35 570.35 570.35 679.4495
378.04 377.6081 386.01 386.01 386.01 369.8772 370.03 370.03 369.027 388.54 388.54 388.54 409.4026 411.86 411.86 411.86 414.38 414.38 414.38 422.1185 423.03 423.03 421.593 449.55 449.55 449.55 450.8895 424.83 424.83 424.83 449.4835 449.25 449.25 450.0525 434.44 434.44 434.44 448.8969 448.76 448.76 448.76 431.57 431.57 431.57 438.2439 439.03 439.03 437.2933 471.08 471.08 471.08 494.8949 497.7 497.7 497.7 511.2685 511.14 511.14 511.1481 510.99 510.99 510.99 528.6271 528.46 528.46 607.9295 617.29 617.29 617.29 653.1555 657.38 657.38 658.3776 638.97 638.97 638.97 655.3506
378.04 377.6081 386.01 386.01 386.01 369.8772 370.03 370.03 369.027 388.54 388.54 388.54 412.083 411.86 411.86 411.86 414.38 414.38 414.38 422.1185 423.03 423.03 421.593 449.55 449.55 449.55 450.8895 424.83 424.83 424.83 449.4835 449.25 449.25 450.0525 434.44 434.44 434.44 448.8969 448.76 448.76 448.76 431.57 431.57 431.57 438.2439 439.03 439.03 437.2933 471.08 471.08 471.08 494.8949 497.7 497.7 497.7 511.2685 511.14 511.14 511.1481 510.99 510.99 510.99 528.6271 528.46 528.46 607.9295 617.29 617.29 617.29 653.1555 657.38 657.38 658.3776 638.97 638.97 638.97 655.3506
382.5 382.6084 380.5 380.2014 386.01 369.8772 370.03 370.03 369.027 388.54 388.54 388.54 412.083 411.86 411.86 411.86 414.38 414.38 414.38 422.1185 423.03 423.03 421.593 449.55 449.55 449.55 427.4348 424.83 424.83 424.83 449.4835 449.25 449.25 450.0525 434.44 434.44 434.44 448.8969 448.76 448.76 449.6915 431.57 431.57 431.57 438.2439 439.03 439.03 437.2933 471.08 471.08 471.08 494.8949 497.7 497.7 497.7 511.2685 511.14 511.14 511.1481 510.99 510.99 510.99 528.6271 528.46 528.46 607.9295 617.29 617.29 617.29 653.1555 657.38 657.38 658.3776 638.97 638.97 638.97 655.3506
382.5 380.7108 380.5 380.5 380.5 388.6169 388.54 388.54 386.8033 420.59 420.59 420.59 431.2409 431.14 431.14 431.14 438.8 438.8 438.8 462.1229 464.87 464.87 463 499.38 499.38 499.38 483.572 481.71 481.71 481.71 451.4993 449.25 449.25 450.0525 434.44 434.44 434.44 448.8969 448.76 448.76 449.6915 431.57 431.57 431.57 438.2439 439.03 439.03 437.2933 471.08 471.08 471.08 494.8949 497.7 497.7 496.9717 511.14 511.14 511.14 511.1481 510.99 510.99 510.99 528.6271 528.46 528.46 607.9295 617.29 617.29 617.29 657.7634 657.38 657.38 658.3776 638.97 638.97 638.97 655.3506
382.5 380.7108 380.5 380.5 380.5 388.6169 388.54 388.54 386.8033 420.59 420.59 420.59 431.2409 431.14 431.14 430.7249 438.8 438.8 438.8 462.1229 464.87 464.87 463 499.38 499.38 499.38 483.572 481.71 481.71 482.2622 471.52 471.52 471.52 470.6075 488.36 488.36 488.36 522.0693 521.75 521.75 522.65 505.14 505.14 505.14 483.2933 480.72 480.72 479.6167 501.08 501.08 501.08 494.3435 493.55 493.55 493.7326 490.18 490.18 490.18 489.1076 509.97 509.97 509.97 540.3275 540.04 540.04 700.6252 719.54 719.54 719.54 896.8798 895.2 908.0869 658.3776 638.97 638.97 638.97 655.3506
382.5 380.7108 380.5 380.5 380.0643 388.54 388.54 388.54 386.8033 420.59 420.59 420.59 431.2409 431.14 431.14 430.7249 438.8 438.8 438.8 462.1229 464.87 464.87 463 499.38 499.38 499.38 483.572 481.71 481.71 482.2622 471.52 471.52 471.52 470.6075 488.36 488.36 488.36 522.0693 521.75 521.75 522.65 505.14 505.14 505.14 480.4865 480.72 480.72 479.6167 501.08 501.08 501.08 494.3435 493.55 493.55 493.7326 490.18 490.18 490.18 507.8846 509.97 509.97 509.97 540.3275 540.04 540.04 700.6252 719.54 719.54 719.54 896.8798 895.2 895.2 896.0085 880.28 880.28 880.28 844.5487
382.5 380.7108 380.5 380.5 380.0643 388.54 388.54 388.54 386.8033 420.59 420.59 420.59 431.2409 431.14 431.14 430.7249 438.8 438.8 438.8 465.1193 464.87 464.87 463 499.38 499.38 499.38 483.572 481.71 481.71 482.2622 471.52 471.52 471.52 470.6075 488.36 488.36 488.36 522.0693 521.75 521.75 522.65 505.14 505.14 505.14 480.4865 480.72 480.72 479.6167 501.08 501.08 501.08 494.3435 493.55 493.55 493.7326 490.18 490.18 490.18 507.8846 509.97 509.97 509.97 540.3275 540.04 540.04 700.6252 719.54 719.54 719.54 896.8798 895.2 895.2 881.8522 880.28 880.28 880.28 844.5487
380.3 378.8328 378.66 378.66 376.4822 418.85 418.85 418.85 417.8372 437.54 437.54 437.54 446.5554 446.47 446.47 432.3403 438.8 438.8 438.8 465.1193 464.87 464.87 463 499.38 499.38 499.38 483.572 481.71 481.71 482.2622 471.52 471.52 471.52 486.5855 488.36 488.36 488.36 522.0693 521.75 521.75 522.65 505.14 505.14 505.14 480.4865 480.72 480.72 479.6167 501.08 501.08 501.08 494.3435 493.55 493.55 493.7326 490.18 490.18 490.18 507.8846 509.97 509.97 509.97 540.3275 540.04 540.04 700.6252 719.54 719.54 719.54 896.8798 895.2 895.2 881.8522 880.28 880.28 880.28 844.5487
380.3 378.8328 378.66 378.66 376.4822 418.85 418.85 418.85 435.5706 437.54 437.54 437.54 446.5554 446.47 446.47 446.1134 453.05 453.05 453.05 475.7854 475.57 475.57 474.2885 499.22 499.22 499.22 501.5818 501.86 501.86 503.1215 478.58 478.58 478.58 484.8603 485.6 485.6 485.6 529.4049 528.99 528.99 529.3259 522.79 522.79 523.7464 480.4865 480.72 480.72 498.9345 501.08 501.08 501.08 494.3435 493.55 493.55 493.7326 490.18 490.18 490.18 507.8846 509.97 509.97 508.3406 540.04 540.04 540.04 700.6252 719.54 719.54 719.54 896.8798 895.2 895.2 881.8522 880.28 880.28 880.28 844.5487
380.3 378.8328 378.66 378.66 376.4822 418.85 418.85 418.85 435.5706 437.54 437.54 437.54 446.5554 446.47 446.47 446.1134 453.05 453.05 453.05 475.7854 475.57 475.57 496.7279 499.22 499.22 499.22 501.5818 501.86 501.86 503.1215 478.58 478.58 478.58 484.8603 485.6 485.6 483.2488 528.99 528.99 528.99 529.3259 522.79 522.79 522.79 499.56 499.78 499.78 500.9967 501.14 501.14 501.14 523.8903 526.57 526.57 526.7521 523.21 523.21 523.21 631.7996 644.59 644.59 643.5274 664.2 664.2 664.2 590.796 582.15 582.15 582.15 929.1871 925.9 925.9 1029.551 1041.76 1041.76 1041.76 838.4139
380.3 378.8328 378.66 378.66 376.4822 418.85 418.85 418.85 435.5706 437.54 437.54 437.0561 446.47 446.47 446.47 446.1134 453.05 453.05 453.05 475.7854 475.57 475.57 496.7279 499.22 499.22 499.22 501.5818 501.86 501.86 503.1215 478.58 478.58 478.58 484.8603 485.6 485.6 483.2488 528.99 528.99 528.99 529.3259 522.79 522.79 522.79 499.56 499.78 499.78 500.9967 501.14 501.14 501.14 526.8132 526.57 526.57 526.7521 523.21 523.21 523.21 631.7996 644.59 644.59 643.5274 664.2 664.2 664.2 590.796 582.15 582.15 582.15 929.1871 925.9 925.9 1029.551 1041.76 1041.76 1041.76 1066.393
382.83 378.6201 378.66 378.66 376.4822 418.85 418.85 418.85 435.5706 437.54 437.54 437.0561 446.47 446.47 446.47 446.1134 453.05 453.05 453.05 475.7854 475.57 475.57 496.7279 499.22 499.22 499.22 501.8852 501.86 501.86 503.1215 478.58 478.58 478.58 484.8603 485.6 485.6 483.2488 528.99 528.99 528.99 529.3259 522.79 522.79 522.79 499.56 499.78 499.78 500.9967 501.14 501.14 501.14 526.8132 526.57 526.57 526.7521 523.21 523.21 523.21 631.7996 644.59 644.59 643.5274 664.2 664.2 664.2 581.3654 582.15 582.15 582.15 929.1871 925.9 925.9 1029.551 1041.76 1041.76 1041.76 1066.393
382.83 384.37 384.37 384.37 384.37 419.44 419.44 419.44 436.9447 439.31 439.31 439.31 450.96 450.96 450.96 463.8661 465.61 465.61 465.61 471.3 471.3 471.3 484.9373 486.78 486.78 486.78 500.39 500.39 501.8456 501.8456 478.6208 478.6208 478.6208 484.8605 485.7036 485.7036 485.7036 529.0696 528.99 528.99 523.528 522.79 522.79 522.79 499.78 499.78 499.78 500.9781 501.14 501.14 501.14 526.57 526.57 526.57 526.57 523.21 523.21 523.21 630.1411 644.59 644.59 644.59 664.2 664.2 664.2 582.15 582.15 582.15 582.15 925.9 925.9 925.9 1027.968 1041.76 1041.76 1041.76 1066.16
-9999 -9999 -9999 -9999 -9999 -9999 -9999 -9999 -9999 -9999 -9999 -9999 -9999 -9999 -9999 -9999 -9999 -9999 -9999 -9999 -9999 -9999 -9999 -9999 -9999 -9999 -9999 -9999 -9999 -9999 -9999 -9999 -9999 -9999 -9999 -9999 -9999 -9999 -9999 -9999 -9999 -9999 -9999 -9999 -9999 -9999 -9999 -9999 -9999 -9999 -9999 -9999 -9999 -9999 -9999 -9999 -9999 -9999 -9999 -9999 -9999 -9999 -9999 -9999 -9999 -9999 -9999 -9999 -9999 -9999 -9999 -9999 -9999 -9999 -9999 -9999 -9999
-9999 -9999 -9999 -9999 -9999 -9999 -9999 -9999 -9999 -9999 -9999 -9999 -9999 -9999 -9999 -9999 -9999 -9999 -9999 -9999 -9999 -9999 -9999 -9999 -9999 -9999 -9999 -9999 -9999 -9999 -9999 -9999 -9999 -9999 -9999 -9999 -9999 -9999 -9999 -9999 -9999 -9999 -9999 -9999 -9999 -9999 -9999 -9999 -9999 -9999 -9999 -9999 -9999 -9999 -9999 -9999 -9999 -9999 -9999 -9999 -9999 -9999 -9999 -9999 -9999 -9999 -9999 -9999 -9999 -9999 -9999 -9999 -9999 -9999 -9999 -9999 -9999
-9999 -9999 -9999 -9999 -9999 -9999 -9999 -9999 -9999 -9999 -9999 -9999 -9999 -9999 -9999 -9999 -9999 -9999 -9999 -9999 -9999 -9999 -9999 -9999 -9999 -9999 -9999 -9999 -9999 -9999 -9999 -9999 -9999 -9999 -9999 -9999 -9999 -9999 -9999 -9999 -9999 -9999 -9999 -9999 -9999 -9999 -9999 -9999 -9999 -9999 -9999 -9999 -9999 -9999 -9999 -9999 -9999 -9999 -9999 -9999 -9999 -9999 -9999 -9999 -9999 -9999 -9999 -9999 -9999 -9999 -9999 -9999 -9999 -9999 -9999 -9999 -9999
-9999 -9999 -9999 -9999 -9999 -9999 -9999 -9999 -9999 -9999 -9999 -9999 -9999 -9999 -9999 -9999 -9999 -9999 -9999 -9999 -9999 -9999 -9999 -9999 -9999 -9999 -9999 -9999 -9999 -9999 -9999 -9999 -9999 -9999 -9999 -9999 -9999 -9999 -9999 -9999 -9999 -9999 -9999 -9999 -9999 -9999 -9999 -9999 -9999 -9999 -9999 -9999 -9999 -9999 -9999 -9999 -9999 -9999 -9999 -9999 -9999 -9999 -9999 -9999 -9999 -9999 -9999 -9999 -9999 -9999 -9999 -9999 -9999 -9999 -9999 -9999 -9999
-9999 -9999 -9999 -9999 -9999 -9999 -9999 -9999 -9999 -9999 -9999 -9999 -9999 -9999 -9999 -9999 -9999 -9999 -9999 -9999 -9999 -9999 -9999 -9999 -9999 -9999 -9999 -9999 -9999 -9999 -9999 -9999 -9999 -9999 -9999 -9999 -9999 -9999 -9999 -9999 -9999 -9999 -9999 -9999 -9999 -9999 -9999 -9999 -9999 -9999 -9999 -9999 -9999 -9999 -9999 -9999 -9999 -9999 -9999 -9999 -9999 -9999 -9999 -9999 -9999 -9999 -9999 -9999 -9999 -9999 -9999 -9999 -9999 -9999 -9999 -9999 -9999
-9999 -9999 -9999 -9999 -9999 -9999 -9999 -9999 -9999 -9999 -9999 -9999 -9999 -9999 -9999 -9999 -9999 -9999 -9999 -9999 -9999 -9999 -9999 -9999 -9999 -9999 -9999 -9999 -9999 -9999 -9999 -9999 -9999 -9999 -9999 -9999 -9999 -9999 -9999 -9999 -9999 -9999 -9999 -9999 -9999 -9999 -9999 -9999 -9999 -9999 -9999 -9999 -9999 -9999 -9999 -9999 -9999 -9999 -9999 -9999 -9999 -9999 -9999 -9999 -9999 -9999 -9999 -9999 -9999 -9999 -9999 -9999 -9999 -9999 -9999 -9999 -9999
-9999 -9999 -9999 -9999 -9999 -9999 -9999 -9999 -9999 -9999 -9999 -9999 -9999 -9999 -9999 -9999 -9999 -9999 -9999 -9999 -9999 -9999 -9999 -9999 -9999 -9999 -9999 -9999 -9999 -9999 -9999 -9999 -9999 -9999 -9999 -9999 -9999 -9999 -9999 -9999 -9999 -9999 -9999 -9999 -9999 -9999 -9999 -9999 -9999 -9999 -9999 -9999 -9999 -9999 -9999 -9999 -9999 -9999 -9999 -9999 -9999 -9999 -9999 -9999 -9999 -9999 -9999 -9999 -9999 -9999 -9999 -9999 -9999 -9999 -9999 -9999 -9999
-9999 -9999 -9999 -9999 -9999 -9999 -9999 -9999 -9999 -9999 -9999 -9999 -9999 -9999 -9999 -9999 -9999 -9999 -9999 -9999 -9999 -9999 -9999 -9999 -9999 -9999 -9999 -9999 -9999 -9999 -9999 -9999 -9999 -9999 -9999 -9999 -9999 -9999 -9999 -9999 -9999 -9999 -9999 -9999 -9999 -9999 -9999 -9999 -9999 -9999 -9999 -9999 -9999 -9999 -9999 -9999 -9999 -9999 -9999 -9999 -9999 -9999 -9999 -9999 -9999 -9999 -9999 -9999 -9999 -9999 -9999 -9999 -9999 -9999 -9999 -9999 -9999
-9999 -9999 -9999 -9999 -9999 -9999 -9999 -9999 -9999 -9999 -9999 -9999 -9999 -9999 -9999 -9999 -9999 -9999 -9999 -9999 -9999 -9999 -9999 -9999 -9999 -9999 -9999 -9999 -9999 -9999 -9999 -9999 -9999 -9999 -9999 -9999 -9999 -9999 -9999 -9999 -9999 -9999 -9999 -9999 -9999 -9999 -9999 -9999 -9999 -9999 -9999 -9999 -9999 -9999 -9999 -9999 -9999 -9999 -9999 -9999 -9999 -9999 -9999 -9999 -9999 -9999 -9999 -9999 -9999 -9999 -9999 -9999 -9999 -9999 -9999 -9999 -9999
