Model and model input files/precip_1997.asc
ncols         625
nrows         453
xllcorner     138621.56993419
yllcorner     4094031.9406744
cellsize      1000
NODATA_value  -9999
[rows 0 to 33 of 453, columns 0 to 76 of 625]
-9999 -9999 -9999 -9999 -9999 -9999 -9999 -9999 -9999 -9999 -9999 -9999 -9999 -9999 -9999 -9999 -9999 500.81 500.81 500.9805 520.62 520.62 520.62 534.9796 536.92 536.92 536.92 525.46 525.46 525.46 480.8305 474.8 474.8 474.8 458.5 458.5 458.5 440.9953 438.63 438.63 438.63 414.09 414.09 414.09 403.51 403.51 403.51 403.51 389.15 389.15 389.15 383.93 383.93 383.93 383.93 381.21 381.21 381.21 376.4088 375.76 375.76 375.76 380.16 380.16 380.16 375.9578 375.39 375.39 375.39 367.97 367.97 367.97 374.9208 375.86 375.86 356.7683 357.3725
-9999 -9999 -9999 -9999 -9999 -9999 -9999 -9999 -9999 -9999 -9999 -9999 -9999 -9999 -9999 -9999 -9999 500.81 500.81 518.5325 520.62 520.62 520.62 537.0759 536.92 536.92 537.541 525.46 525.46 525.46 480.1383 474.8 474.8 475.6833 458.5 458.5 458.5 440.7238 438.63 438.63 439.9598 414.09 414.09 414.09 403.4088 403.51 403.51 404.2881 389.15 389.15 389.15 383.8801 383.93 383.93 384.0774 381.21 381.21 381.21 375.7079 375.76 375.76 375.76 380.16 380.16 380.16 375.8926 375.39 375.39 375.7921 367.97 367.97 367.97 375.0286 375.86 375.86 375.8594 375.87
-9999 -9999 -9999 -9999 -9999 -9999 -9999 -9999 -9999 -9999 -9999 -9999 -9999 -9999 -9999 -9999 -9999 480.94 501 518.5325 520.62 520.62 520.62 537.0759 536.92 536.92 526.6676 525.46 525.46 525.46 480.1383 474.8 474.8 475.6833 458.5 458.5 458.5 440.7238 438.63 438.63 439.9598 414.09 414.09 414.09 403.4088 403.51 403.51 404.2881 389.15 389.15 389.15 383.8801 383.93 383.93 384.0774 381.21 381.21 381.21 375.7079 375.76 375.76 375.5216 380.16 380.16 380.16 375.8926 375.39 375.39 375.7921 367.97 367.97 367.97 375.0286 375.86 375.86 375.8594 375.87
-9999 -9999 -9999 -9999 -9999 -9999 -9999 -9999 -9999 -9999 -9999 -9999 -9999 -9999 -9999 -9999 -9999 480.94 480.94 534.9485 541.31 541.31 541.31 521.7649 521.95 521.95 523.1041 523.24 523.24 523.24 536.7076 536.58 536.58 567.3104 570.93 570.93 570.93 474.3731 464.3206 438.63 439.9598 414.09 414.09 414.09 403.4088 403.51 403.51 404.2881 389.15 389.15 389.15 383.8801 383.93 383.93 384.0774 381.21 381.21 381.21 375.7079 375.76 375.76 375.5216 380.16 380.16 380.16 375.3444 375.39 375.39 375.7921 367.97 367.97 367.97 375.0286 375.86 375.86 375.8594 375.87
-9999 -9999 -9999 -9999 -9999 -9999 -9999 -9999 -9999 -9999 -9999 -9999 -9999 -9999 -9999 -9999 -9999 480.94 480.94 534.9485 541.31 541.31 541.31 521.7649 521.95 521.95 523.1041 523.24 523.24 523.24 536.7076 536.58 536.58 567.3104 570.93 570.93 570.93 461.9679 463 463 465.4937 416.98 416.98 416.98 407.2377 407.33 407.33 407.6372 401.66 401.66 401.66 385.5878 385.74 385.74 385.7996 384.64 384.64 384.64 372.6969 372.81 372.81 375.2107 380.16 380.16 380.16 375.3444 375.39 375.39 368.7519 367.97 367.97 367.97 375.0286 375.86 375.86 375.8594 375.87
-9999 -9999 -9999 -9999 -9999 -9999 -9999 -9999 -9999 -9999 -9999 -9999 -9999 -9999 -9999 -9999 -9999 480.94 480.94 534.9485 541.31 541.31 541.31 521.7649 521.95 521.95 523.1041 523.24 523.24 523.24 536.7076 536.58 536.58 567.3104 570.93 570.93 570.93 461.9679 463 463 421.8294 416.98 416.98 416.98 407.2377 407.33 407.33 407.6372 401.66 401.66 401.66 385.5878 385.74 385.74 385.7996 384.64 384.64 384.64 372.6969 372.81 372.81 372.668 375.43 375.43 375.43 384.9704 384.88 384.88 389.711 390.28 390.28 390.28 404.4946 404.36 404.36 404.3313 404.89
-9999 -9999 -9999 -9999 -9999 -9999 -9999 -9999 -9999 -9999 -9999 -9999 -9999 -9999 -9999 -9999 -9999 480.94 480.94 534.9485 541.31 541.31 541.31 521.7649 521.95 521.95 523.1041 523.24 523.24 523.24 536.7076 536.58 536.58 567.3104 570.93 570.93 570.93 461.9679 463 463 421.8294 416.98 416.98 416.98 407.33 407.33 407.33 407.6372 401.66 401.66 401.66 385.5878 385.74 385.74 385.7996 384.64 384.64 384.64 372.6969 372.81 372.81 372.668 375.43 375.43 375.43 384.9704 384.88 384.88 389.711 390.28 390.28 390.28 404.4946 404.36 404.36 404.8342 404.89
-9999 -9999 -9999 -9999 -9999 -9999 -9999 -9999 -9999 -9999 -9999 -9999 -9999 -9999 -9999 -9999 -9999 404.99 404.99 450.7131 450.28 450.28 450.28 491.4298 491.04 491.04 511.3748 523.3306 523.24 523.24 536.7076 536.58 536.58 567.3104 570.93 570.93 570.93 461.9679 463 463 421.8294 416.98 416.98 416.98 407.33 407.33 407.33 402.2575 401.66 401.66 402.5227 385.74 385.74 385.74 385.7996 384.64 384.64 384.64 372.6969 372.81 372.81 372.668 375.43 375.43 375.43 384.9704 384.88 384.88 389.711 390.28 390.28 390.28 404.4946 404.36 404.36 404.8342 404.89
-9999 -9999 -9999 -9999 -9999 -9999 -9999 -9999 -9999 -9999 -9999 -9999 -9999 -9999 -9999 -9999 -9999 404.99 404.99 450.7131 450.28 450.28 448.0713 491.04 491.04 491.04 511.3748 513.77 513.77 513.77 541.4522 541.19 541.19 518.1802 515.47 515.47 515.47 463.2958 463.79 463.79 432.3708 428.67 428.67 428.67 408.83 408.83 408.83 400.5995 399.52 401.66 402.5227 385.74 385.74 385.74 384.7559 384.64 384.64 384.64 372.6969 372.81 372.81 372.668 375.43 375.43 375.43 384.9704 384.88 384.88 389.711 390.28 390.28 390.28 404.4946 404.36 404.36 404.8342 404.89
-9999 -9999 -9999 -9999 -9999 -9999 -9999 -9999 -9999 -9999 -9999 -9999 -9999 -9999 -9999 -9999 -9999 404.99 404.99 450.7131 450.28 450.28 448.0713 491.04 491.04 491.04 513.9874 513.77 513.77 513.77 541.4522 541.19 541.19 518.1802 515.47 515.47 515.47 463.2958 463.79 463.79 432.3708 428.67 428.67 428.67 408.83 408.83 408.83 400.5995 399.63 399.63 400.393 385.55 385.55 385.55 380.3344 379.72 379.72 378.9099 394.67 394.67 394.67 394.6917 394.27 394.27 394.27 397.2785 397.25 397.25 406.7419 407.86 407.86 407.86 404.3265 404.36 404.36 404.8342 404.89
-9999 -9999 -9999 -9999 -9999 -9999 -9999 -9999 -9999 -9999 -9999 -9999 -9999 -9999 -9999 -9999 -9999 404.99 404.99 450.7131 450.28 450.28 448.0713 491.04 491.04 491.04 513.9874 513.77 513.77 512.2842 541.19 541.19 541.19 518.1802 515.47 515.47 515.47 463.2958 463.79 463.79 432.3708 428.67 428.67 428.67 408.83 408.83 408.83 400.5995 399.63 399.63 400.393 385.55 385.55 385.55 380.3344 379.72 379.72 378.9099 394.67 394.67 394.67 394.3121 394.27 394.27 394.27 397.2785 397.25 397.25 406.7419 407.86 407.86 407.86 443.9115 443.57 443.57 441.2619 440.99
-9999 -9999 -9999 -9999 -9999 -9999 -9999 -9999 -9999 -9999 -9999 -9999 -9999 -9999 -9999 -9999 -9999 404.99 404.99 450.7131 450.28 450.28 448.0713 491.04 491.04 491.04 513.9874 513.77 513.77 512.2842 541.19 541.19 541.19 515.224 515.47 515.47 518.2704 463.79 463.79 463.79 432.3708 428.67 428.67 428.67 408.83 408.83 408.83 400.5995 399.63 399.63 400.393 385.55 385.55 385.55 380.3344 379.72 379.72 378.9099 394.67 394.67 394.67 394.3121 394.27 394.27 394.1085 397.25 397.25 397.25 406.7419 407.86 407.86 407.86 443.9115 443.57 443.57 441.2619 440.99
-9999 -9999 -9999 -9999 -9999 -9999 -9999 -9999 -9999 -9999 -9999 -9999 -9999 -9999 -9999 -9999 -9999 329.39 329.39 342.0096 341.89 341.89 340.8112 361.8 361.8 361.8 393.4902 393.19 393.19 385.1703 541.19 541.19 541.19 515.224 515.47 515.47 518.2704 463.79 463.79 463.79 428.3342 428.67 428.67 428.67 408.83 408.83 408.83 400.5995 399.63 399.63 400.393 385.55 385.55 385.55 380.3344 379.72 379.72 378.9099 394.67 394.67 394.67 394.3121 394.27 394.27 394.1085 397.25 397.25 397.25 407.9615 407.86 407.86 407.86 443.9115 443.57 443.57 441.2619 440.99
-9999 -9999 -9999 -9999 -9999 -9999 -9999 -9999 -9999 -9999 -9999 -9999 -9999 -9999 -9999 -9999 -9999 329.39 329.39 342.0096 341.89 341.89 340.8112 361.8 361.8 361.8 393.4902 393.19 393.19 389.5334 460.67 460.67 460.67 518.7097 518.16 518.16 517.3369 533.35 533.35 533.35 524.8495 524.93 524.93 529.5885 438.96 438.96 438.96 406.8966 403.12 403.12 403.6922 392.56 392.56 392.56 392.1395 392.09 392.09 391.9572 394.54 394.6713 394.67 394.3121 394.27 394.27 394.1085 397.25 397.25 397.25 407.9615 407.86 407.86 405.925 443.57 443.57 443.57 441.2619 440.99
-9999 -9999 -9999 -9999 -9999 -9999 -9999 -9999 -9999 -9999 -9999 -9999 -9999 -9999 -9999 -9999 -9999 329.39 329.39 341.89 341.89 341.89 340.8112 361.8 361.8 361.8 393.4902 393.19 393.19 389.5334 460.67 460.67 460.67 518.7097 518.16 518.16 517.3369 533.35 533.35 533.35 524.8495 524.93 524.93 529.5885 438.96 438.96 438.96 402.7773 403.12 403.12 403.6922 392.56 392.56 392.56 392.1395 392.09 392.09 391.9572 394.54 394.54 394.54 406.0359 407.39 407.39 406.0034 432.98 432.98 432.98 472.2823 471.91 471.91 472.9119 453.42 453.42 453.42 430.3212 430.54
-9999 -9999 -9999 -9999 -9999 -9999 -9999 -9999 -9999 -9999 -9999 -9999 -9999 -9999 -9999 -9999 -9999 329.39 329.39 341.89 341.89 341.89 359.702 361.8 361.8 361.8 393.4902 393.19 393.19 389.5334 460.67 460.67 460.67 518.7097 518.16 518.16 517.3369 533.35 533.35 533.35 524.8495 524.93 524.93 529.5885 438.96 438.96 438.96 402.7773 403.12 403.12 393.6728 392.56 392.56 392.56 392.1395 392.09 392.09 391.9572 394.54 394.54 394.54 406.0359 407.39 407.39 406.0034 432.98 432.98 432.98 472.2823 471.91 471.91 472.9119 453.42 453.42 453.42 430.3212 430.54
-9999 -9999 -9999 -9999 -9999 -9999 -9999 -9999 -9999 -9999 -9999 -9999 -9999 -9999 -9999 -9999 -9999 333.92 329.3467 341.89 341.89 341.89 359.702 361.8 361.8 360.099 393.19 393.19 393.19 389.5334 460.67 460.67 460.67 518.7097 518.16 518.16 517.3369 533.35 533.35 533.35 524.8495 524.93 524.93 529.5885 438.96 438.96 438.96 402.7773 403.12 403.12 393.6728 392.56 392.56 392.56 392.0855 392.09 392.09 391.9572 394.54 394.54 394.54 406.0359 407.39 407.39 406.0034 432.98 432.98 432.98 472.2823 471.91 471.91 472.9119 453.42 453.42 453.42 430.3212 430.54
-9999 -9999 -9999 -9999 -9999 -9999 -9999 -9999 -9999 -9999 -9999 -9999 -9999 -9999 -9999 -9999 -9999 333.92 333.92 325.06 325.06 325.06 317.1962 316.27 316.27 316.166 318.19 318.19 318.19 335.3399 337.36 337.36 337.36 396.0257 395.47 395.47 390.8326 481.05 481.05 533.8501 524.8495 524.93 524.93 529.5885 438.96 438.96 438.96 402.7773 403.12 403.12 393.6728 392.56 392.56 392.56 392.0855 392.09 392.09 394.2818 394.54 394.54 394.54 406.0359 407.39 407.39 406.0034 432.98 432.98 432.98 472.2823 471.91 471.91 472.9119 453.42 453.42 453.42 430.3212 430.54
-9999 -9999 -9999 -9999 -9999 -9999 -9999 -9999 -9999 -9999 -9999 -9999 -9999 -9999 -9999 -9999 -9999 333.92 333.92 325.06 325.06 325.06 317.1962 316.27 316.27 316.166 318.19 318.19 318.19 335.3399 337.36 337.36 334.2112 395.47 395.47 395.47 390.8326 481.05 481.05 481.05 522.5632 522.17 522.17 524.241 483.95 483.95 483.95 403.7302 404.49 404.49 385.8549 383.66 383.66 383.66 390.0001 389.94 389.94 433.1325 438.22 438.22 438.22 457.2935 407.39 407.39 406.0034 432.98 432.98 432.98 472.2823 471.91 471.91 472.9119 453.42 453.42 453.42 430.3212 430.54
-9999 -9999 -9999 -9999 -9999 -9999 -9999 -9999 -9999 -9999 -9999 -9999 -9999 -9999 -9999 -9999 -9999 333.92 333.92 325.06 325.06 325.06 317.1962 316.27 316.27 316.166 318.19 318.19 318.19 335.3399 337.36 337.36 334.2112 395.47 395.47 395.47 472.032 481.05 481.05 478.8218 522.17 522.17 522.17 524.241 483.95 483.95 483.95 403.7302 404.49 404.49 385.8549 383.66 383.66 383.66 390.0001 389.94 389.94 433.1325 438.22 438.22 438.22 454.7364 454.58 454.58 460.3772 461.06 461.06 461.06 461.5951 461.59 461.59 462.6943 441.21 441.21 441.21 423.8758 424.04
-9999 -9999 -9999 -9999 -9999 -9999 -9999 -9999 -9999 -9999 -9999 -9999 -9999 -9999 -9999 -9999 -9999 333.92 333.92 325.06 325.06 325.06 317.1962 316.27 316.27 316.166 318.19 318.19 318.19 335.3399 337.36 337.36 334.2112 395.47 395.47 395.47 472.032 481.05 481.05 478.8218 522.17 522.17 522.17 487.9774 483.95 483.95 483.95 403.7302 404.49 404.49 385.8549 383.66 383.66 383.66 390.0001 389.94 389.94 433.1325 438.22 438.22 438.22 454.7364 454.58 454.58 460.3772 461.06 461.06 461.06 461.59 461.59 461.59 462.6943 441.21 441.21 441.21 423.8758 424.04
-9999 -9999 -9999 -9999 -9999 -9999 -9999 -9999 -9999 -9999 -9999 -9999 -9999 -9999 -9999 -9999 -9999 421.42 421.9256 412.09 412.09 412.09 362.9304 357.14 357.14 358.3874 334.12 319.8686 318.19 335.3399 337.36 337.36 334.2112 395.47 395.47 395.47 472.032 481.05 481.05 478.8218 522.17 522.17 522.17 487.9774 483.95 483.95 488.2557 404.49 404.49 404.49 385.8549 383.66 383.66 383.66 390.0001 389.94 389.94 433.1325 438.22 438.22 438.22 454.7364 454.58 454.58 460.3772 461.06 461.06 461.06 461.59 461.59 461.59 443.3575 441.21 441.21 441.21 423.8758 424.04
-9999 -9999 -9999 -9999 -9999 -9999 -9999 -9999 -9999 -9999 -9999 -9999 -9999 -9999 -9999 -9999 -9999 421.42 421.9256 412.09 412.09 412.09 356.6146 357.14 357.14 358.3874 334.12 334.12 334.12 315.5297 313.34 313.34 312.4735 329.33 329.33 329.33 378.7043 384.52 384.52 383.2661 407.66 407.66 407.66 403.9562 403.52 403.52 403.9069 396.38 396.38 404.5675 383.4608 383.66 383.66 383.66 390.0001 389.94 389.94 433.1325 438.22 438.22 438.22 454.7364 454.58 454.58 460.3772 461.06 461.06 461.06 461.59 461.59 461.59 443.3575 441.21 441.21 441.21 424.04 424.04
-9999 -9999 -9999 -9999 -9999 -9999 -9999 -9999 -9999 -9999 -9999 -9999 -9999 -9999 -9999 -9999 -9999 421.42 421.9256 412.09 412.09 412.09 356.6146 357.14 357.14 336.5457 334.12 334.12 334.12 315.5297 313.34 313.34 312.4735 329.33 329.33 329.33 378.7043 384.52 384.52 383.2661 407.66 407.66 407.66 403.9562 403.52 403.52 403.9069 396.38 396.38 396.38 391.4432 391.49 391.49 391.49 437.4756 437.04 437.04 441.4505 441.97 441.97 441.97 431.0869 431.19 431.19 431.9146 432 432 432 427.57 427.57 427.57 414.3474 438.2152 441.21 441.21 424.04 424.04
-9999 -9999 -9999 -9999 -9999 -9999 -9999 -9999 -9999 -9999 -9999 -9999 -9999 -9999 -9999 -9999 -9999 421.42 421.9256 412.09 412.09 412.09 356.6146 357.14 357.14 336.5457 334.12 334.12 334.12 313.1413 313.34 313.34 312.4735 329.33 329.33 329.33 378.7043 384.52 384.52 383.2661 407.66 407.66 407.66 403.9562 403.52 403.52 403.9069 396.38 396.38 396.38 391.4432 391.49 391.49 389.0218 437.04 437.04 437.04 441.4505 441.97 441.97 441.97 431.0869 431.19 431.19 431.9146 432 432 432 427.57 427.57 427.57 414.3474 412.79 412.79 412.79 404.63 404.63
-9999 -9999 -9999 -9999 -9999 -9999 -9999 -9999 -9999 -9999 -9999 -9999 -9999 -9999 -9999 -9999 -9999 421.42 421.9256 412.09 412.09 412.09 356.6146 357.14 357.14 336.5457 334.12 334.12 334.12 313.1413 313.34 313.34 327.6451 329.33 329.33 329.33 378.7043 384.52 384.52 383.2661 407.66 407.66 407.66 403.9562 403.52 403.52 403.9069 396.38 396.38 396.38 391.4432 391.49 391.49 389.0218 437.04 437.04 437.04 442.0172 441.97 441.97 442.5541 431.19 431.19 431.19 431.9146 432 432 432 427.57 427.57 427.57 414.3474 412.79 412.79 412.79 404.63 404.63
-9999 -9999 -9999 -9999 -9999 -9999 -9999 -9999 -9999 -9999 -9999 -9999 -9999 -9999 -9999 -9999 -9999 467.41 466.3495 486.98 486.98 486.98 449.505 449.86 449.86 440.0907 438.94 438.94 438.94 361.3551 362.09 362.09 328.1032 324.1 324.1 324.1 332.9034 385.0144 384.52 383.2661 407.66 407.66 407.66 403.9562 403.52 403.52 403.9069 396.38 396.38 396.38 391.4432 391.49 391.49 389.0218 437.04 437.04 437.04 442.0172 441.97 441.97 442.5541 431.19 431.19 431.19 431.9146 432 432 432 427.57 427.57 427.57 414.3474 412.79 412.79 412.79 404.63 404.63
-9999 -9999 -9999 -9999 -9999 -9999 -9999 -9999 -9999 -9999 -9999 -9999 -9999 -9999 -9999 -9999 -9999 467.41 466.3495 486.98 486.98 486.98 449.505 449.86 449.86 440.0907 438.94 438.94 438.94 361.3551 362.09 362.09 328.1032 324.1 324.1 324.1 332.9034 332.82 332.82 343.6002 344.87 344.87 344.87 348.3054 348.71 348.71 347.4241 372.44 372.44 372.44 419.8592 419.41 419.41 417.1422 461.26 461.26 461.26 445.5613 445.71 441.9342 442.5541 431.19 431.19 431.19 432.0078 432 432 432 427.57 427.57 427.57 414.3474 412.79 412.79 412.79 404.63 404.63
-9999 -9999 -9999 -9999 -9999 -9999 -9999 -9999 -9999 -9999 -9999 -9999 -9999 -9999 -9999 -9999 -9999 467.41 484.9178 486.98 486.98 486.98 449.505 449.86 449.86 440.0907 438.94 438.94 438.94 361.3551 362.09 362.09 328.1032 324.1 324.1 324.1 332.9034 332.82 332.82 343.6002 344.87 344.87 344.87 348.7467 348.71 348.71 347.4241 372.44 372.44 372.44 419.8592 419.41 419.41 417.1422 461.26 461.26 461.26 445.5613 445.71 445.71 446.9834 422.21 422.21 422.21 411.0442 411.15 411.15 411.6068 402.72 402.72 402.72 400.054 399.74 399.74 399.74 400.13 400.13
-9999 -9999 -9999 -9999 -9999 -9999 -9999 -9999 -9999 -9999 -9999 -9999 -9999 -9999 -9999 -9999 -9999 467.41 484.9178 486.98 486.98 488.9915 449.86 449.86 449.86 440.0907 438.94 438.94 438.94 361.3551 362.09 362.09 328.1032 324.1 324.1 324.1 332.9034 332.82 332.82 343.6002 344.87 344.87 344.87 348.7467 348.71 348.71 369.9395 372.44 372.44 372.44 419.8592 419.41 419.41 417.1422 461.26 461.26 461.26 445.5613 445.71 445.71 446.9834 422.21 422.21 422.21 411.0442 411.15 411.15 411.6068 402.72 402.72 402.72 399.7115 399.74 399.74 399.74 400.13 400.13
-9999 -9999 -9999 -9999 -9999 -9999 -9999 -9999 -9999 -9999 -9999 -9999 -9999 -9999 -9999 -9999 -9999 493.08 487.6228 486.98 486.98 488.9915 449.86 449.86 449.86 438.8356 438.94 438.94 438.94 361.3551 362.09 362.09 328.1032 324.1 324.1 324.1 332.9034 332.82 332.82 343.6002 344.87 344.87 344.87 348.7467 348.71 348.71 369.9395 372.44 372.44 372.44 419.41 419.41 419.41 417.1422 461.26 461.26 461.26 445.5613 445.71 445.71 446.9834 422.21 422.21 422.21 411.0442 411.15 411.15 411.6068 402.72 402.72 402.72 399.7115 399.74 399.74 399.7188 400.13 400.13
-9999 -9999 -9999 -9999 -9999 -9999 -9999 -9999 -9999 -9999 -9999 -9999 -9999 -9999 -9999 -9999 -9999 493.08 489.7341 489.34 489.34 491.1672 455.62 455.62 455.62 483.2517 482.99 482.99 485.4908 436.84 436.84 436.84 363.4807 354.84 354.84 354.84 331.2667 331.49 331.49 330.5954 330.49 330.49 330.49 344.2503 344.12 344.12 363.8863 372.44 372.44 372.44 419.41 419.41 419.41 456.8501 461.26 461.26 461.26 445.5613 445.71 445.71 446.9834 422.21 422.21 422.21 411.0442 411.15 411.15 411.6068 402.72 402.72 402.72 399.7115 399.74 399.74 399.7188 400.13 400.13
-9999 -9999 -9999 -9999 -9999 -9999 -9999 -9999 -9999 -9999 -9999 -9999 -9999 -9999 -9999 -9999 -9999 493.08 489.7341 489.34 489.34 491.1672 455.62 455.62 455.62 483.2517 482.99 482.99 485.4908 436.84 436.84 436.84 354.0559 354.84 354.84 354.84 331.2667 331.49 331.49 330.5954 330.49 330.49 330.49 344.2503 344.12 344.12 364.2043 366.57 366.57 366.57 393.22 393.22 393.22 421.2307 424.53 424.53 421.6721 477.27 477.27 477.27 477.5328 472.42 472.42 472.42 424.2639 424.72 424.72 425.8666 403.56 403.6055 402.72 399.7115 399.74 399.74 399.7188 400.13 400.13
-9999 -9999 -9999 -9999 -9999 -9999 -9999 -9999 -9999 -9999 -9999 -9999 -9999 -9999 -9999 -9999 -9999 493.08 489.7341 489.34 489.34 491.1672 455.62 455.62 455.62 483.2517 482.99 482.99 485.4908 436.84 436.84 436.84 354.0559 354.84 354.84 356.1053 331.49 331.49 331.49 330.5954 330.49 330.49 330.49 344.2503 344.12 344.12 364.2043 366.57 366.57 366.57 393.22 393.22 393.22 421.2307 424.53 424.53 421.6721 477.27 477.27 477.27 472.9311 472.42 472.42 472.42 424.2639 424.72 424.72 425.8666 403.56 403.56 403.56 397.4219 397.48 397.48 397.448 398.07 398.07
