Model and model input files/precip_1987.asc
ncols         625
nrows         453
xllcorner     138621.56993419
yllcorner     4094031.9406744
cellsize      1000
NODATA_value  -9999
[rows 102 to 135 of 453, columns 0 to 76 of 625]
-9999 -9999 -9999 -9999 -9999 -9999 -9999 -9999 -9999 -9999 -9999 -9999 -9999 -9999 -9999 -9999 -9999 303.31 302.8987 310.9 310.9 310.9 324.7916 324.66 324.66 317.1988 316.32 316.32 316.32 316.6421 316.68 316.68 316.2676 324.29 324.29 324.29 331.8943 332.79 332.79 332.5857 336.56 336.56 336.56 336.0398 346.16 346.16 346.16 352.6414 352.58 352.58 353.6714 353.8 353.8 353.8 405.1766 404.69 404.69 400.7446 477.5 477.5 477.5 443.54 439.54 439.54 441.3602 405.95 405.95 405.95 390.4229 390.57 390.57 390.57 379.0206 379.13 379.13 383.0753 383.54
-9999 -9999 -9999 -9999 -9999 -9999 -9999 -9999 -9999 -9999 -9999 -9999 -9999 -9999 -9999 -9999 -9999 303.31 302.8987 310.9 310.9 310.9 324.7916 324.66 324.66 317.1988 316.32 316.32 316.32 316.6421 316.68 316.68 316.2676 324.29 324.29 324.29 331.8943 332.79 332.79 332.5857 336.56 336.56 336.56 336.0398 346.16 346.16 346.16 352.6414 352.58 352.58 353.6714 353.8 353.8 353.8 405.1766 404.69 404.69 400.7446 477.5 477.5 477.5 443.54 439.54 439.54 441.3602 405.95 405.95 405.95 390.4229 390.57 390.57 390.57 379.0206 379.13 379.13 383.0753 383.54
-9999 -9999 -9999 -9999 -9999 -9999 -9999 -9999 -9999 -9999 -9999 -9999 -9999 -9999 -9999 -9999 -9999 303.31 302.8987 310.9 310.9 310.9 324.7916 324.66 324.66 317.1988 316.32 316.32 316.32 316.6834 316.68 316.68 316.2676 324.29 324.29 324.29 331.8943 332.79 332.79 332.5857 336.56 336.56 336.56 345.1484 346.16 346.16 346.16 352.6414 352.58 352.58 353.6714 353.8 353.8 353.8 405.1766 404.69 404.69 469.8276 477.5 477.5 477.5 443.54 439.54 439.54 441.3602 405.95 405.95 405.95 390.4229 390.57 390.57 391.1899 379.13 379.13 379.13 383.0753 383.54
-9999 -9999 -9999 -9999 -9999 -9999 -9999 -9999 -9999 -9999 -9999 -9999 -9999 -9999 -9999 -9999 -9999 309.57 310.9567 311.12 311.12 311.12 316.7635 316.71 316.71 321.5499 322.12 322.12 322.12 326.8447 326.8 326.8 334.0107 334.86 334.86 334.86 339.691 340.26 340.26 340.2882 339.74 339.74 339.74 345.118 346.16 346.16 346.16 352.6414 352.58 352.58 353.6714 353.8 353.8 353.8 405.1766 404.69 404.69 469.8276 477.5 477.5 477.5 443.54 439.54 439.54 441.3602 405.95 405.95 405.95 390.4229 390.57 390.57 391.1899 379.13 379.13 379.13 383.0753 383.54
-9999 -9999 -9999 -9999 -9999 -9999 -9999 -9999 -9999 -9999 -9999 -9999 -9999 -9999 -9999 -9999 -9999 309.57 310.9567 311.12 311.12 311.12 316.7635 316.71 316.71 321.5499 322.12 322.12 322.12 326.8447 326.8 326.8 334.0107 334.86 334.86 334.86 339.691 340.26 340.26 340.2882 339.74 339.74 339.74 343.8195 344.3 344.3 343.2953 362.84 362.84 362.84 379.5158 381.48 381.48 381.48 456.5107 455.8 455.8 503.4835 509.1 509.1 509.1 456.9157 457.41 457.41 459.7417 414.38 406.8383 405.95 390.4229 390.57 390.57 391.1899 379.13 379.13 379.13 383.5822 383.54
-9999 -9999 -9999 -9999 -9999 -9999 -9999 -9999 -9999 -9999 -9999 -9999 -9999 -9999 -9999 -9999 -9999 309.57 310.9567 311.12 311.12 310.8171 316.71 316.71 316.71 321.5499 322.12 322.12 322.12 326.8447 326.8 326.8 334.0107 334.86 334.86 334.86 340.3116 340.26 340.26 340.2882 339.74 339.74 339.74 343.8195 344.3 344.3 343.2953 362.84 362.84 362.84 379.5158 381.48 381.48 381.48 456.5107 455.8 455.8 503.4835 509.1 509.1 509.1 456.9157 457.41 457.41 459.7417 414.38 414.38 414.38 399.913 400.05 400.05 400.6797 388.43 388.43 388.43 382.1303 382.19
-9999 -9999 -9999 -9999 -9999 -9999 -9999 -9999 -9999 -9999 -9999 -9999 -9999 -9999 -9999 -9999 -9999 309.57 310.9567 311.12 311.12 310.8171 316.71 316.71 316.71 321.5499 322.12 322.12 322.12 326.8447 326.8 326.8 334.0107 334.86 334.86 334.86 340.3116 340.26 340.26 340.2882 339.74 339.74 339.74 343.8195 344.3 344.3 343.2953 362.84 362.84 362.84 381.6583 381.48 381.48 381.48 456.5107 455.8 455.8 503.4835 509.1 509.1 509.1 456.9157 457.41 457.41 418.9143 414.38 414.38 414.38 399.913 400.05 400.05 400.6797 388.43 388.43 388.43 382.1303 382.19
-9999 -9999 -9999 -9999 -9999 -9999 -9999 -9999 -9999 -9999 -9999 -9999 -9999 -9999 -9999 -9999 -9999 317.83 319.2077 319.37 319.37 318.9988 326.22 317.7121 316.71 322.1717 322.12 322.12 322.12 326.8447 326.8 326.8 334.0107 334.86 334.86 334.86 340.3116 340.26 340.26 339.7948 339.74 339.74 339.74 343.8195 344.3 344.3 343.2953 362.84 362.84 362.84 381.6583 381.48 381.48 381.48 456.5107 455.8 455.8 503.4835 509.1 509.1 509.1 456.9157 457.41 457.41 418.9143 414.38 414.38 414.38 399.913 400.05 400.05 400.6797 388.43 388.43 388.43 382.1303 382.19
-9999 -9999 -9999 -9999 -9999 -9999 -9999 -9999 -9999 -9999 -9999 -9999 -9999 -9999 -9999 -9999 -9999 317.83 319.2077 319.37 319.37 318.9988 326.22 326.22 326.22 327.1791 327.17 327.17 327.17 331.0366 331 331 337.3518 338.1 338.1 338.1 336.2626 336.28 336.28 338.1855 338.41 338.41 338.41 369.9366 373.65 347.3927 343.2953 362.84 362.84 362.84 381.6583 381.48 381.48 377.4528 455.8 455.8 455.8 503.4835 509.1 509.1 509.1 456.9157 457.41 457.41 418.9143 414.38 414.38 414.38 400.05 400.05 400.05 400.6797 388.43 388.43 388.43 382.1303 382.19
-9999 -9999 -9999 -9999 -9999 -9999 -9999 -9999 -9999 -9999 -9999 -9999 -9999 -9999 -9999 -9999 -9999 317.83 319.2077 319.37 319.37 318.9988 326.22 326.22 326.22 327.1791 327.17 327.17 326.9625 331 331 331 337.3518 338.1 338.1 338.1 336.2626 336.28 336.28 338.1855 338.41 338.41 338.41 373.987 373.65 373.65 370.3386 434.76 434.76 434.76 462.3615 462.1 462.1 460.7166 487.63 487.63 487.63 477.3955 476.19 476.19 476.19 439.9164 440.26 440.26 420.7035 418.4 418.4 418.4 405.48 399.9981 400.05 400.6797 388.43 388.43 388.43 382.1303 382.19
-9999 -9999 -9999 -9999 -9999 -9999 -9999 -9999 -9999 -9999 -9999 -9999 -9999 -9999 -9999 -9999 -9999 317.83 319.3847 319.37 319.37 318.9988 326.22 326.22 326.22 327.1791 327.17 327.17 326.9625 331 331 331 337.3518 338.1 338.1 338.1 336.2626 336.28 336.28 338.1855 338.41 338.41 338.41 373.987 373.65 373.65 370.3386 434.76 434.76 434.76 462.3615 462.1 462.1 460.7166 487.63 487.63 487.63 476.0806 476.19 476.19 476.19 439.9164 440.26 440.26 420.7035 418.4 418.4 418.4 405.48 405.48 405.48 393.0358 391.57 391.57 391.57 389.4297 389.45
-9999 -9999 -9999 -9999 -9999 -9999 -9999 -9999 -9999 -9999 -9999 -9999 -9999 -9999 -9999 -9999 -9999 317.83 319.3847 319.37 319.37 318.9988 326.22 326.22 326.22 327.1791 327.17 327.17 326.9625 331 331 331 338.1679 338.1 338.1 338.1 336.2626 336.28 336.28 338.1855 338.41 338.41 338.41 373.987 373.65 373.65 428.3206 434.76 434.76 434.76 462.3615 462.1 462.1 460.7166 487.63 487.63 487.63 476.0806 476.19 476.19 476.19 439.9164 440.26 440.26 420.7035 418.4 418.4 418.4 405.48 405.48 405.48 393.0358 391.57 391.57 391.57 389.4297 389.45
-9999 -9999 -9999 -9999 -9999 -9999 -9999 -9999 -9999 -9999 -9999 -9999 -9999 -9999 -9999 -9999 -9999 332.38 323.0314 323.12 323.12 322.95 322.93 322.93 322.93 330.956 330.88 330.88 330.4839 338.19 338.19 338.19 337.8871 338.102 338.1 338.1 336.2626 336.28 336.28 338.1855 338.41 338.41 338.41 373.987 373.65 373.65 428.3206 434.76 434.76 434.76 462.3615 462.1 462.1 460.7166 487.63 487.63 487.63 476.0806 476.19 476.19 478.137 440.26 440.26 440.26 420.7035 418.4 418.4 418.4 405.48 405.48 405.48 393.0358 391.57 391.57 391.57 389.4297 389.45
-9999 -9999 -9999 -9999 -9999 -9999 -9999 -9999 -9999 -9999 -9999 -9999 -9999 -9999 -9999 -9999 -9999 332.38 323.0314 323.12 323.12 322.95 322.93 322.93 322.93 330.956 330.88 330.88 330.4839 338.19 338.19 338.19 337.8871 337.89 337.89 338.1366 333.34 333.34 333.34 331.0319 330.76 330.76 330.76 369.2546 368.89 368.89 441.3367 449.87 449.87 449.87 538.71 538.71 538.71 539.046 532.51 532.51 487.63 476.0806 476.19 476.19 478.137 440.26 440.26 440.26 420.7035 418.4 418.4 418.4 405.48 405.48 405.48 393.0358 391.57 391.57 391.57 389.45 389.45
-9999 -9999 -9999 -9999 -9999 -9999 -9999 -9999 -9999 -9999 -9999 -9999 -9999 -9999 -9999 -9999 -9999 332.38 323.0314 323.12 323.12 322.95 322.93 322.93 322.93 330.88 330.88 330.88 330.4839 338.19 338.19 338.19 337.8871 337.89 337.89 338.1366 333.34 333.34 333.34 331.0319 330.76 330.76 330.76 369.2546 368.89 368.89 441.3367 449.87 449.87 449.87 538.71 538.71 538.71 539.046 532.51 532.51 532.51 474.5005 475.05 475.05 477.0365 438.39 438.39 438.39 410.3544 410.62 410.62 410.62 395.38 395.38 395.38 393.2597 393.01 393.01 393.01 396.17 396.17
-9999 -9999 -9999 -9999 -9999 -9999 -9999 -9999 -9999 -9999 -9999 -9999 -9999 -9999 -9999 -9999 -9999 332.38 323.0314 323.12 323.12 322.95 322.93 322.93 322.93 330.88 330.88 330.88 330.4839 338.19 338.19 338.19 337.8871 337.89 337.89 338.1366 333.34 333.34 333.34 330.7354 330.76 330.76 330.76 369.2546 368.89 368.89 441.3367 449.87 449.87 449.87 538.71 538.71 538.71 539.046 532.51 532.51 532.51 474.5005 475.05 475.05 477.0365 438.39 438.39 438.39 410.3544 410.62 410.62 410.62 395.38 395.38 395.38 393.2597 393.01 393.01 393.01 396.17 396.17
-9999 -9999 -9999 -9999 -9999 -9999 -9999 -9999 -9999 -9999 -9999 -9999 -9999 -9999 -9999 -9999 -9999 328.15 343.0814 342.94 342.94 322.7605 322.93 322.93 322.93 330.88 330.88 330.88 337.4197 338.19 338.19 338.19 337.8871 337.89 337.89 338.1366 333.34 333.34 333.34 330.7354 330.76 330.76 330.76 369.2546 368.89 368.89 441.3367 449.87 449.87 449.87 538.71 538.71 538.71 533.1633 532.51 532.51 532.51 474.5005 475.05 475.05 477.0365 438.39 438.39 438.39 410.3544 410.62 410.62 411.4458 395.38 395.38 395.38 393.2597 393.01 393.01 393.01 396.17 396.17
-9999 -9999 -9999 -9999 -9999 -9999 -9999 -9999 -9999 -9999 -9999 -9999 -9999 -9999 -9999 -9999 -9999 327.3486 342.94 342.94 342.94 336.1677 335.37 335.37 335.37 336.59 336.59 336.59 346.3772 347.53 347.53 347.53 347.0252 347.03 347.03 347.4738 338.84 338.84 338.84 335.9627 335.99 335.99 334.3096 368.6909 368.89 368.89 441.3367 449.87 449.87 449.87 538.71 538.71 538.71 533.1633 532.51 532.51 532.51 474.5005 475.05 475.05 477.0365 438.39 438.39 438.39 410.3544 410.62 410.62 411.4458 395.38 395.38 395.38 393.2597 393.01 393.01 393.01 396.17 396.17
-9999 -9999 -9999 -9999 -9999 -9999 -9999 -9999 -9999 -9999 -9999 -9999 -9999 -9999 -9999 -9999 -9999 327.3486 342.94 342.94 342.94 336.1677 335.37 335.37 335.37 336.59 336.59 336.59 346.3772 347.53 347.53 347.5571 347.03 347.03 347.03 347.4738 338.84 338.84 338.84 335.9627 335.99 335.99 334.3096 367 367 367 418.0831 424.1 424.1 424.1 553.46 553.46 553.46 542.2861 540.97 540.97 544.0652 483.85 483.85 483.85 486.082 442.66 442.66 442.66 418.5718 418.8 419.2433 411.4458 395.38 395.38 395.38 393.2597 393.01 393.01 393.01 396.17 396.17
-9999 -9999 -9999 -9999 -9999 -9999 -9999 -9999 -9999 -9999 -9999 -9999 -9999 -9999 -9999 -9999 -9999 327.3486 342.94 342.94 342.94 335.2976 335.37 335.37 335.37 336.59 336.59 336.59 346.3772 347.53 347.53 347.5571 347.03 347.03 347.03 347.4738 338.84 338.84 338.84 335.9627 335.99 335.99 334.3096 367 367 367 424.646 424.1 424.1 424.1 553.46 553.46 553.46 542.2861 540.97 540.97 544.0652 483.85 483.85 483.85 486.082 442.66 442.66 442.66 418.5718 418.8 418.8 419.5391 405.16 405.16 405.16 406.8864 406.87 406.87 406.87 397.64 397.64
-9999 -9999 -9999 -9999 -9999 -9999 -9999 -9999 -9999 -9999 -9999 -9999 -9999 -9999 -9999 -9999 -9999 327.3486 342.94 342.94 342.94 335.2976 335.37 335.37 335.37 336.59 336.59 336.59 346.3772 347.53 347.53 347.5571 347.03 347.03 347.03 339.703 338.84 338.84 338.84 335.9627 335.99 335.99 334.3096 367 367 367 424.646 424.1 424.1 424.1 553.46 553.46 553.46 542.2861 540.97 540.97 544.0652 483.85 483.85 483.85 447.0004 442.66 442.66 442.66 418.5718 418.8 418.8 419.5391 405.16 405.16 405.16 406.8864 406.87 406.87 406.87 397.64 397.64
-9999 -9999 -9999 -9999 -9999 -9999 -9999 -9999 -9999 -9999 -9999 -9999 -9999 -9999 -9999 -9999 -9999 352.5653 385.34 385.34 385.34 356.416 356.69 357.8453 335.3039 336.59 336.59 336.59 346.3772 347.53 347.53 347.5571 347.03 347.03 347.03 339.703 338.84 338.84 338.84 335.9627 335.99 335.99 334.3096 367 367 367 424.646 424.1 424.1 417.0903 553.46 553.46 553.46 542.2861 540.97 540.97 544.0652 483.85 483.85 483.85 447.0004 442.66 442.66 442.66 418.5718 418.8 418.8 419.5391 405.16 405.16 405.16 406.8864 406.87 406.87 407.3701 397.64 397.64
-9999 -9999 -9999 -9999 -9999 -9999 -9999 -9999 -9999 -9999 -9999 -9999 -9999 -9999 -9999 -9999 -9999 352.5653 385.34 385.34 385.34 356.416 356.69 356.69 356.7225 356.09 356.09 356.09 371.8712 373.73 373.73 372.6837 393.04 393.04 393.04 382.3671 381.11 381.11 383.1198 344.02 344.02 344.02 342.5705 370.77 370.77 370.77 409.5574 409.19 409.19 403.2955 517.97 517.97 517.97 538.5463 540.97 540.97 544.0652 483.85 483.85 483.85 447.0004 442.66 442.66 443.9529 418.8 418.8 418.8 419.5391 405.16 405.16 405.16 406.8864 406.87 406.87 407.3701 397.64 397.64
-9999 -9999 -9999 -9999 -9999 -9999 -9999 -9999 -9999 -9999 -9999 -9999 -9999 -9999 -9999 -9999 -9999 352.5653 385.34 385.34 385.34 356.416 356.69 356.69 356.7225 356.09 356.09 356.09 373.8987 373.73 373.73 372.6837 393.04 393.04 393.04 382.3671 381.11 381.11 383.1198 344.02 344.02 344.02 342.5705 370.77 370.77 370.77 409.5574 409.19 409.19 403.2955 517.97 517.97 517.97 554.7484 554.4 554.4 558.1173 485.8 485.8 485.8 455.0428 451.42 451.42 452.5721 430.16 430.16 430.16 430.6623 420.89 420.89 420.89 409.2598 409.37 409.37 409.8642 400.25 400.25
-9999 -9999 -9999 -9999 -9999 -9999 -9999 -9999 -9999 -9999 -9999 -9999 -9999 -9999 -9999 -9999 -9999 381.6391 385.34 385.34 385.34 356.69 356.69 356.69 356.69 356.09 356.09 356.09 373.73 373.73 373.73 373.73 393.04 393.04 393.04 382.5301 381.11 381.11 381.11 344.02 344.02 344.02 367.5857 370.77 370.77 370.77 409.19 409.19 409.19 409.19 517.97 517.97 517.97 554.4 554.4 554.4 554.4 485.8 485.8 485.8 455.5126 451.42 451.42 451.42 430.16 430.16 430.16 430.0802 420.89 420.89 420.89 409.37 409.37 409.37 409.37 400.25 400.25
-9999 -9999 -9999 -9999 -9999 -9999 -9999 -9999 -9999 -9999 -9999 -9999 -9999 -9999 -9999 -9999 -9999 -9999 -9999 -9999 -9999 -9999 -9999 -9999 -9999 -9999 -9999 -9999 -9999 -9999 -9999 -9999 -9999 -9999 -9999 -9999 -9999 -9999 -9999 -9999 -9999 -9999 -9999 -9999 -9999 -9999 -9999 -9999 -9999 -9999 -9999 -9999 -9999 -9999 -9999 -9999 -9999 -9999 -9999 -9999 -9999 -9999 -9999 -9999 -9999 -9999 -9999 -9999 -9999 -9999 -9999 -9999 -9999 -9999 -9999 -9999 -9999
-9999 -9999 -9999 -9999 -9999 -9999 -9999 -9999 -9999 -9999 -9999 -9999 -9999 -9999 -9999 -9999 -9999 -9999 -9999 -9999 -9999 -9999 -9999 -9999 -9999 -9999 -9999 -9999 -9999 -9999 -9999 -9999 -9999 -9999 -9999 -9999 -9999 -9999 -9999 -9999 -9999 -9999 -9999 -9999 -9999 -9999 -9999 -9999 -9999 -9999 -9999 -9999 -9999 -9999 -9999 -9999 -9999 -9999 -9999 -9999 -9999 -9999 -9999 -9999 -9999 -9999 -9999 -9999 -9999 -9999 -9999 -9999 -9999 -9999 -9999 -9999 -9999
-9999 -9999 -9999 -9999 -9999 -9999 -9999 -9999 -9999 -9999 -9999 -9999 -9999 -9999 -9999 -9999 -9999 -9999 -9999 -9999 -9999 -9999 -9999 -9999 -9999 -9999 -9999 -9999 -9999 -9999 -9999 -9999 -9999 -9999 -9999 -9999 -9999 -9999 -9999 -9999 -9999 -9999 -9999 -9999 -9999 -9999 -9999 -9999 -9999 -9999 -9999 -9999 -9999 -9999 -9999 -9999 -9999 -9999 -9999 -9999 -9999 -9999 -9999 -9999 -9999 -9999 -9999 -9999 -9999 -9999 -9999 -9999 -9999 -9999 -9999 -9999 -9999
-9999 -9999 -9999 -9999 -9999 -9999 -9999 -9999 -9999 -9999 -9999 -9999 -9999 -9999 -9999 -9999 -9999 -9999 -9999 -9999 -9999 -9999 -9999 -9999 -9999 -9999 -9999 -9999 -9999 -9999 -9999 -9999 -9999 -9999 -9999 -9999 -9999 -9999 -9999 -9999 -9999 -9999 -9999 -9999 -9999 -9999 -9999 -9999 -9999 -9999 -9999 -9999 -9999 -9999 -9999 -9999 -9999 -9999 -9999 -9999 -9999 -9999 -9999 -9999 -9999 -9999 -9999 -9999 -9999 -9999 -9999 -9999 -9999 -9999 -9999 -9999 -9999
-9999 -9999 -9999 -9999 -9999 -9999 -9999 -9999 -9999 -9999 -9999 -9999 -9999 -9999 -9999 -9999 -9999 -9999 -9999 -9999 -9999 -9999 -9999 -9999 -9999 -9999 -9999 -9999 -9999 -9999 -9999 -9999 -9999 -9999 -9999 -9999 -9999 -9999 -9999 -9999 -9999 -9999 -9999 -9999 -9999 -9999 -9999 -9999 -9999 -9999 -9999 -9999 -9999 -9999 -9999 -9999 -9999 -9999 -9999 -9999 -9999 -9999 -9999 -9999 -9999 -9999 -9999 -9999 -9999 -9999 -9999 -9999 -9999 -9999 -9999 -9999 -9999
-9999 -9999 -9999 -9999 -9999 -9999 -9999 -9999 -9999 -9999 -9999 -9999 -9999 -9999 -9999 -9999 -9999 -9999 -9999 -9999 -9999 -9999 -9999 -9999 -9999 -9999 -9999 -9999 -9999 -9999 -9999 -9999 -9999 -9999 -9999 -9999 -9999 -9999 -9999 -9999 -9999 -9999 -9999 -9999 -9999 -9999 -9999 -9999 -9999 -9999 -9999 -9999 -9999 -9999 -9999 -9999 -9999 -9999 -9999 -9999 -9999 -9999 -9999 -9999 -9999 -9999 -9999 -9999 -9999 -9999 -9999 -9999 -9999 -9999 -9999 -9999 -9999
-9999 -9999 -9999 -9999 -9999 -9999 -9999 -9999 -9999 -9999 -9999 -9999 -9999 -9999 -9999 -9999 -9999 -9999 -9999 -9999 -9999 -9999 -9999 -9999 -9999 -9999 -9999 -9999 -9999 -9999 -9999 -9999 -9999 -9999 -9999 -9999 -9999 -9999 -9999 -9999 -9999 -9999 -9999 -9999 -9999 -9999 -9999 -9999 -9999 -9999 -9999 -9999 -9999 -9999 -9999 -9999 -9999 -9999 -9999 -9999 -9999 -9999 -9999 -9999 -9999 -9999 -9999 -9999 -9999 -9999 -9999 -9999 -9999 -9999 -9999 -9999 -9999
-9999 -9999 -9999 -9999 -9999 -9999 -9999 -9999 -9999 -9999 -9999 -9999 -9999 -9999 -9999 -9999 -9999 -9999 -9999 -9999 -9999 -9999 -9999 -9999 -9999 -9999 -9999 -9999 -9999 -9999 -9999 -9999 -9999 -9999 -9999 -9999 -9999 -9999 -9999 -9999 -9999 -9999 -9999 -9999 -9999 -9999 -9999 -9999 -9999 -9999 -9999 -9999 -9999 -9999 -9999 -9999 -9999 -9999 -9999 -9999 -9999 -9999 -9999 -9999 -9999 -9999 -9999 -9999 -9999 -9999 -9999 -9999 -9999 -9999 -9999 -9999 -9999
-9999 -9999 -9999 -9999 -9999 -9999 -9999 -9999 -9999 -9999 -9999 -9999 -9999 -9999 -9999 -9999 -9999 -9999 -9999 -9999 -9999 -9999 -9999 -9999 -9999 -9999 -9999 -9999 -9999 -9999 -9999 -9999 -9999 -9999 -9999 -9999 -9999 -9999 -9999 -9999 -9999 -9999 -9999 -9999 -9999 -9999 -9999 -9999 -9999 -9999 -9999 -9999 -9999 -9999 -9999 -9999 -9999 -9999 -9999 -9999 -9999 -9999 -9999 -9999 -9999 -9999 -9999 -9999 -9999 -9999 -9999 -9999 -9999 -9999 -9999 -9999 -9999
