Model and model input files/precip_2008.asc
ncols         625
nrows         453
xllcorner     138621.56993419
yllcorner     4094031.9406744
cellsize      1000
NODATA_value  -9999
[rows 0 to 33 of 453, columns 0 to 76 of 625]
-9999 -9999 -9999 -9999 -9999 -9999 -9999 -9999 -9999 -9999 -9999 -9999 -9999 -9999 -9999 -9999 -9999 326.33 326.33 326.4549 340.84 340.84 340.84 352.592 354.18 354.18 354.18 335.86 335.86 335.86 297.9082 292.78 292.78 292.78 286.77 286.77 286.77 269.1244 266.74 266.74 266.74 252.52 252.52 252.52 249.13 249.13 249.13 249.13 240.87 240.87 240.87 243.49 243.49 243.49 243.49 249.44 249.44 249.44 252.9022 253.37 253.37 253.37 262.19 262.19 262.19 257.4593 256.82 256.82 256.82 252.68 252.68 252.68 263.1194 264.53 264.53 248.6467 254.2529
-9999 -9999 -9999 -9999 -9999 -9999 -9999 -9999 -9999 -9999 -9999 -9999 -9999 -9999 -9999 -9999 -9999 326.33 326.33 339.311 340.84 340.84 340.84 354.3076 354.18 354.18 355.1727 335.86 335.86 335.86 297.3195 292.78 292.78 293.1057 286.77 286.77 286.77 268.8506 266.74 266.74 267.5105 252.52 252.52 252.52 249.0976 249.13 249.13 249.5776 240.87 240.87 240.87 243.5151 243.49 243.49 243.1676 249.44 249.44 249.44 253.4076 253.37 253.37 253.37 262.19 262.19 262.19 257.3859 256.82 256.82 257.0443 252.68 252.68 252.68 263.2813 264.53 264.53 264.1371 271.78
-9999 -9999 -9999 -9999 -9999 -9999 -9999 -9999 -9999 -9999 -9999 -9999 -9999 -9999 -9999 -9999 -9999 304.7 326.5368 339.311 340.84 340.84 340.84 354.3076 354.18 354.18 337.7905 335.86 335.86 335.86 297.3195 292.78 292.78 293.1057 286.77 286.77 286.77 268.8506 266.74 266.74 267.5105 252.52 252.52 252.52 249.0976 249.13 249.13 249.5776 240.87 240.87 240.87 243.5151 243.49 243.49 243.1676 249.44 249.44 249.44 253.4076 253.37 253.37 252.8921 262.19 262.19 262.19 257.3859 256.82 256.82 257.0443 252.68 252.68 252.68 263.2813 264.53 264.53 264.1371 271.78
-9999 -9999 -9999 -9999 -9999 -9999 -9999 -9999 -9999 -9999 -9999 -9999 -9999 -9999 -9999 -9999 -9999 304.7 304.7 355.9531 361.99 361.99 361.99 344.3933 344.56 344.56 340.7042 340.25 340.25 340.25 344.793 344.75 344.75 382.5658 387.02 387.02 387.02 298.3984 289.1099 266.74 267.5105 252.52 252.52 252.52 249.0976 249.13 249.13 249.5776 240.87 240.87 240.87 243.5151 243.49 243.49 243.1676 249.44 249.44 249.44 253.4076 253.37 253.37 252.8921 262.19 262.19 262.19 256.7686 256.82 256.82 257.0443 252.68 252.68 252.68 263.2813 264.53 264.53 264.1371 271.78
-9999 -9999 -9999 -9999 -9999 -9999 -9999 -9999 -9999 -9999 -9999 -9999 -9999 -9999 -9999 -9999 -9999 304.7 304.7 355.9531 361.99 361.99 361.99 344.3933 344.56 344.56 340.7042 340.25 340.25 340.25 344.793 344.75 344.75 382.5658 387.02 387.02 387.02 287.0127 287.96 287.96 289.6208 257.31 257.31 257.31 249.8796 249.95 249.95 249.9841 249.32 249.32 249.32 241.9502 242.02 242.02 241.748 247.04 247.04 247.04 246.6665 246.67 246.67 252.1861 262.19 262.19 262.19 256.7686 256.82 256.82 253.1162 252.68 252.68 252.68 263.2813 264.53 264.53 264.1371 271.78
-9999 -9999 -9999 -9999 -9999 -9999 -9999 -9999 -9999 -9999 -9999 -9999 -9999 -9999 -9999 -9999 -9999 304.7 304.7 355.9531 361.99 361.99 361.99 344.3933 344.56 344.56 340.7042 340.25 340.25 340.25 344.793 344.75 344.75 382.5658 387.02 387.02 387.02 287.0127 287.96 287.96 260.5397 257.31 257.31 257.31 249.8796 249.95 249.95 249.9841 249.32 249.32 249.32 241.9502 242.02 242.02 241.748 247.04 247.04 247.04 246.6665 246.67 246.67 246.1969 255.4 255.4 255.4 264.9908 264.9 264.9 271.1176 271.85 271.85 271.85 287.0843 286.94 286.94 286.5574 294
-9999 -9999 -9999 -9999 -9999 -9999 -9999 -9999 -9999 -9999 -9999 -9999 -9999 -9999 -9999 -9999 -9999 304.7 304.7 355.9531 361.99 361.99 361.99 344.3933 344.56 344.56 340.7042 340.25 340.25 340.25 344.793 344.75 344.75 382.5658 387.02 387.02 387.02 287.0127 287.96 287.96 260.5397 257.31 257.31 257.31 249.95 249.95 249.95 249.9841 249.32 249.32 249.32 241.9502 242.02 242.02 241.748 247.04 247.04 247.04 246.6665 246.67 246.67 246.1969 255.4 255.4 255.4 264.9908 264.9 264.9 271.1176 271.85 271.85 271.85 287.0843 286.94 286.94 293.256 294
-9999 -9999 -9999 -9999 -9999 -9999 -9999 -9999 -9999 -9999 -9999 -9999 -9999 -9999 -9999 -9999 -9999 241.56 241.56 279.9638 279.6 279.6 279.6 314.8337 314.5 314.5 328.9303 340.342 340.25 340.25 344.793 344.75 344.75 382.5658 387.02 387.02 387.02 287.0127 287.96 287.96 260.5397 257.31 257.31 257.31 249.95 249.95 249.95 249.3864 249.32 249.32 249.7156 242.02 242.02 242.02 241.748 247.04 247.04 247.04 246.6665 246.67 246.67 246.1969 255.4 255.4 255.4 264.9908 264.9 264.9 271.1176 271.85 271.85 271.85 287.0843 286.94 286.94 293.256 294
-9999 -9999 -9999 -9999 -9999 -9999 -9999 -9999 -9999 -9999 -9999 -9999 -9999 -9999 -9999 -9999 -9999 241.56 241.56 279.9638 279.6 279.6 277.7089 314.5 314.5 314.5 328.9303 330.63 330.63 330.63 349.3372 349.16 349.16 342.8708 342.13 342.13 342.13 295.4781 295.92 295.92 269.7164 266.63 266.63 266.63 252.14 252.14 252.14 248.973 248.561 249.32 249.7156 242.02 242.02 242.02 246.511 247.04 247.04 247.04 246.6665 246.67 246.67 246.1969 255.4 255.4 255.4 264.9908 264.9 264.9 271.1176 271.85 271.85 271.85 287.0843 286.94 286.94 293.256 294
-9999 -9999 -9999 -9999 -9999 -9999 -9999 -9999 -9999 -9999 -9999 -9999 -9999 -9999 -9999 -9999 -9999 241.56 241.56 279.9638 279.6 279.6 277.7089 314.5 314.5 314.5 330.7842 330.63 330.63 330.63 349.3372 349.16 349.16 342.8708 342.13 342.13 342.13 295.4781 295.92 295.92 269.7164 266.63 266.63 266.63 252.14 252.14 252.14 248.973 248.6 248.6 248.9679 241.81 241.81 241.81 242.3378 242.4 242.4 241.4848 259.29 259.29 259.29 258.8934 266.61 266.61 266.61 267.8013 267.79 267.79 279.608 281 281 281 286.9968 286.94 286.94 293.256 294
-9999 -9999 -9999 -9999 -9999 -9999 -9999 -9999 -9999 -9999 -9999 -9999 -9999 -9999 -9999 -9999 -9999 241.56 241.56 279.9638 279.6 279.6 277.7089 314.5 314.5 314.5 330.7842 330.63 330.63 329.6259 349.16 349.16 349.16 342.8708 342.13 342.13 342.13 295.4781 295.92 295.92 269.7164 266.63 266.63 266.63 252.14 252.14 252.14 248.973 248.6 248.6 248.9679 241.81 241.81 241.81 242.3378 242.4 242.4 241.4848 259.29 259.29 259.29 265.8387 266.61 266.61 266.61 267.8013 267.79 267.79 279.608 281 281 281 313.407 313.1 313.1 319.2997 320.03
-9999 -9999 -9999 -9999 -9999 -9999 -9999 -9999 -9999 -9999 -9999 -9999 -9999 -9999 -9999 -9999 -9999 241.56 241.56 279.9638 279.6 279.6 277.7089 314.5 314.5 314.5 330.7842 330.63 330.63 329.6259 349.16 349.16 349.16 342.0628 342.13 342.13 344.634 295.92 295.92 295.92 269.7164 266.63 266.63 266.63 252.14 252.14 252.14 248.973 248.6 248.6 248.9679 241.81 241.81 241.81 242.3378 242.4 242.4 241.4848 259.29 259.29 259.29 265.8387 266.61 266.61 266.5461 267.79 267.79 267.79 279.608 281 281 281 313.407 313.1 313.1 319.2997 320.03
-9999 -9999 -9999 -9999 -9999 -9999 -9999 -9999 -9999 -9999 -9999 -9999 -9999 -9999 -9999 -9999 -9999 194.55 194.55 205.3725 205.27 205.27 204.3851 221.6 221.6 221.6 243.7195 243.51 243.51 237.7851 349.16 349.16 349.16 342.0628 342.13 342.13 344.634 295.92 295.92 295.92 266.3499 266.63 266.63 266.63 252.14 252.14 252.14 248.973 248.6 248.6 248.9679 241.81 241.81 241.81 242.3378 242.4 242.4 241.4848 259.29 259.29 259.29 265.8387 266.61 266.61 266.5461 267.79 267.79 267.79 281.1263 281 281 281 313.407 313.1 313.1 319.2997 320.03
-9999 -9999 -9999 -9999 -9999 -9999 -9999 -9999 -9999 -9999 -9999 -9999 -9999 -9999 -9999 -9999 -9999 194.55 194.55 205.3725 205.27 205.27 204.3851 221.6 221.6 221.6 243.7195 243.51 243.51 241.0342 289.2 289.2 289.2 344.5038 343.98 343.98 342.7408 366.85 366.85 366.85 351.8984 352.04 352.04 355.7031 284.44 284.44 284.44 257.9323 254.81 254.81 254.9926 251.44 251.44 251.44 252.7998 252.96 252.96 252.8115 255.7 259.3243 259.29 265.8387 266.61 266.61 266.5461 267.79 267.79 267.79 281.1263 281 281 279.2606 313.1 313.1 313.1 319.2997 320.03
-9999 -9999 -9999 -9999 -9999 -9999 -9999 -9999 -9999 -9999 -9999 -9999 -9999 -9999 -9999 -9999 -9999 194.55 194.55 205.27 205.27 205.27 204.3851 221.6 221.6 221.6 243.7195 243.51 243.51 241.0342 289.2 289.2 289.2 344.5038 343.98 343.98 342.7408 366.85 366.85 366.85 351.8984 352.04 352.04 355.7031 284.44 284.44 284.44 254.5267 254.81 254.81 254.9926 251.44 251.44 251.44 252.7998 252.96 252.96 252.8115 255.7 255.7 255.7 267.5717 268.97 268.97 268.0038 286.8 286.8 286.8 325.0927 324.73 324.73 325.1023 317.86 317.86 317.86 308.0571 308.15
-9999 -9999 -9999 -9999 -9999 -9999 -9999 -9999 -9999 -9999 -9999 -9999 -9999 -9999 -9999 -9999 -9999 194.55 194.55 205.27 205.27 205.27 219.8792 221.6 221.6 221.6 243.7195 243.51 243.51 241.0342 289.2 289.2 289.2 344.5038 343.98 343.98 342.7408 366.85 366.85 366.85 351.8984 352.04 352.04 355.7031 284.44 284.44 284.44 254.5267 254.81 254.81 251.7951 251.44 251.44 251.44 252.7998 252.96 252.96 252.8115 255.7 255.7 255.7 267.5717 268.97 268.97 268.0038 286.8 286.8 286.8 325.0927 324.73 324.73 325.1023 317.86 317.86 317.86 308.0571 308.15
-9999 -9999 -9999 -9999 -9999 -9999 -9999 -9999 -9999 -9999 -9999 -9999 -9999 -9999 -9999 -9999 -9999 201.1 194.4874 205.27 205.27 205.27 219.8792 221.6 221.6 220.4128 243.51 243.51 243.51 241.0342 289.2 289.2 289.2 344.5038 343.98 343.98 342.7408 366.85 366.85 366.85 351.8984 352.04 352.04 355.7031 284.44 284.44 284.44 254.5267 254.81 254.81 251.7951 251.44 251.44 251.44 252.9745 252.96 252.96 252.8115 255.7 255.7 255.7 267.5717 268.97 268.97 268.0038 286.8 286.8 286.8 325.0927 324.73 324.73 325.1023 317.86 317.86 317.86 308.0571 308.15
-9999 -9999 -9999 -9999 -9999 -9999 -9999 -9999 -9999 -9999 -9999 -9999 -9999 -9999 -9999 -9999 -9999 201.1 201.1 195.06 195.06 195.06 193.4318 193.24 193.24 193.1203 195.45 195.45 195.45 204.2352 205.27 205.27 205.27 243.3406 242.98 242.98 239.1457 313.74 313.74 367.3579 351.8984 352.04 352.04 355.7031 284.44 284.44 284.44 254.5267 254.81 254.81 251.7951 251.44 251.44 251.44 252.9745 252.96 252.96 255.4113 255.7 255.7 255.7 267.5717 268.97 268.97 268.0038 286.8 286.8 286.8 325.0927 324.73 324.73 325.1023 317.86 317.86 317.86 308.0571 308.15
-9999 -9999 -9999 -9999 -9999 -9999 -9999 -9999 -9999 -9999 -9999 -9999 -9999 -9999 -9999 -9999 -9999 201.1 201.1 195.06 195.06 195.06 193.4318 193.24 193.24 193.1203 195.45 195.45 195.45 204.2352 205.27 205.27 203.2266 242.98 242.98 242.98 239.1457 313.74 313.74 313.74 353.2139 352.84 352.84 354.6472 319.49 319.49 319.49 256.4529 257.05 257.05 246.3055 245.04 245.04 245.04 253.0559 252.98 252.98 280.3555 283.58 283.58 283.58 299.9769 268.97 268.97 268.0038 286.8 286.8 286.8 325.0927 324.73 324.73 325.1023 317.86 317.86 317.86 308.0571 308.15
-9999 -9999 -9999 -9999 -9999 -9999 -9999 -9999 -9999 -9999 -9999 -9999 -9999 -9999 -9999 -9999 -9999 201.1 201.1 195.06 195.06 195.06 193.4318 193.24 193.24 193.1203 195.45 195.45 195.45 204.2352 205.27 205.27 203.2266 242.98 242.98 242.98 306.2837 313.74 313.74 311.6212 352.84 352.84 352.84 354.6472 319.49 319.49 319.49 256.4529 257.05 257.05 246.3055 245.04 245.04 245.04 253.0559 252.98 252.98 280.3555 283.58 283.58 283.58 298.3903 298.25 298.25 298.8763 298.95 298.95 298.95 309.4293 309.33 309.33 309.5234 305.76 305.76 305.76 301.5501 301.59
-9999 -9999 -9999 -9999 -9999 -9999 -9999 -9999 -9999 -9999 -9999 -9999 -9999 -9999 -9999 -9999 -9999 201.1 201.1 195.06 195.06 195.06 193.4318 193.24 193.24 193.1203 195.45 195.45 195.45 204.2352 205.27 205.27 203.2266 242.98 242.98 242.98 306.2837 313.74 313.74 311.6212 352.84 352.84 352.84 323.0042 319.49 319.49 319.49 256.4529 257.05 257.05 246.3055 245.04 245.04 245.04 253.0559 252.98 252.98 280.3555 283.58 283.58 283.58 298.3903 298.25 298.25 298.8763 298.95 298.95 298.95 309.33 309.33 309.33 309.5234 305.76 305.76 305.76 301.5501 301.59
-9999 -9999 -9999 -9999 -9999 -9999 -9999 -9999 -9999 -9999 -9999 -9999 -9999 -9999 -9999 -9999 -9999 245.62 245.6541 244.99 244.99 244.99 222.0429 219.34 219.34 220.1008 205.3 196.4879 195.45 204.2352 205.27 205.27 203.2266 242.98 242.98 242.98 306.2837 313.74 313.74 311.6212 352.84 352.84 352.84 323.0042 319.49 319.49 322.8734 257.05 257.05 257.05 246.3055 245.04 245.04 245.04 253.0559 252.98 252.98 280.3555 283.58 283.58 283.58 298.3903 298.25 298.25 298.8763 298.95 298.95 298.95 309.33 309.33 309.33 306.1362 305.76 305.76 305.76 301.5501 301.59
-9999 -9999 -9999 -9999 -9999 -9999 -9999 -9999 -9999 -9999 -9999 -9999 -9999 -9999 -9999 -9999 -9999 245.62 245.6541 244.99 244.99 244.99 219.0947 219.34 219.34 220.1008 205.3 205.3 205.3 189.3309 187.45 187.45 187.3199 189.85 189.85 189.85 229.9829 234.71 234.71 233.927 249.16 249.16 249.16 251.0298 251.25 251.25 251.2663 250.95 250.95 257.1083 244.9251 245.04 245.04 245.04 253.0559 252.98 252.98 280.3555 283.58 283.58 283.58 298.3903 298.25 298.25 298.8763 298.95 298.95 298.95 309.33 309.33 309.33 306.1362 305.76 305.76 305.76 301.59 301.59
-9999 -9999 -9999 -9999 -9999 -9999 -9999 -9999 -9999 -9999 -9999 -9999 -9999 -9999 -9999 -9999 -9999 245.62 245.6541 244.99 244.99 244.99 219.0947 219.34 219.34 206.7795 205.3 205.3 205.3 189.3309 187.45 187.45 187.3199 189.85 189.85 189.85 229.9829 234.71 234.71 233.927 249.16 249.16 249.16 251.0298 251.25 251.25 251.2663 250.95 250.95 250.95 255.3012 255.26 255.26 255.26 280.489 280.25 280.25 287.2728 288.1 288.1 288.1 283.032 283.08 283.08 281.3981 281.2 281.2 281.2 286.05 286.05 286.05 288.2776 303.9455 305.76 305.76 301.59 301.59
-9999 -9999 -9999 -9999 -9999 -9999 -9999 -9999 -9999 -9999 -9999 -9999 -9999 -9999 -9999 -9999 -9999 245.62 245.6541 244.99 244.99 244.99 219.0947 219.34 219.34 206.7795 205.3 205.3 205.3 187.2793 187.45 187.45 187.3199 189.85 189.85 189.85 229.9829 234.71 234.71 233.927 249.16 249.16 249.16 251.0298 251.25 251.25 251.2663 250.95 250.95 250.95 255.3012 255.26 255.26 253.9059 280.25 280.25 280.25 287.2728 288.1 288.1 288.1 283.032 283.08 283.08 281.3981 281.2 281.2 281.2 286.05 286.05 286.05 288.2776 288.54 288.54 288.54 290.08 290.08
-9999 -9999 -9999 -9999 -9999 -9999 -9999 -9999 -9999 -9999 -9999 -9999 -9999 -9999 -9999 -9999 -9999 245.62 245.6541 244.99 244.99 244.99 219.0947 219.34 219.34 206.7795 205.3 205.3 205.3 187.2793 187.45 187.45 189.5971 189.85 189.85 189.85 229.9829 234.71 234.71 233.927 249.16 249.16 249.16 251.0298 251.25 251.25 251.2663 250.95 250.95 250.95 255.3012 255.26 255.26 253.9059 280.25 280.25 280.25 288.1751 288.1 288.1 288.372 283.08 283.08 283.08 281.3981 281.2 281.2 281.2 286.05 286.05 286.05 288.2776 288.54 288.54 288.54 290.08 290.08
-9999 -9999 -9999 -9999 -9999 -9999 -9999 -9999 -9999 -9999 -9999 -9999 -9999 -9999 -9999 -9999 -9999 268.94 268.2209 282.21 282.21 282.21 267.6925 267.83 267.83 264.3589 263.95 263.95 263.95 218.1361 218.57 218.57 196.2849 193.66 193.66 193.66 203.7859 235.0066 234.71 233.927 249.16 249.16 249.16 251.0298 251.25 251.25 251.2663 250.95 250.95 250.95 255.3012 255.26 255.26 253.9059 280.25 280.25 280.25 288.1751 288.1 288.1 288.372 283.08 283.08 283.08 281.3981 281.2 281.2 281.2 286.05 286.05 286.05 288.2776 288.54 288.54 288.54 290.08 290.08
-9999 -9999 -9999 -9999 -9999 -9999 -9999 -9999 -9999 -9999 -9999 -9999 -9999 -9999 -9999 -9999 -9999 268.94 268.2209 282.21 282.21 282.21 267.6925 267.83 267.83 264.3589 263.95 263.95 263.95 218.1361 218.57 218.57 196.2849 193.66 193.66 193.66 203.7859 203.69 203.69 211.0617 211.93 211.93 211.93 217.1725 217.79 217.79 216.6418 238.98 238.98 238.98 280.4932 280.1 280.1 278.6651 306.58 306.58 306.58 298.0088 298.09 288.0045 288.372 283.08 283.08 283.08 281.182 281.2 281.2 281.2 286.05 286.05 286.05 288.2776 288.54 288.54 288.54 290.08 290.08
-9999 -9999 -9999 -9999 -9999 -9999 -9999 -9999 -9999 -9999 -9999 -9999 -9999 -9999 -9999 -9999 -9999 268.94 280.8117 282.21 282.21 282.21 267.6925 267.83 267.83 264.3589 263.95 263.95 263.95 218.1361 218.57 218.57 196.2849 193.66 193.66 193.66 203.7859 203.69 203.69 211.0617 211.93 211.93 211.93 217.846 217.79 217.79 216.6418 238.98 238.98 238.98 280.4932 280.1 280.1 278.6651 306.58 306.58 306.58 298.0088 298.09 298.09 298.9787 281.69 281.69 281.69 274.1183 274.19 274.19 273.8372 280.7 280.7 280.7 288.3043 289.2 289.2 289.2 292.08 292.08
-9999 -9999 -9999 -9999 -9999 -9999 -9999 -9999 -9999 -9999 -9999 -9999 -9999 -9999 -9999 -9999 -9999 268.94 280.8117 282.21 282.21 282.9892 267.83 267.83 267.83 264.3589 263.95 263.95 263.95 218.1361 218.57 218.57 196.2849 193.66 193.66 193.66 203.7859 203.69 203.69 211.0617 211.93 211.93 211.93 217.846 217.79 217.79 236.7471 238.98 238.98 238.98 280.4932 280.1 280.1 278.6651 306.58 306.58 306.58 298.0088 298.09 298.09 298.9787 281.69 281.69 281.69 274.1183 274.19 274.19 273.8372 280.7 280.7 280.7 289.2813 289.2 289.2 289.2 292.08 292.08
-9999 -9999 -9999 -9999 -9999 -9999 -9999 -9999 -9999 -9999 -9999 -9999 -9999 -9999 -9999 -9999 -9999 290.38 283.0709 282.21 282.21 282.9892 267.83 267.83 267.83 263.9129 263.95 263.95 263.95 218.1361 218.57 218.57 196.2849 193.66 193.66 193.66 203.7859 203.69 203.69 211.0617 211.93 211.93 211.93 217.846 217.79 217.79 236.7471 238.98 238.98 238.98 280.1 280.1 280.1 278.6651 306.58 306.58 306.58 298.0088 298.09 298.09 298.9787 281.69 281.69 281.69 274.1183 274.19 274.19 273.8372 280.7 280.7 280.7 289.2813 289.2 289.2 289.0439 292.08 292.08
-9999 -9999 -9999 -9999 -9999 -9999 -9999 -9999 -9999 -9999 -9999 -9999 -9999 -9999 -9999 -9999 -9999 290.38 286.1842 285.69 285.69 286.5635 269.57 269.57 269.57 292.6183 292.4 292.4 293.6842 268.7 268.7 268.7 227.5383 222.69 222.69 222.69 212.7357 212.83 212.83 213.3489 213.41 213.41 213.41 221.4057 221.33 221.33 234.2357 238.98 238.98 238.98 280.1 280.1 280.1 303.7897 306.58 306.58 306.58 298.0088 298.09 298.09 298.9787 281.69 281.69 281.69 274.1183 274.19 274.19 273.8372 280.7 280.7 280.7 289.2813 289.2 289.2 289.0439 292.08 292.08
-9999 -9999 -9999 -9999 -9999 -9999 -9999 -9999 -9999 -9999 -9999 -9999 -9999 -9999 -9999 -9999 -9999 290.38 286.1842 285.69 285.69 286.5635 269.57 269.57 269.57 292.6183 292.4 292.4 293.6842 268.7 268.7 268.7 222.25 222.69 222.69 222.69 212.7357 212.83 212.83 213.3489 213.41 213.41 213.41 221.4057 221.33 221.33 234.4005 235.94 235.94 235.94 264.35 264.35 264.35 281.9741 284.05 284.05 282.2526 317.22 317.22 317.22 317.4216 313.5 313.5 313.5 280.7296 281.04 281.04 281.0227 281.36 281.3958 280.7 289.2813 289.2 289.2 289.0439 292.08 292.08
-9999 -9999 -9999 -9999 -9999 -9999 -9999 -9999 -9999 -9999 -9999 -9999 -9999 -9999 -9999 -9999 -9999 290.38 286.1842 285.69 285.69 286.5635 269.57 269.57 269.57 292.6183 292.4 292.4 293.6842 268.7 268.7 268.7 222.25 222.69 222.69 223.2243 212.83 212.83 212.83 213.3489 213.41 213.41 213.41 221.4057 221.33 221.33 234.4005 235.94 235.94 235.94 264.35 264.35 264.35 281.9741 284.05 284.05 282.2526 317.22 317.22 317.22 313.892 313.5 313.5 313.5 280.7296 281.04 281.04 281.0227 281.36 281.36 281.36 291.1225 291.03 291.03 290.6501 298.04 298.04
