Model and model input files/precip_1995.asc
ncols         625
nrows         453
xllcorner     138621.56993419
yllcorner     4094031.9406744
cellsize      1000
NODATA_value  -9999
[rows 102 to 135 of 453, columns 0 to 76 of 625]
-9999 -9999 -9999 -9999 -9999 -9999 -9999 -9999 -9999 -9999 -9999 -9999 -9999 -9999 -9999 -9999 -9999 259.31 258.171 280.33 280.33 280.33 311.6567 311.36 311.36 309.1771 308.92 308.92 308.92 314.9587 315.67 315.67 314.9851 328.31 328.31 328.31 337.0505 338.08 338.08 337.9565 340.36 340.36 340.36 339.9341 348.22 348.22 348.22 357.4979 357.41 357.41 364.1465 364.94 364.94 364.94 460.1216 459.22 459.22 452.504 583.16 583.16 583.16 530.4219 524.21 524.21 527.044 471.91 471.91 471.91 443.6321 443.9 443.9 443.9 422.4872 422.69 422.69 431.0547 432.04
-9999 -9999 -9999 -9999 -9999 -9999 -9999 -9999 -9999 -9999 -9999 -9999 -9999 -9999 -9999 -9999 -9999 259.31 258.171 280.33 280.33 280.33 311.6567 311.36 311.36 309.1771 308.92 308.92 308.92 314.9587 315.67 315.67 314.9851 328.31 328.31 328.31 337.0505 338.08 338.08 337.9565 340.36 340.36 340.36 339.9341 348.22 348.22 348.22 357.4979 357.41 357.41 364.1465 364.94 364.94 364.94 460.1216 459.22 459.22 452.504 583.16 583.16 583.16 530.4219 524.21 524.21 527.044 471.91 471.91 471.91 443.6321 443.9 443.9 443.9 422.4872 422.69 422.69 431.0547 432.04
-9999 -9999 -9999 -9999 -9999 -9999 -9999 -9999 -9999 -9999 -9999 -9999 -9999 -9999 -9999 -9999 -9999 259.31 258.171 280.33 280.33 280.33 311.6567 311.36 311.36 309.1771 308.92 308.92 308.92 315.7346 315.67 315.67 314.9851 328.31 328.31 328.31 337.0505 338.08 338.08 337.9565 340.36 340.36 340.36 347.3918 348.22 348.22 348.22 357.4979 357.41 357.41 364.1465 364.94 364.94 364.94 460.1216 459.22 459.22 570.0998 583.16 583.16 583.16 530.4219 524.21 524.21 527.044 471.91 471.91 471.91 443.6321 443.9 443.9 445.0493 422.69 422.69 422.69 431.0547 432.04
-9999 -9999 -9999 -9999 -9999 -9999 -9999 -9999 -9999 -9999 -9999 -9999 -9999 -9999 -9999 -9999 -9999 266.47 272.5714 273.29 273.29 273.29 292.5928 292.41 292.41 308.6027 310.51 310.51 310.51 324.0078 323.88 323.88 336.9684 338.51 338.51 338.51 345.9264 346.8 346.8 347.1208 340.88 340.88 340.88 347.3868 348.22 348.22 348.22 357.4979 357.41 357.41 364.1465 364.94 364.94 364.94 460.1216 459.22 459.22 570.0998 583.16 583.16 583.16 530.4219 524.21 524.21 527.044 471.91 471.91 471.91 443.6321 443.9 443.9 445.0493 422.69 422.69 422.69 431.0547 432.04
-9999 -9999 -9999 -9999 -9999 -9999 -9999 -9999 -9999 -9999 -9999 -9999 -9999 -9999 -9999 -9999 -9999 266.47 272.5714 273.29 273.29 273.29 292.5928 292.41 292.41 308.6027 310.51 310.51 310.51 324.0078 323.88 323.88 336.9684 338.51 338.51 338.51 345.9264 346.8 346.8 347.1208 340.88 340.88 340.88 349.2895 350.28 350.28 348.4886 383.34 383.34 383.34 415.6986 419.51 419.51 419.51 546.9875 545.78 545.78 629.2306 639.06 639.06 639.06 557.5681 558.34 558.34 562.1082 488.8 473.6898 471.91 443.6321 443.9 443.9 445.0493 422.69 422.69 422.69 432.1294 432.04
-9999 -9999 -9999 -9999 -9999 -9999 -9999 -9999 -9999 -9999 -9999 -9999 -9999 -9999 -9999 -9999 -9999 266.47 272.5714 273.29 273.29 272.2539 292.41 292.41 292.41 308.6027 310.51 310.51 310.51 324.0078 323.88 323.88 336.9684 338.51 338.51 338.51 346.8793 346.8 346.8 347.1208 340.88 340.88 340.88 349.2895 350.28 350.28 348.4886 383.34 383.34 383.34 415.6986 419.51 419.51 419.51 546.9875 545.78 545.78 629.2306 639.06 639.06 639.06 557.5681 558.34 558.34 562.1082 488.8 488.8 488.8 465.1762 465.4 465.4 466.4382 446.24 446.24 446.24 432.2777 432.41
-9999 -9999 -9999 -9999 -9999 -9999 -9999 -9999 -9999 -9999 -9999 -9999 -9999 -9999 -9999 -9999 -9999 266.47 272.5714 273.29 273.29 272.2539 292.41 292.41 292.41 308.6027 310.51 310.51 310.51 324.0078 323.88 323.88 336.9684 338.51 338.51 338.51 346.8793 346.8 346.8 347.1208 340.88 340.88 340.88 349.2895 350.28 350.28 348.4886 383.34 383.34 383.34 419.8559 419.51 419.51 419.51 546.9875 545.78 545.78 629.2306 639.06 639.06 639.06 557.5681 558.34 558.34 496.1278 488.8 488.8 488.8 465.1762 465.4 465.4 466.4382 446.24 446.24 446.24 432.2777 432.41
-9999 -9999 -9999 -9999 -9999 -9999 -9999 -9999 -9999 -9999 -9999 -9999 -9999 -9999 -9999 -9999 -9999 280.58 289.0879 290.09 290.09 288.9586 310.97 294.3658 292.41 310.6831 310.51 310.51 310.51 324.0078 323.88 323.88 336.9684 338.51 338.51 338.51 346.8793 346.8 346.8 341.5038 340.88 340.88 340.88 349.2895 350.28 350.28 348.4886 383.34 383.34 383.34 419.8559 419.51 419.51 419.51 546.9875 545.78 545.78 629.2306 639.06 639.06 639.06 557.5681 558.34 558.34 496.1278 488.8 488.8 488.8 465.1762 465.4 465.4 466.4382 446.24 446.24 446.24 432.2777 432.41
-9999 -9999 -9999 -9999 -9999 -9999 -9999 -9999 -9999 -9999 -9999 -9999 -9999 -9999 -9999 -9999 -9999 280.58 289.0879 290.09 290.09 288.9586 310.97 310.97 310.97 320.5204 320.43 320.43 320.43 330.1723 330.08 330.08 340.5292 341.76 341.76 341.76 338.378 338.41 338.41 340.7718 341.05 341.05 341.05 396.15 402.64 355.7974 348.4886 383.34 383.34 383.34 419.8559 419.51 419.51 412.6678 545.78 545.78 545.78 629.2306 639.06 639.06 639.06 557.5681 558.34 558.34 496.1278 488.8 488.8 488.8 465.4 465.4 465.4 466.4382 446.24 446.24 446.24 432.2777 432.41
-9999 -9999 -9999 -9999 -9999 -9999 -9999 -9999 -9999 -9999 -9999 -9999 -9999 -9999 -9999 -9999 -9999 280.58 289.0879 290.09 290.09 288.9586 310.97 310.97 310.97 320.5204 320.43 320.43 319.9071 330.08 330.08 330.08 340.5292 341.76 341.76 341.76 338.378 338.41 338.41 340.7718 341.05 341.05 341.05 403.229 402.64 402.64 397.0191 506.37 506.37 506.37 542.4417 542.1 542.1 539.9043 582.62 582.62 582.62 570.972 569.6 569.6 569.6 519.0916 519.57 519.57 493.9748 490.96 490.96 490.96 473.66 465.321 465.4 466.4382 446.24 446.24 446.24 432.2777 432.41
-9999 -9999 -9999 -9999 -9999 -9999 -9999 -9999 -9999 -9999 -9999 -9999 -9999 -9999 -9999 -9999 -9999 280.58 290.1809 290.09 290.09 288.9586 310.97 310.97 310.97 320.5204 320.43 320.43 319.9071 330.08 330.08 330.08 340.5292 341.76 341.76 341.76 338.378 338.41 338.41 340.7718 341.05 341.05 341.05 403.229 402.64 402.64 397.0191 506.37 506.37 506.37 542.4417 542.1 542.1 539.9043 582.62 582.62 582.62 569.4755 569.6 569.6 569.6 519.0916 519.57 519.57 493.9748 490.96 490.96 490.96 473.66 473.66 473.66 451.2496 448.61 448.61 448.61 449.5489 449.54
-9999 -9999 -9999 -9999 -9999 -9999 -9999 -9999 -9999 -9999 -9999 -9999 -9999 -9999 -9999 -9999 -9999 280.58 290.1809 290.09 290.09 288.9586 310.97 310.97 310.97 320.5204 320.43 320.43 319.9071 330.08 330.08 330.08 341.8717 341.76 341.76 341.76 338.378 338.41 338.41 340.7718 341.05 341.05 341.05 403.229 402.64 402.64 495.4395 506.37 506.37 506.37 542.4417 542.1 542.1 539.9043 582.62 582.62 582.62 569.4755 569.6 569.6 569.6 519.0916 519.57 519.57 493.9748 490.96 490.96 490.96 473.66 473.66 473.66 451.2496 448.61 448.61 448.61 449.5489 449.54
-9999 -9999 -9999 -9999 -9999 -9999 -9999 -9999 -9999 -9999 -9999 -9999 -9999 -9999 -9999 -9999 -9999 314.93 300.5236 300.66 300.66 297.8062 297.47 297.47 297.47 315.8541 315.68 315.68 314.6548 334.6 334.6 334.6 335.1653 341.8231 341.76 341.76 338.378 338.41 338.41 340.7718 341.05 341.05 341.05 403.229 402.64 402.64 495.4395 506.37 506.37 506.37 542.4417 542.1 542.1 539.9043 582.62 582.62 582.62 569.4755 569.6 569.6 572.311 519.57 519.57 519.57 493.9748 490.96 490.96 490.96 473.66 473.66 473.66 451.2496 448.61 448.61 448.61 449.5489 449.54
-9999 -9999 -9999 -9999 -9999 -9999 -9999 -9999 -9999 -9999 -9999 -9999 -9999 -9999 -9999 -9999 -9999 314.93 300.5236 300.66 300.66 297.8062 297.47 297.47 297.47 315.8541 315.68 315.68 314.6548 334.6 334.6 334.6 335.1653 335.16 335.16 335.2857 332.84 332.84 332.84 337.7426 338.32 338.32 338.32 401.0139 400.42 400.42 503.9908 516.19 516.19 516.19 650.57 650.57 650.57 650.8155 646.04 646.04 582.62 569.4755 569.6 569.6 572.311 519.57 519.57 519.57 493.9748 490.96 490.96 490.96 473.66 473.66 473.66 451.2496 448.61 448.61 448.61 449.54 449.54
-9999 -9999 -9999 -9999 -9999 -9999 -9999 -9999 -9999 -9999 -9999 -9999 -9999 -9999 -9999 -9999 -9999 314.93 300.5236 300.66 300.66 297.8062 297.47 297.47 297.47 315.68 315.68 315.68 314.6548 334.6 334.6 334.6 335.1653 335.16 335.16 335.2857 332.84 332.84 332.84 337.7426 338.32 338.32 338.32 401.0139 400.42 400.42 503.9908 516.19 516.19 516.19 650.57 650.57 650.57 650.8155 646.04 646.04 646.04 560.8935 561.7 561.7 564.3389 513 513 513 482.3295 482.62 482.62 482.62 460.09 460.09 460.09 456.6904 456.29 456.29 456.29 467.12 467.12
-9999 -9999 -9999 -9999 -9999 -9999 -9999 -9999 -9999 -9999 -9999 -9999 -9999 -9999 -9999 -9999 -9999 314.93 300.5236 300.66 300.66 297.8062 297.47 297.47 297.47 315.68 315.68 315.68 314.6548 334.6 334.6 334.6 335.1653 335.16 335.16 335.2857 332.84 332.84 332.84 338.3724 338.32 338.32 338.32 401.0139 400.42 400.42 503.9908 516.19 516.19 516.19 650.57 650.57 650.57 650.8155 646.04 646.04 646.04 560.8935 561.7 561.7 564.3389 513 513 513 482.3295 482.62 482.62 482.62 460.09 460.09 460.09 456.6904 456.29 456.29 456.29 467.12 467.12
-9999 -9999 -9999 -9999 -9999 -9999 -9999 -9999 -9999 -9999 -9999 -9999 -9999 -9999 -9999 -9999 -9999 308.1 336.3274 336.06 336.06 297.4676 297.47 297.47 297.47 315.68 315.68 315.68 332.6063 334.6 334.6 334.6 335.1653 335.16 335.16 335.2857 332.84 332.84 332.84 338.3724 338.32 338.32 338.32 401.0139 400.42 400.42 503.9908 516.19 516.19 516.19 650.57 650.57 650.57 646.5173 646.04 646.04 646.04 560.8935 561.7 561.7 564.3389 513 513 513 482.3295 482.62 482.62 483.8409 460.09 460.09 460.09 456.6904 456.29 456.29 456.29 467.12 467.12
-9999 -9999 -9999 -9999 -9999 -9999 -9999 -9999 -9999 -9999 -9999 -9999 -9999 -9999 -9999 -9999 -9999 306.5849 336.06 336.06 336.06 321.8802 320.21 320.21 320.21 326.41 326.41 326.41 343.7299 345.77 345.77 345.77 342.2365 342.27 342.27 342.1383 344.7 344.7 344.7 341.3785 341.41 341.41 338.5364 399.7899 400.42 400.42 503.9908 516.19 516.19 516.19 650.57 650.57 650.57 646.5173 646.04 646.04 646.04 560.8935 561.7 561.7 564.3389 513 513 513 482.3295 482.62 482.62 483.8409 460.09 460.09 460.09 456.6904 456.29 456.29 456.29 467.12 467.12
-9999 -9999 -9999 -9999 -9999 -9999 -9999 -9999 -9999 -9999 -9999 -9999 -9999 -9999 -9999 -9999 -9999 306.5849 336.06 336.06 336.06 321.8802 320.21 320.21 320.21 326.41 326.41 326.41 343.7299 345.77 345.77 345.9597 342.27 342.27 342.27 342.1383 344.7 344.7 344.7 341.3785 341.41 341.41 338.5364 394.44 394.44 394.44 467.9156 476.57 476.57 476.57 658.11 658.11 658.11 653.8516 653.35 653.35 657.6438 574.11 574.11 574.11 576.8215 524.07 524.07 524.07 498.0839 498.33 499.1813 483.8409 460.09 460.09 460.09 456.6904 456.29 456.29 456.29 467.12 467.12
-9999 -9999 -9999 -9999 -9999 -9999 -9999 -9999 -9999 -9999 -9999 -9999 -9999 -9999 -9999 -9999 -9999 306.5849 336.06 336.06 336.06 320.0584 320.21 320.21 320.21 326.41 326.41 326.41 343.7299 345.77 345.77 345.9597 342.27 342.27 342.27 342.1383 344.7 344.7 344.7 341.3785 341.41 341.41 338.5364 394.44 394.44 394.44 477.3554 476.57 476.57 476.57 658.11 658.11 658.11 653.8516 653.35 653.35 657.6438 574.11 574.11 574.11 576.8215 524.07 524.07 524.07 498.0839 498.33 498.33 499.5432 475.94 475.94 475.94 481.9267 481.87 481.87 481.87 469.22 469.22
-9999 -9999 -9999 -9999 -9999 -9999 -9999 -9999 -9999 -9999 -9999 -9999 -9999 -9999 -9999 -9999 -9999 306.5849 336.06 336.06 336.06 320.0584 320.21 320.21 320.21 326.41 326.41 326.41 343.7299 345.77 345.77 345.9597 342.27 342.27 342.27 344.4439 344.7 344.7 344.7 341.3785 341.41 341.41 338.5364 394.44 394.44 394.44 477.3554 476.57 476.57 476.57 658.11 658.11 658.11 653.8516 653.35 653.35 657.6438 574.11 574.11 574.11 529.343 524.07 524.07 524.07 498.0839 498.33 498.33 499.5432 475.94 475.94 475.94 481.9267 481.87 481.87 481.87 469.22 469.22
-9999 -9999 -9999 -9999 -9999 -9999 -9999 -9999 -9999 -9999 -9999 -9999 -9999 -9999 -9999 -9999 -9999 339.9008 388.91 388.91 388.91 351.3341 351.69 353.3958 319.874 326.41 326.41 326.41 343.7299 345.77 345.77 345.9597 342.27 342.27 342.27 344.4439 344.7 344.7 344.7 341.3785 341.41 341.41 338.5364 394.44 394.44 394.44 477.3554 476.57 476.57 466.7328 658.11 658.11 658.11 653.8516 653.35 653.35 657.6438 574.11 574.11 574.11 529.343 524.07 524.07 524.07 498.0839 498.33 498.33 499.5432 475.94 475.94 475.94 481.9267 481.87 481.87 482.5555 469.22 469.22
-9999 -9999 -9999 -9999 -9999 -9999 -9999 -9999 -9999 -9999 -9999 -9999 -9999 -9999 -9999 -9999 -9999 339.9008 388.91 388.91 388.91 351.3341 351.69 351.69 351.3313 358.31 358.31 358.31 380.1031 382.67 382.67 381.2048 409.71 409.71 409.71 389.9567 387.63 387.63 389.7216 349.03 349.03 349.03 346.8831 388.65 388.65 388.65 452.838 452.23 452.23 443.9599 604.85 604.85 604.85 648.2393 653.35 653.35 657.6438 574.11 574.11 574.11 529.343 524.07 524.07 525.4648 498.33 498.33 498.33 499.5432 475.94 475.94 475.94 481.9267 481.87 481.87 482.5555 469.22 469.22
-9999 -9999 -9999 -9999 -9999 -9999 -9999 -9999 -9999 -9999 -9999 -9999 -9999 -9999 -9999 -9999 -9999 339.9008 388.91 388.91 388.91 351.3341 351.69 351.69 351.3313 358.31 358.31 358.31 382.903 382.67 382.67 381.2048 409.71 409.71 409.71 389.9567 387.63 387.63 389.7216 349.03 349.03 349.03 346.8831 388.65 388.65 388.65 452.838 452.23 452.23 443.9599 604.85 604.85 604.85 661.4865 660.95 660.95 665.3679 579.42 579.42 579.42 541.6131 537.16 537.16 538.3613 514.99 514.99 514.99 515.9122 497.97 497.97 497.97 485.8351 485.95 485.95 486.5775 474.37 474.37
-9999 -9999 -9999 -9999 -9999 -9999 -9999 -9999 -9999 -9999 -9999 -9999 -9999 -9999 -9999 -9999 -9999 383.3759 388.91 388.91 388.91 351.69 351.69 351.69 351.69 358.31 358.31 358.31 382.67 382.67 382.67 382.67 409.71 409.71 409.71 390.2584 387.63 387.63 387.63 349.03 349.03 349.03 383.9337 388.65 388.65 388.65 452.23 452.23 452.23 452.23 604.85 604.85 604.85 660.95 660.95 660.95 660.95 579.42 579.42 579.42 542.1906 537.16 537.16 537.16 514.99 514.99 514.99 514.8435 497.97 497.97 497.97 485.95 485.95 485.95 485.95 474.37 474.37
-9999 -9999 -9999 -9999 -9999 -9999 -9999 -9999 -9999 -9999 -9999 -9999 -9999 -9999 -9999 -9999 -9999 -9999 -9999 -9999 -9999 -9999 -9999 -9999 -9999 -9999 -9999 -9999 -9999 -9999 -9999 -9999 -9999 -9999 -9999 -9999 -9999 -9999 -9999 -9999 -9999 -9999 -9999 -9999 -9999 -9999 -9999 -9999 -9999 -9999 -9999 -9999 -9999 -9999 -9999 -9999 -9999 -9999 -9999 -9999 -9999 -9999 -9999 -9999 -9999 -9999 -9999 -9999 -9999 -9999 -9999 -9999 -9999 -9999 -9999 -9999 -9999
-9999 -9999 -9999 -9999 -9999 -9999 -9999 -9999 -9999 -9999 -9999 -9999 -9999 -9999 -9999 -9999 -9999 -9999 -9999 -9999 -9999 -9999 -9999 -9999 -9999 -9999 -9999 -9999 -9999 -9999 -9999 -9999 -9999 -9999 -9999 -9999 -9999 -9999 -9999 -9999 -9999 -9999 -9999 -9999 -9999 -9999 -9999 -9999 -9999 -9999 -9999 -9999 -9999 -9999 -9999 -9999 -9999 -9999 -9999 -9999 -9999 -9999 -9999 -9999 -9999 -9999 -9999 -9999 -9999 -9999 -9999 -9999 -9999 -9999 -9999 -9999 -9999
-9999 -9999 -9999 -9999 -9999 -9999 -9999 -9999 -9999 -9999 -9999 -9999 -9999 -9999 -9999 -9999 -9999 -9999 -9999 -9999 -9999 -9999 -9999 -9999 -9999 -9999 -9999 -9999 -9999 -9999 -9999 -9999 -9999 -9999 -9999 -9999 -9999 -9999 -9999 -9999 -9999 -9999 -9999 -9999 -9999 -9999 -9999 -9999 -9999 -9999 -9999 -9999 -9999 -9999 -9999 -9999 -9999 -9999 -9999 -9999 -9999 -9999 -9999 -9999 -9999 -9999 -9999 -9999 -9999 -9999 -9999 -9999 -9999 -9999 -9999 -9999 -9999
-9999 -9999 -9999 -9999 -9999 -9999 -9999 -9999 -9999 -9999 -9999 -9999 -9999 -9999 -9999 -9999 -9999 -9999 -9999 -9999 -9999 -9999 -9999 -9999 -9999 -9999 -9999 -9999 -9999 -9999 -9999 -9999 -9999 -9999 -9999 -9999 -9999 -9999 -9999 -9999 -9999 -9999 -9999 -9999 -9999 -9999 -9999 -9999 -9999 -9999 -9999 -9999 -9999 -9999 -9999 -9999 -9999 -9999 -9999 -9999 -9999 -9999 -9999 -9999 -9999 -9999 -9999 -9999 -9999 -9999 -9999 -9999 -9999 -9999 -9999 -9999 -9999
-9999 -9999 -9999 -9999 -9999 -9999 -9999 -9999 -9999 -9999 -9999 -9999 -9999 -9999 -9999 -9999 -9999 -9999 -9999 -9999 -9999 -9999 -9999 -9999 -9999 -9999 -9999 -9999 -9999 -9999 -9999 -9999 -9999 -9999 -9999 -9999 -9999 -9999 -9999 -9999 -9999 -9999 -9999 -9999 -9999 -9999 -9999 -9999 -9999 -9999 -9999 -9999 -9999 -9999 -9999 -9999 -9999 -9999 -9999 -9999 -9999 -9999 -9999 -9999 -9999 -9999 -9999 -9999 -9999 -9999 -9999 -9999 -9999 -9999 -9999 -9999 -9999
-9999 -9999 -9999 -9999 -9999 -9999 -9999 -9999 -9999 -9999 -9999 -9999 -9999 -9999 -9999 -9999 -9999 -9999 -9999 -9999 -9999 -9999 -9999 -9999 -9999 -9999 -9999 -9999 -9999 -9999 -9999 -9999 -9999 -9999 -9999 -9999 -9999 -9999 -9999 -9999 -9999 -9999 -9999 -9999 -9999 -9999 -9999 -9999 -9999 -9999 -9999 -9999 -9999 -9999 -9999 -9999 -9999 -9999 -9999 -9999 -9999 -9999 -9999 -9999 -9999 -9999 -9999 -9999 -9999 -9999 -9999 -9999 -9999 -9999 -9999 -9999 -9999
-9999 -9999 -9999 -9999 -9999 -9999 -9999 -9999 -9999 -9999 -9999 -9999 -9999 -9999 -9999 -9999 -9999 -9999 -9999 -9999 -9999 -9999 -9999 -9999 -9999 -9999 -9999 -9999 -9999 -9999 -9999 -9999 -9999 -9999 -9999 -9999 -9999 -9999 -9999 -9999 -9999 -9999 -9999 -9999 -9999 -9999 -9999 -9999 -9999 -9999 -9999 -9999 -9999 -9999 -9999 -9999 -9999 -9999 -9999 -9999 -9999 -9999 -9999 -9999 -9999 -9999 -9999 -9999 -9999 -9999 -9999 -9999 -9999 -9999 -9999 -9999 -9999
-9999 -9999 -9999 -9999 -9999 -9999 -9999 -9999 -9999 -9999 -9999 -9999 -9999 -9999 -9999 -9999 -9999 -9999 -9999 -9999 -9999 -9999 -9999 -9999 -9999 -9999 -9999 -9999 -9999 -9999 -9999 -9999 -9999 -9999 -9999 -9999 -9999 -9999 -9999 -9999 -9999 -9999 -9999 -9999 -9999 -9999 -9999 -9999 -9999 -9999 -9999 -9999 -9999 -9999 -9999 -9999 -9999 -9999 -9999 -9999 -9999 -9999 -9999 -9999 -9999 -9999 -9999 -9999 -9999 -9999 -9999 -9999 -9999 -9999 -9999 -9999 -9999
-9999 -9999 -9999 -9999 -9999 -9999 -9999 -9999 -9999 -9999 -9999 -9999 -9999 -9999 -9999 -9999 -9999 -9999 -9999 -9999 -9999 -9999 -9999 -9999 -9999 -9999 -9999 -9999 -9999 -9999 -9999 -9999 -9999 -9999 -9999 -9999 -9999 -9999 -9999 -9999 -9999 -9999 -9999 -9999 -9999 -9999 -9999 -9999 -9999 -9999 -9999 -9999 -9999 -9999 -9999 -9999 -9999 -9999 -9999 -9999 -9999 -9999 -9999 -9999 -9999 -9999 -9999 -9999 -9999 -9999 -9999 -9999 -9999 -9999 -9999 -9999 -9999
