Model and model input files/precip_1999.asc
ncols         625
nrows         453
xllcorner     138621.56993419
yllcorner     4094031.9406744
cellsize      1000
NODATA_value  -9999
[rows 0 to 33 of 453, columns 0 to 76 of 625]
-9999 -9999 -9999 -9999 -9999 -9999 -9999 -9999 -9999 -9999 -9999 -9999 -9999 -9999 -9999 -9999 -9999 457.13 457.13 457.2536 471.49 471.49 471.49 490.4218 492.98 492.98 492.98 475.69 475.69 475.69 429.5981 423.37 423.37 423.37 397.51 397.51 397.51 368.6673 364.77 364.77 364.77 338.45 338.45 338.45 327.18 327.18 327.18 327.18 319.28 319.28 319.28 318.06 318.06 318.06 318.06 319.56 319.56 319.56 317.2079 316.89 316.89 316.89 320.68 320.68 320.68 306.1441 304.18 304.18 304.18 297.22 297.22 297.22 303.2986 304.12 304.12 281.2061 284.3232
-9999 -9999 -9999 -9999 -9999 -9999 -9999 -9999 -9999 -9999 -9999 -9999 -9999 -9999 -9999 -9999 -9999 457.13 457.13 469.9768 471.49 471.49 471.49 493.1855 492.98 492.98 493.9169 475.69 475.69 475.69 428.8832 423.37 423.37 424.7713 397.51 397.51 397.51 368.22 364.77 364.77 366.1962 338.45 338.45 338.45 327.0722 327.18 327.18 327.6081 319.28 319.28 319.28 318.0483 318.06 318.06 317.9787 319.56 319.56 319.56 316.8645 316.89 316.89 316.89 320.68 320.68 320.68 305.9187 304.18 304.18 304.5571 297.22 297.22 297.22 303.3929 304.12 304.12 304.1866 302.89
-9999 -9999 -9999 -9999 -9999 -9999 -9999 -9999 -9999 -9999 -9999 -9999 -9999 -9999 -9999 -9999 -9999 438.7 457.3062 469.9768 471.49 471.49 471.49 493.1855 492.98 492.98 477.5119 475.69 475.69 475.69 428.8832 423.37 423.37 424.7713 397.51 397.51 397.51 368.22 364.77 364.77 366.1962 338.45 338.45 338.45 327.0722 327.18 327.18 327.6081 319.28 319.28 319.28 318.0483 318.06 318.06 317.9787 319.56 319.56 319.56 316.8645 316.89 316.89 316.6846 320.68 320.68 320.68 305.9187 304.18 304.18 304.5571 297.22 297.22 297.22 303.3929 304.12 304.12 304.1866 302.89
-9999 -9999 -9999 -9999 -9999 -9999 -9999 -9999 -9999 -9999 -9999 -9999 -9999 -9999 -9999 -9999 -9999 438.7 438.7 494.292 500.84 500.84 500.84 481.8804 482.06 482.06 484.3681 484.64 484.64 484.64 490.97 490.91 490.91 503.7031 505.21 505.21 505.21 405.6024 395.4468 364.77 366.1962 338.45 338.45 338.45 327.0722 327.18 327.18 327.6081 319.28 319.28 319.28 318.0483 318.06 318.06 317.9787 319.56 319.56 319.56 316.8645 316.89 316.89 316.6846 320.68 320.68 320.68 304.0222 304.18 304.18 304.5571 297.22 297.22 297.22 303.3929 304.12 304.12 304.1866 302.89
-9999 -9999 -9999 -9999 -9999 -9999 -9999 -9999 -9999 -9999 -9999 -9999 -9999 -9999 -9999 -9999 -9999 438.7 438.7 494.292 500.84 500.84 500.84 481.8804 482.06 482.06 484.3681 484.64 484.64 484.64 490.97 490.91 490.91 503.7031 505.21 505.21 505.21 392.8053 393.87 393.87 396.6812 341.99 341.99 341.99 333.7015 333.78 333.78 333.9155 331.28 331.28 331.28 318.2162 318.34 318.34 318.2132 320.68 320.68 320.68 312.4824 312.56 312.56 316.2284 320.68 320.68 320.68 304.0222 304.18 304.18 297.9534 297.22 297.22 297.22 303.3929 304.12 304.12 304.1866 302.89
-9999 -9999 -9999 -9999 -9999 -9999 -9999 -9999 -9999 -9999 -9999 -9999 -9999 -9999 -9999 -9999 -9999 438.7 438.7 494.292 500.84 500.84 500.84 481.8804 482.06 482.06 484.3681 484.64 484.64 484.64 490.97 490.91 490.91 503.7031 505.21 505.21 505.21 392.8053 393.87 393.87 347.4568 341.99 341.99 341.99 333.7015 333.78 333.78 333.9155 331.28 331.28 331.28 318.2162 318.34 318.34 318.2132 320.68 320.68 320.68 312.4824 312.56 312.56 312.3936 315.63 315.63 315.63 316.1045 316.1 316.1 318.3097 318.57 318.57 318.57 327.1614 327.08 327.08 327.3428 322.23
-9999 -9999 -9999 -9999 -9999 -9999 -9999 -9999 -9999 -9999 -9999 -9999 -9999 -9999 -9999 -9999 -9999 438.7 438.7 494.292 500.84 500.84 500.84 481.8804 482.06 482.06 484.3681 484.64 484.64 484.64 490.97 490.91 490.91 503.7031 505.21 505.21 505.21 392.8053 393.87 393.87 347.4568 341.99 341.99 341.99 333.78 333.78 333.78 333.9155 331.28 331.28 331.28 318.2162 318.34 318.34 318.2132 320.68 320.68 320.68 312.4824 312.56 312.56 312.3936 315.63 315.63 315.63 316.1045 316.1 316.1 318.3097 318.57 318.57 318.57 327.1614 327.08 327.08 322.7411 322.23
-9999 -9999 -9999 -9999 -9999 -9999 -9999 -9999 -9999 -9999 -9999 -9999 -9999 -9999 -9999 -9999 -9999 359.06 359.06 406.9536 406.5 406.5 406.5 448.9117 448.51 448.51 467.0198 484.7877 484.64 484.64 490.97 490.91 490.91 503.7031 505.21 505.21 505.21 392.8053 393.87 393.87 347.4568 341.99 341.99 341.99 333.78 333.78 333.78 331.5434 331.28 331.28 331.9812 318.34 318.34 318.34 318.2132 320.68 320.68 320.68 312.4824 312.56 312.56 312.3936 315.63 315.63 315.63 316.1045 316.1 316.1 318.3097 318.57 318.57 318.57 327.1614 327.08 327.08 322.7411 322.23
-9999 -9999 -9999 -9999 -9999 -9999 -9999 -9999 -9999 -9999 -9999 -9999 -9999 -9999 -9999 -9999 -9999 359.06 359.06 406.9536 406.5 406.5 404.2236 448.51 448.51 448.51 467.0198 469.2 469.2 469.2 496.3471 496.09 496.09 461.3517 457.26 457.26 457.26 404.8738 405.37 405.37 369.576 365.36 365.36 365.36 336.7 336.7 336.7 328.9704 327.8855 331.28 331.9812 318.34 318.34 318.34 320.4334 320.68 320.68 320.68 312.4824 312.56 312.56 312.3936 315.63 315.63 315.63 316.1045 316.1 316.1 318.3097 318.57 318.57 318.57 327.1614 327.08 327.08 322.7411 322.23
-9999 -9999 -9999 -9999 -9999 -9999 -9999 -9999 -9999 -9999 -9999 -9999 -9999 -9999 -9999 -9999 -9999 359.06 359.06 406.9536 406.5 406.5 404.2236 448.51 448.51 448.51 469.3979 469.2 469.2 469.2 496.3471 496.09 496.09 461.3517 457.26 457.26 457.26 404.8738 405.37 405.37 369.576 365.36 365.36 365.36 336.7 336.7 336.7 328.9704 328.06 328.06 328.6322 317.5 317.5 317.5 313.1611 312.65 312.65 312.1401 322.06 322.06 322.06 322.0183 322.83 322.83 322.83 320.0739 320.1 320.1 333.9041 335.53 335.53 335.53 326.9992 327.08 327.08 322.7411 322.23
-9999 -9999 -9999 -9999 -9999 -9999 -9999 -9999 -9999 -9999 -9999 -9999 -9999 -9999 -9999 -9999 -9999 359.06 359.06 406.9536 406.5 406.5 404.2236 448.51 448.51 448.51 469.3979 469.2 469.2 467.7429 496.09 496.09 496.09 461.3517 457.26 457.26 457.26 404.8738 405.37 405.37 369.576 365.36 365.36 365.36 336.7 336.7 336.7 328.9704 328.06 328.06 328.6322 317.5 317.5 317.5 313.1611 312.65 312.65 312.1401 322.06 322.06 322.06 322.7488 322.83 322.83 322.83 320.0739 320.1 320.1 333.9041 335.53 335.53 335.53 363.5656 363.3 363.3 358.0307 357.41
-9999 -9999 -9999 -9999 -9999 -9999 -9999 -9999 -9999 -9999 -9999 -9999 -9999 -9999 -9999 -9999 -9999 359.06 359.06 406.9536 406.5 406.5 404.2236 448.51 448.51 448.51 469.3979 469.2 469.2 467.7429 496.09 496.09 496.09 456.8887 457.26 457.26 460.0718 405.37 405.37 405.37 369.576 365.36 365.36 365.36 336.7 336.7 336.7 328.9704 328.06 328.06 328.6322 317.5 317.5 317.5 313.1611 312.65 312.65 312.1401 322.06 322.06 322.06 322.7488 322.83 322.83 322.9779 320.1 320.1 320.1 333.9041 335.53 335.53 335.53 363.5656 363.3 363.3 358.0307 357.41
-9999 -9999 -9999 -9999 -9999 -9999 -9999 -9999 -9999 -9999 -9999 -9999 -9999 -9999 -9999 -9999 -9999 298.91 298.91 304.8664 304.81 304.81 303.8476 322.57 322.57 322.57 352.5944 352.31 352.31 344.5189 496.09 496.09 496.09 456.8887 457.26 457.26 460.0718 405.37 405.37 405.37 364.9774 365.36 365.36 365.36 336.7 336.7 336.7 328.9704 328.06 328.06 328.6322 317.5 317.5 317.5 313.1611 312.65 312.65 312.1401 322.06 322.06 322.06 322.7488 322.83 322.83 322.9779 320.1 320.1 320.1 335.6776 335.53 335.53 335.53 363.5656 363.3 363.3 358.0307 357.41
-9999 -9999 -9999 -9999 -9999 -9999 -9999 -9999 -9999 -9999 -9999 -9999 -9999 -9999 -9999 -9999 -9999 298.91 298.91 304.8664 304.81 304.81 303.8476 322.57 322.57 322.57 352.5944 352.31 352.31 349.0159 413.1 413.1 413.1 455.2795 454.88 454.88 454.4498 462.82 462.82 462.82 460.7403 460.76 460.76 465.8293 367.21 367.21 367.21 332.8922 328.85 328.85 329.3128 320.31 320.31 320.31 319.1022 318.96 318.96 318.9291 319.53 322.0842 322.06 322.7488 322.83 322.83 322.9779 320.1 320.1 320.1 335.6776 335.53 335.53 334.0252 363.3 363.3 363.3 358.0307 357.41
-9999 -9999 -9999 -9999 -9999 -9999 -9999 -9999 -9999 -9999 -9999 -9999 -9999 -9999 -9999 -9999 -9999 298.91 298.91 304.81 304.81 304.81 303.8476 322.57 322.57 322.57 352.5944 352.31 352.31 349.0159 413.1 413.1 413.1 455.2795 454.88 454.88 454.4498 462.82 462.82 462.82 460.7403 460.76 460.76 465.8293 367.21 367.21 367.21 328.4832 328.85 328.85 329.3128 320.31 320.31 320.31 319.1022 318.96 318.96 318.9291 319.53 319.53 319.53 330.7039 332.02 332.02 331.0809 349.35 349.35 349.35 380.5455 380.25 380.25 380.8753 368.71 368.71 368.71 347.9736 348.17
-9999 -9999 -9999 -9999 -9999 -9999 -9999 -9999 -9999 -9999 -9999 -9999 -9999 -9999 -9999 -9999 -9999 298.91 298.91 304.81 304.81 304.81 320.6985 322.57 322.57 322.57 352.5944 352.31 352.31 349.0159 413.1 413.1 413.1 455.2795 454.88 454.88 454.4498 462.82 462.82 462.82 460.7403 460.76 460.76 465.8293 367.21 367.21 367.21 328.4832 328.85 328.85 321.2099 320.31 320.31 320.31 319.1022 318.96 318.96 318.9291 319.53 319.53 319.53 330.7039 332.02 332.02 331.0809 349.35 349.35 349.35 380.5455 380.25 380.25 380.8753 368.71 368.71 368.71 347.9736 348.17
-9999 -9999 -9999 -9999 -9999 -9999 -9999 -9999 -9999 -9999 -9999 -9999 -9999 -9999 -9999 -9999 -9999 302.26 298.878 304.81 304.81 304.81 320.6985 322.57 322.57 320.9585 352.31 352.31 352.31 349.0159 413.1 413.1 413.1 455.2795 454.88 454.88 454.4498 462.82 462.82 462.82 460.7403 460.76 460.76 465.8293 367.21 367.21 367.21 328.4832 328.85 328.85 321.2099 320.31 320.31 320.31 318.9471 318.96 318.96 318.9291 319.53 319.53 319.53 330.7039 332.02 332.02 331.0809 349.35 349.35 349.35 380.5455 380.25 380.25 380.8753 368.71 368.71 368.71 347.9736 348.17
-9999 -9999 -9999 -9999 -9999 -9999 -9999 -9999 -9999 -9999 -9999 -9999 -9999 -9999 -9999 -9999 -9999 302.26 302.26 290.44 290.44 290.44 279.615 278.34 278.34 278.3741 277.71 277.71 277.71 285.5827 286.51 286.51 286.51 336.5136 336.04 336.04 331.6514 417.03 417.03 463.2579 460.7403 460.76 460.76 465.8293 367.21 367.21 367.21 328.4832 328.85 328.85 321.2099 320.31 320.31 320.31 318.9471 318.96 318.96 319.4699 319.53 319.53 319.53 330.7039 332.02 332.02 331.0809 349.35 349.35 349.35 380.5455 380.25 380.25 380.8753 368.71 368.71 368.71 347.9736 348.17
-9999 -9999 -9999 -9999 -9999 -9999 -9999 -9999 -9999 -9999 -9999 -9999 -9999 -9999 -9999 -9999 -9999 302.26 302.26 290.44 290.44 290.44 279.615 278.34 278.34 278.3741 277.71 277.71 277.71 285.5827 286.51 286.51 283.8261 336.04 336.04 336.04 331.6514 417.03 417.03 417.03 450.8099 450.49 450.49 452.7729 408.36 408.36 408.36 329.1497 329.9 329.9 315.094 313.35 313.35 313.35 321.7193 321.64 321.64 354.8037 358.71 358.71 358.71 371.0278 332.02 332.02 331.0809 349.35 349.35 349.35 380.5455 380.25 380.25 380.8753 368.71 368.71 368.71 347.9736 348.17
-9999 -9999 -9999 -9999 -9999 -9999 -9999 -9999 -9999 -9999 -9999 -9999 -9999 -9999 -9999 -9999 -9999 302.26 302.26 290.44 290.44 290.44 279.615 278.34 278.34 278.3741 277.71 277.71 277.71 285.5827 286.51 286.51 283.8261 336.04 336.04 336.04 408.4957 417.03 417.03 415.2169 450.49 450.49 450.49 452.7729 408.36 408.36 408.36 329.1497 329.9 329.9 315.094 313.35 313.35 313.35 321.7193 321.64 321.64 354.8037 358.71 358.71 358.71 369.0277 368.93 368.93 364.6 364.09 364.09 364.09 364.8169 364.81 364.81 365.5778 350.64 350.64 350.64 336.3951 336.53
-9999 -9999 -9999 -9999 -9999 -9999 -9999 -9999 -9999 -9999 -9999 -9999 -9999 -9999 -9999 -9999 -9999 302.26 302.26 290.44 290.44 290.44 279.615 278.34 278.34 278.3741 277.71 277.71 277.71 285.5827 286.51 286.51 283.8261 336.04 336.04 336.04 408.4957 417.03 417.03 415.2169 450.49 450.49 450.49 412.7994 408.36 408.36 408.36 329.1497 329.9 329.9 315.094 313.35 313.35 313.35 321.7193 321.64 321.64 354.8037 358.71 358.71 358.71 369.0277 368.93 368.93 364.6 364.09 364.09 364.09 364.81 364.81 364.81 365.5778 350.64 350.64 350.64 336.3951 336.53
-9999 -9999 -9999 -9999 -9999 -9999 -9999 -9999 -9999 -9999 -9999 -9999 -9999 -9999 -9999 -9999 -9999 380.87 380.7676 382.76 382.76 382.76 328.2326 321.81 321.81 323.4979 290.66 279.0746 277.71 285.5827 286.51 286.51 283.8261 336.04 336.04 336.04 408.4957 417.03 417.03 415.2169 450.49 450.49 450.49 412.7994 408.36 408.36 412.6115 329.9 329.9 329.9 315.094 313.35 313.35 313.35 321.7193 321.64 321.64 354.8037 358.71 358.71 358.71 369.0277 368.93 368.93 364.6 364.09 364.09 364.09 364.81 364.81 364.81 352.1332 350.64 350.64 350.64 336.3951 336.53
-9999 -9999 -9999 -9999 -9999 -9999 -9999 -9999 -9999 -9999 -9999 -9999 -9999 -9999 -9999 -9999 -9999 380.87 380.7676 382.76 382.76 382.76 321.2272 321.81 321.81 323.4979 290.66 290.66 290.66 271.6045 269.36 269.36 269.0305 275.44 275.44 275.44 317.0311 321.93 321.93 321.5555 328.84 328.84 328.84 326.7645 326.52 326.52 326.7568 322.15 322.15 329.9741 313.1917 313.35 313.35 313.35 321.7193 321.64 321.64 354.8037 358.71 358.71 358.71 369.0277 368.93 368.93 364.6 364.09 364.09 364.09 364.81 364.81 364.81 352.1332 350.64 350.64 350.64 336.53 336.53
-9999 -9999 -9999 -9999 -9999 -9999 -9999 -9999 -9999 -9999 -9999 -9999 -9999 -9999 -9999 -9999 -9999 380.87 380.7676 382.76 382.76 382.76 321.2272 321.81 321.81 293.9424 290.66 290.66 290.66 271.6045 269.36 269.36 269.0305 275.44 275.44 275.44 317.0311 321.93 321.93 321.5555 328.84 328.84 328.84 326.7645 326.52 326.52 326.7568 322.15 322.15 322.15 326.3397 326.3 326.3 326.3 367.1772 366.79 366.79 361.1896 360.53 360.53 360.53 345.3361 345.48 345.48 336.7664 335.74 335.74 335.74 333.28 333.28 333.28 327.7154 348.1553 350.64 350.64 336.53 336.53
-9999 -9999 -9999 -9999 -9999 -9999 -9999 -9999 -9999 -9999 -9999 -9999 -9999 -9999 -9999 -9999 -9999 380.87 380.7676 382.76 382.76 382.76 321.2272 321.81 321.81 293.9424 290.66 290.66 290.66 269.1563 269.36 269.36 269.0305 275.44 275.44 275.44 317.0311 321.93 321.93 321.5555 328.84 328.84 328.84 326.7645 326.52 326.52 326.7568 322.15 322.15 322.15 326.3397 326.3 326.3 324.1059 366.79 366.79 366.79 361.1896 360.53 360.53 360.53 345.3361 345.48 345.48 336.7664 335.74 335.74 335.74 333.28 333.28 333.28 327.7154 327.06 327.06 327.06 319.95 319.95
-9999 -9999 -9999 -9999 -9999 -9999 -9999 -9999 -9999 -9999 -9999 -9999 -9999 -9999 -9999 -9999 -9999 380.87 380.7676 382.76 382.76 382.76 321.2272 321.81 321.81 293.9424 290.66 290.66 290.66 269.1563 269.36 269.36 274.7993 275.44 275.44 275.44 317.0311 321.93 321.93 321.5555 328.84 328.84 328.84 326.7645 326.52 326.52 326.7568 322.15 322.15 322.15 326.3397 326.3 326.3 324.1059 366.79 366.79 366.79 360.4701 360.53 360.53 361.3455 345.48 345.48 345.48 336.7664 335.74 335.74 335.74 333.28 333.28 333.28 327.7154 327.06 327.06 327.06 319.95 319.95
-9999 -9999 -9999 -9999 -9999 -9999 -9999 -9999 -9999 -9999 -9999 -9999 -9999 -9999 -9999 -9999 -9999 419.81 418.4493 444.92 444.92 444.92 402.4477 402.85 402.85 387.1225 385.27 385.27 385.27 308.0688 308.8 308.8 278.4006 274.82 274.82 274.82 284.3906 322.2898 321.93 321.5555 328.84 328.84 328.84 326.7645 326.52 326.52 326.7568 322.15 322.15 322.15 326.3397 326.3 326.3 324.1059 366.79 366.79 366.79 360.4701 360.53 360.53 361.3455 345.48 345.48 345.48 336.7664 335.74 335.74 335.74 333.28 333.28 333.28 327.7154 327.06 327.06 327.06 319.95 319.95
-9999 -9999 -9999 -9999 -9999 -9999 -9999 -9999 -9999 -9999 -9999 -9999 -9999 -9999 -9999 -9999 -9999 419.81 418.4493 444.92 444.92 444.92 402.4477 402.85 402.85 387.1225 385.27 385.27 385.27 308.0688 308.8 308.8 278.4006 274.82 274.82 274.82 284.3906 284.3 284.3 292.3159 293.26 293.26 293.26 294.1993 294.31 294.31 293.2441 313.98 313.98 313.98 360.5814 360.14 360.14 358.2695 394.66 394.66 394.66 374.7313 374.92 360.3924 361.3455 345.48 345.48 345.48 335.6469 335.74 335.74 335.74 333.28 333.28 333.28 327.7154 327.06 327.06 327.06 319.95 319.95
-9999 -9999 -9999 -9999 -9999 -9999 -9999 -9999 -9999 -9999 -9999 -9999 -9999 -9999 -9999 -9999 -9999 419.81 442.274 444.92 444.92 444.92 402.4477 402.85 402.85 387.1225 385.27 385.27 385.27 308.0688 308.8 308.8 278.4006 274.82 274.82 274.82 284.3906 284.3 284.3 292.3159 293.26 293.26 293.26 294.32 294.31 294.31 293.2441 313.98 313.98 313.98 360.5814 360.14 360.14 358.2695 394.66 394.66 394.66 374.7313 374.92 374.92 376.7597 340.97 340.97 340.97 323.3935 323.56 323.56 323.7583 319.9 319.9 319.9 317.3771 317.08 317.08 317.08 314.07 314.07
-9999 -9999 -9999 -9999 -9999 -9999 -9999 -9999 -9999 -9999 -9999 -9999 -9999 -9999 -9999 -9999 -9999 419.81 442.274 444.92 444.92 447.1997 402.85 402.85 402.85 387.1225 385.27 385.27 385.27 308.0688 308.8 308.8 278.4006 274.82 274.82 274.82 284.3906 284.3 284.3 292.3159 293.26 293.26 293.26 294.32 294.31 294.31 311.9073 313.98 313.98 313.98 360.5814 360.14 360.14 358.2695 394.66 394.66 394.66 374.7313 374.92 374.92 376.7597 340.97 340.97 340.97 323.3935 323.56 323.56 323.7583 319.9 319.9 319.9 317.053 317.08 317.08 317.08 314.07 314.07
-9999 -9999 -9999 -9999 -9999 -9999 -9999 -9999 -9999 -9999 -9999 -9999 -9999 -9999 -9999 -9999 -9999 430.82 443.4342 444.92 444.92 447.1997 402.85 402.85 402.85 385.1019 385.27 385.27 385.27 308.0688 308.8 308.8 278.4006 274.82 274.82 274.82 284.3906 284.3 284.3 292.3159 293.26 293.26 293.26 294.32 294.31 294.31 311.9073 313.98 313.98 313.98 360.14 360.14 360.14 358.2695 394.66 394.66 394.66 374.7313 374.92 374.92 376.7597 340.97 340.97 340.97 323.3935 323.56 323.56 323.7583 319.9 319.9 319.9 317.053 317.08 317.08 317.2431 314.07 314.07
-9999 -9999 -9999 -9999 -9999 -9999 -9999 -9999 -9999 -9999 -9999 -9999 -9999 -9999 -9999 -9999 -9999 430.82 436.4919 437.16 437.16 439.1107 401.16 401.16 401.16 427.5702 427.32 427.32 429.7899 381.74 381.74 381.74 310.8946 302.55 302.55 302.55 286.3667 286.52 286.52 286.35 286.33 286.33 286.33 296.2136 296.12 296.12 312.1454 313.98 313.98 313.98 360.14 360.14 360.14 391.0225 394.66 394.66 394.66 374.7313 374.92 374.92 376.7597 340.97 340.97 340.97 323.3935 323.56 323.56 323.7583 319.9 319.9 319.9 317.053 317.08 317.08 317.2431 314.07 314.07
-9999 -9999 -9999 -9999 -9999 -9999 -9999 -9999 -9999 -9999 -9999 -9999 -9999 -9999 -9999 -9999 -9999 430.82 436.4919 437.16 437.16 439.1107 401.16 401.16 401.16 427.5702 427.32 427.32 429.7899 381.74 381.74 381.74 301.7927 302.55 302.55 302.55 286.3667 286.52 286.52 286.35 286.33 286.33 286.33 296.2136 296.12 296.12 312.1427 314.03 314.03 314.03 335.98 335.98 335.98 354.3466 356.51 356.51 355.1466 381.67 381.67 381.67 382.0916 373.89 373.89 373.89 334.295 334.67 334.67 335.5327 318.75 318.6877 319.9 317.053 317.08 317.08 317.2431 314.07 314.07
-9999 -9999 -9999 -9999 -9999 -9999 -9999 -9999 -9999 -9999 -9999 -9999 -9999 -9999 -9999 -9999 -9999 430.82 436.4919 437.16 437.16 439.1107 401.16 401.16 401.16 427.5702 427.32 427.32 429.7899 381.74 381.74 381.74 301.7927 302.55 302.55 303.4186 286.52 286.52 286.52 286.35 286.33 286.33 286.33 296.2136 296.12 296.12 312.1427 314.03 314.03 314.03 335.98 335.98 335.98 354.3466 356.51 356.51 355.1466 381.67 381.67 381.67 374.7098 373.89 373.89 373.89 334.295 334.67 334.67 335.5327 318.75 318.75 318.75 313.9041 313.95 313.95 313.9565 313.83 313.83
