Model and model input files/precip_1988.asc
ncols         625
nrows         453
xllcorner     138621.56993419
yllcorner     4094031.9406744
cellsize      1000
NODATA_value  -9999
[rows 102 to 135 of 453, columns 0 to 76 of 625]
-9999 -9999 -9999 -9999 -9999 -9999 -9999 -9999 -9999 -9999 -9999 -9999 -9999 -9999 -9999 -9999 -9999 159.7 159.1164 170.47 170.47 170.47 188.8945 188.72 188.72 183.5401 182.93 182.93 182.93 183.8783 183.99 183.99 183.6324 190.59 190.59 190.59 195.5104 196.09 196.09 195.7762 201.88 201.88 201.88 200.8428 221.02 221.02 221.02 232.9126 232.8 232.8 233.2473 233.3 233.3 233.3 298.2956 297.68 297.68 292.5067 393.15 393.15 393.15 357.6334 353.45 353.45 355.6083 313.62 313.62 313.62 291.8538 292.06 292.06 292.06 268.0021 268.23 268.23 270.2876 270.53
-9999 -9999 -9999 -9999 -9999 -9999 -9999 -9999 -9999 -9999 -9999 -9999 -9999 -9999 -9999 -9999 -9999 159.7 159.1164 170.47 170.47 170.47 188.8945 188.72 188.72 183.5401 182.93 182.93 182.93 183.8783 183.99 183.99 183.6324 190.59 190.59 190.59 195.5104 196.09 196.09 195.7762 201.88 201.88 201.88 200.8428 221.02 221.02 221.02 232.9126 232.8 232.8 233.2473 233.3 233.3 233.3 298.2956 297.68 297.68 292.5067 393.15 393.15 393.15 357.6334 353.45 353.45 355.6083 313.62 313.62 313.62 291.8538 292.06 292.06 292.06 268.0021 268.23 268.23 270.2876 270.53
-9999 -9999 -9999 -9999 -9999 -9999 -9999 -9999 -9999 -9999 -9999 -9999 -9999 -9999 -9999 -9999 -9999 159.7 159.1164 170.47 170.47 170.47 188.8945 188.72 188.72 183.5401 182.93 182.93 182.93 184.0001 183.99 183.99 183.6324 190.59 190.59 190.59 195.5104 196.09 196.09 195.7762 201.88 201.88 201.88 219.0031 221.02 221.02 221.02 232.9126 232.8 232.8 233.2473 233.3 233.3 233.3 298.2956 297.68 297.68 383.0898 393.15 393.15 393.15 357.6334 353.45 353.45 355.6083 313.62 313.62 313.62 291.8538 292.06 292.06 293.3513 268.23 268.23 268.23 270.2876 270.53
-9999 -9999 -9999 -9999 -9999 -9999 -9999 -9999 -9999 -9999 -9999 -9999 -9999 -9999 -9999 -9999 -9999 162.79 165.6438 165.98 165.98 165.98 174.0262 173.95 173.95 181.7511 182.67 182.67 182.67 188.8889 188.83 188.83 197.2932 198.29 198.29 198.29 204.9371 205.72 205.72 205.3212 213.08 213.08 213.08 218.896 221.02 221.02 221.02 232.9126 232.8 232.8 233.2473 233.3 233.3 233.3 298.2956 297.68 297.68 383.0898 393.15 393.15 393.15 357.6334 353.45 353.45 355.6083 313.62 313.62 313.62 291.8538 292.06 292.06 293.3513 268.23 268.23 268.23 270.2876 270.53
-9999 -9999 -9999 -9999 -9999 -9999 -9999 -9999 -9999 -9999 -9999 -9999 -9999 -9999 -9999 -9999 -9999 162.79 165.6438 165.98 165.98 165.98 174.0262 173.95 173.95 181.7511 182.67 182.67 182.67 188.8889 188.83 188.83 197.2932 198.29 198.29 198.29 204.9371 205.72 205.72 205.3212 213.08 213.08 213.08 226.2847 227.84 227.84 226.7292 248.34 248.34 248.34 267.1898 269.41 269.41 269.41 361.8051 360.93 360.93 430.3171 438.49 438.49 438.49 387.9311 388.41 388.41 391.3697 333.79 315.7454 313.62 291.8538 292.06 292.06 293.3513 268.23 268.23 268.23 270.552 270.53
-9999 -9999 -9999 -9999 -9999 -9999 -9999 -9999 -9999 -9999 -9999 -9999 -9999 -9999 -9999 -9999 -9999 162.79 165.6438 165.98 165.98 165.5481 173.95 173.95 173.95 181.7511 182.67 182.67 182.67 188.8889 188.83 188.83 197.2932 198.29 198.29 198.29 205.791 205.72 205.72 205.3212 213.08 213.08 213.08 226.2847 227.84 227.84 226.7292 248.34 248.34 248.34 267.1898 269.41 269.41 269.41 361.8051 360.93 360.93 430.3171 438.49 438.49 438.49 387.9311 388.41 388.41 391.3697 333.79 333.79 333.79 302.0291 302.33 302.33 303.6348 278.25 278.25 278.25 266.1857 266.3
-9999 -9999 -9999 -9999 -9999 -9999 -9999 -9999 -9999 -9999 -9999 -9999 -9999 -9999 -9999 -9999 -9999 162.79 165.6438 165.98 165.98 165.5481 173.95 173.95 173.95 181.7511 182.67 182.67 182.67 188.8889 188.83 188.83 197.2932 198.29 198.29 198.29 205.791 205.72 205.72 205.3212 213.08 213.08 213.08 226.2847 227.84 227.84 226.7292 248.34 248.34 248.34 269.6115 269.41 269.41 269.41 361.8051 360.93 360.93 430.3171 438.49 438.49 438.49 387.9311 388.41 388.41 339.5456 333.79 333.79 333.79 302.0291 302.33 302.33 303.6348 278.25 278.25 278.25 266.1857 266.3
-9999 -9999 -9999 -9999 -9999 -9999 -9999 -9999 -9999 -9999 -9999 -9999 -9999 -9999 -9999 -9999 -9999 177.14 180.0028 180.34 180.34 179.8512 189.36 175.5738 173.95 182.7534 182.67 182.67 182.67 188.8889 188.83 188.83 197.2932 198.29 198.29 198.29 205.791 205.72 205.72 212.3044 213.08 213.08 213.08 226.2847 227.84 227.84 226.7292 248.34 248.34 248.34 269.6115 269.41 269.41 269.41 361.8051 360.93 360.93 430.3171 438.49 438.49 438.49 387.9311 388.41 388.41 339.5456 333.79 333.79 333.79 302.0291 302.33 302.33 303.6348 278.25 278.25 278.25 266.1857 266.3
-9999 -9999 -9999 -9999 -9999 -9999 -9999 -9999 -9999 -9999 -9999 -9999 -9999 -9999 -9999 -9999 -9999 177.14 180.0028 180.34 180.34 179.8512 189.36 189.36 189.36 191.2883 191.27 191.27 191.27 198.0946 198.03 198.03 205.4733 206.35 206.35 206.35 206.9456 206.94 206.94 215.922 216.98 216.98 216.98 254.1427 258.52 231.0729 226.7292 248.34 248.34 248.34 269.6115 269.41 269.41 264.4508 360.93 360.93 360.93 430.3171 438.49 438.49 438.49 387.9311 388.41 388.41 339.5456 333.79 333.79 333.79 302.33 302.33 302.33 303.6348 278.25 278.25 278.25 266.1857 266.3
-9999 -9999 -9999 -9999 -9999 -9999 -9999 -9999 -9999 -9999 -9999 -9999 -9999 -9999 -9999 -9999 -9999 177.14 180.0028 180.34 180.34 179.8512 189.36 189.36 189.36 191.2883 191.27 191.27 190.9037 198.03 198.03 198.03 205.4733 206.35 206.35 206.35 206.9456 206.94 206.94 215.922 216.98 216.98 216.98 258.9172 258.52 258.52 254.7095 328.84 328.84 328.84 358.7836 358.5 358.5 356.5677 394.16 394.16 394.16 391.3688 391.04 391.04 391.04 358.4311 358.74 358.74 336.9648 334.4 334.4 334.4 306.82 302.287 302.33 303.6348 278.25 278.25 278.25 266.1857 266.3
-9999 -9999 -9999 -9999 -9999 -9999 -9999 -9999 -9999 -9999 -9999 -9999 -9999 -9999 -9999 -9999 -9999 177.14 180.3706 180.34 180.34 179.8512 189.36 189.36 189.36 191.2883 191.27 191.27 190.9037 198.03 198.03 198.03 205.4733 206.35 206.35 206.35 206.9456 206.94 206.94 215.922 216.98 216.98 216.98 258.9172 258.52 258.52 254.7095 328.84 328.84 328.84 358.7836 358.5 358.5 356.5677 394.16 394.16 394.16 391.0102 391.04 391.04 391.04 358.4311 358.74 358.74 336.9648 334.4 334.4 334.4 306.82 306.82 306.82 283.1214 280.33 280.33 280.33 273.7678 273.83
-9999 -9999 -9999 -9999 -9999 -9999 -9999 -9999 -9999 -9999 -9999 -9999 -9999 -9999 -9999 -9999 -9999 177.14 180.3706 180.34 180.34 179.8512 189.36 189.36 189.36 191.2883 191.27 191.27 190.9037 198.03 198.03 198.03 206.4296 206.35 206.35 206.35 206.9456 206.94 206.94 215.922 216.98 216.98 216.98 258.9172 258.52 258.52 321.43 328.84 328.84 328.84 358.7836 358.5 358.5 356.5677 394.16 394.16 394.16 391.0102 391.04 391.04 391.04 358.4311 358.74 358.74 336.9648 334.4 334.4 334.4 306.82 306.82 306.82 283.1214 280.33 280.33 280.33 273.7678 273.83
-9999 -9999 -9999 -9999 -9999 -9999 -9999 -9999 -9999 -9999 -9999 -9999 -9999 -9999 -9999 -9999 -9999 204.86 193.3611 193.47 193.47 189.7126 189.27 189.27 189.27 197.4172 197.34 197.34 196.8463 206.45 206.45 206.45 206.7024 206.3467 206.35 206.35 206.9456 206.94 206.94 215.922 216.98 216.98 216.98 258.9172 258.52 258.52 321.43 328.84 328.84 328.84 358.7836 358.5 358.5 356.5677 394.16 394.16 394.16 391.0102 391.04 391.04 392.7903 358.74 358.74 358.74 336.9648 334.4 334.4 334.4 306.82 306.82 306.82 283.1214 280.33 280.33 280.33 273.7678 273.83
-9999 -9999 -9999 -9999 -9999 -9999 -9999 -9999 -9999 -9999 -9999 -9999 -9999 -9999 -9999 -9999 -9999 204.86 193.3611 193.47 193.47 189.7126 189.27 189.27 189.27 197.4172 197.34 197.34 196.8463 206.45 206.45 206.45 206.7024 206.7 206.7 206.8712 203.54 203.54 203.54 213.3183 214.47 214.47 214.47 259.5873 259.16 259.16 331.9288 340.5 340.5 340.5 437.67 437.67 437.67 437.7638 435.94 435.94 394.16 391.0102 391.04 391.04 392.7903 358.74 358.74 358.74 336.9648 334.4 334.4 334.4 306.82 306.82 306.82 283.1214 280.33 280.33 280.33 273.83 273.83
-9999 -9999 -9999 -9999 -9999 -9999 -9999 -9999 -9999 -9999 -9999 -9999 -9999 -9999 -9999 -9999 -9999 204.86 193.3611 193.47 193.47 189.7126 189.27 189.27 189.27 197.34 197.34 197.34 196.8463 206.45 206.45 206.45 206.7024 206.7 206.7 206.8712 203.54 203.54 203.54 213.3183 214.47 214.47 214.47 259.5873 259.16 259.16 331.9288 340.5 340.5 340.5 437.67 437.67 437.67 437.7638 435.94 435.94 435.94 379.5761 380.11 380.11 381.8321 348.33 348.33 348.33 319.3152 319.59 319.59 319.59 296.77 296.77 296.77 288.4142 287.43 287.43 287.43 287.67 287.67
-9999 -9999 -9999 -9999 -9999 -9999 -9999 -9999 -9999 -9999 -9999 -9999 -9999 -9999 -9999 -9999 -9999 204.86 193.3611 193.47 193.47 189.7126 189.27 189.27 189.27 197.34 197.34 197.34 196.8463 206.45 206.45 206.45 206.7024 206.7 206.7 206.8712 203.54 203.54 203.54 214.5745 214.47 214.47 214.47 259.5873 259.16 259.16 331.9288 340.5 340.5 340.5 437.67 437.67 437.67 437.7638 435.94 435.94 435.94 379.5761 380.11 380.11 381.8321 348.33 348.33 348.33 319.3152 319.59 319.59 319.59 296.77 296.77 296.77 288.4142 287.43 287.43 287.43 287.67 287.67
-9999 -9999 -9999 -9999 -9999 -9999 -9999 -9999 -9999 -9999 -9999 -9999 -9999 -9999 -9999 -9999 -9999 200.19 215.606 215.46 215.46 189.5023 189.27 189.27 189.27 197.34 197.34 197.34 205.49 206.45 206.45 206.45 206.7024 206.7 206.7 206.8712 203.54 203.54 203.54 214.5745 214.47 214.47 214.47 259.5873 259.16 259.16 331.9288 340.5 340.5 340.5 437.67 437.67 437.67 436.1223 435.94 435.94 435.94 379.5761 380.11 380.11 381.8321 348.33 348.33 348.33 319.3152 319.59 319.59 320.8266 296.77 296.77 296.77 288.4142 287.43 287.43 287.43 287.67 287.67
-9999 -9999 -9999 -9999 -9999 -9999 -9999 -9999 -9999 -9999 -9999 -9999 -9999 -9999 -9999 -9999 -9999 199.3626 215.46 215.46 215.46 204.5187 203.23 203.23 203.23 203.47 203.47 203.47 211.1996 212.11 212.11 212.11 214.6036 214.58 214.58 214.4402 217.16 217.16 217.16 217.1095 217.11 217.11 214.8818 259.062 259.16 259.16 331.9288 340.5 340.5 340.5 437.67 437.67 437.67 436.1223 435.94 435.94 435.94 379.5761 380.11 380.11 381.8321 348.33 348.33 348.33 319.3152 319.59 319.59 320.8266 296.77 296.77 296.77 288.4142 287.43 287.43 287.43 287.67 287.67
-9999 -9999 -9999 -9999 -9999 -9999 -9999 -9999 -9999 -9999 -9999 -9999 -9999 -9999 -9999 -9999 -9999 199.3626 215.46 215.46 215.46 204.5187 203.23 203.23 203.23 203.47 203.47 203.47 211.1996 212.11 212.11 211.9762 214.58 214.58 214.58 214.4402 217.16 217.16 217.16 217.1095 217.11 217.11 214.8818 258.23 258.23 258.23 308.1501 314.03 314.03 314.03 436.76 436.76 436.76 429.1736 428.28 428.28 431.0116 377.87 377.87 377.87 379.734 343.47 343.47 343.47 330.2346 330.36 330.9436 320.8266 296.77 296.77 296.77 288.4142 287.43 287.43 287.43 287.67 287.67
-9999 -9999 -9999 -9999 -9999 -9999 -9999 -9999 -9999 -9999 -9999 -9999 -9999 -9999 -9999 -9999 -9999 199.3626 215.46 215.46 215.46 203.1131 203.23 203.23 203.23 203.47 203.47 203.47 211.1996 212.11 212.11 211.9762 214.58 214.58 214.58 214.4402 217.16 217.16 217.16 217.1095 217.11 217.11 214.8818 258.23 258.23 258.23 314.5636 314.03 314.03 314.03 436.76 436.76 436.76 429.1736 428.28 428.28 431.0116 377.87 377.87 377.87 379.734 343.47 343.47 343.47 330.2346 330.36 330.36 331.3814 311.51 311.51 311.51 311.5403 311.54 311.54 311.54 297.51 297.51
-9999 -9999 -9999 -9999 -9999 -9999 -9999 -9999 -9999 -9999 -9999 -9999 -9999 -9999 -9999 -9999 -9999 199.3626 215.46 215.46 215.46 203.1131 203.23 203.23 203.23 203.47 203.47 203.47 211.1996 212.11 212.11 211.9762 214.58 214.58 214.58 216.8881 217.16 217.16 217.16 217.1095 217.11 217.11 214.8818 258.23 258.23 258.23 314.5636 314.03 314.03 314.03 436.76 436.76 436.76 429.1736 428.28 428.28 431.0116 377.87 377.87 377.87 347.0949 343.47 343.47 343.47 330.2346 330.36 330.36 331.3814 311.51 311.51 311.51 311.5403 311.54 311.54 311.54 297.51 297.51
-9999 -9999 -9999 -9999 -9999 -9999 -9999 -9999 -9999 -9999 -9999 -9999 -9999 -9999 -9999 -9999 -9999 225.5506 261.53 261.53 261.53 228.7495 229.06 230.4597 203.217 203.47 203.47 203.47 211.1996 212.11 212.11 211.9762 214.58 214.58 214.58 216.8881 217.16 217.16 217.16 217.1095 217.11 217.11 214.8818 258.23 258.23 258.23 314.5636 314.03 314.03 307.3796 436.76 436.76 436.76 429.1736 428.28 428.28 431.0116 377.87 377.87 377.87 347.0949 343.47 343.47 343.47 330.2346 330.36 330.36 331.3814 311.51 311.51 311.51 311.5403 311.54 311.54 312.3003 297.51 297.51
-9999 -9999 -9999 -9999 -9999 -9999 -9999 -9999 -9999 -9999 -9999 -9999 -9999 -9999 -9999 -9999 -9999 225.5506 261.53 261.53 261.53 228.7495 229.06 229.06 229.2513 225.53 225.53 225.53 239.7277 241.4 241.4 240.3628 260.54 260.54 260.54 255.1275 254.49 254.49 256.0197 226.26 226.26 226.26 224.6322 256.3 256.3 256.3 298.2877 297.89 297.89 292.4057 399.1 399.1 399.1 425.2052 428.28 428.28 431.0116 377.87 377.87 377.87 347.0949 343.47 343.47 344.1804 330.36 330.36 330.36 331.3814 311.51 311.51 311.51 311.5403 311.54 311.54 312.3003 297.51 297.51
-9999 -9999 -9999 -9999 -9999 -9999 -9999 -9999 -9999 -9999 -9999 -9999 -9999 -9999 -9999 -9999 -9999 225.5506 261.53 261.53 261.53 228.7495 229.06 229.06 229.2513 225.53 225.53 225.53 241.5518 241.4 241.4 240.3628 260.54 260.54 260.54 255.1275 254.49 254.49 256.0197 226.26 226.26 226.26 224.6322 256.3 256.3 256.3 298.2877 297.89 297.89 292.4057 399.1 399.1 399.1 435.6361 435.29 435.29 438.4085 377.74 377.74 377.74 356.1706 353.63 353.63 353.9448 347.82 347.82 347.82 348.5407 334.52 334.52 334.52 319.5583 319.7 319.7 320.3372 307.94 307.94
-9999 -9999 -9999 -9999 -9999 -9999 -9999 -9999 -9999 -9999 -9999 -9999 -9999 -9999 -9999 -9999 -9999 257.4672 261.53 261.53 261.53 229.06 229.06 229.06 229.06 225.53 225.53 225.53 241.4 241.4 241.4 241.4 260.54 260.54 260.54 255.2102 254.49 254.49 254.49 226.26 226.26 226.26 252.724 256.3 256.3 256.3 297.89 297.89 297.89 297.89 399.1 399.1 399.1 435.29 435.29 435.29 435.29 377.74 377.74 377.74 356.5 353.63 353.63 353.63 347.82 347.82 347.82 347.7055 334.52 334.52 334.52 319.7 319.7 319.7 319.7 307.94 307.94
-9999 -9999 -9999 -9999 -9999 -9999 -9999 -9999 -9999 -9999 -9999 -9999 -9999 -9999 -9999 -9999 -9999 -9999 -9999 -9999 -9999 -9999 -9999 -9999 -9999 -9999 -9999 -9999 -9999 -9999 -9999 -9999 -9999 -9999 -9999 -9999 -9999 -9999 -9999 -9999 -9999 -9999 -9999 -9999 -9999 -9999 -9999 -9999 -9999 -9999 -9999 -9999 -9999 -9999 -9999 -9999 -9999 -9999 -9999 -9999 -9999 -9999 -9999 -9999 -9999 -9999 -9999 -9999 -9999 -9999 -9999 -9999 -9999 -9999 -9999 -9999 -9999
-9999 -9999 -9999 -9999 -9999 -9999 -9999 -9999 -9999 -9999 -9999 -9999 -9999 -9999 -9999 -9999 -9999 -9999 -9999 -9999 -9999 -9999 -9999 -9999 -9999 -9999 -9999 -9999 -9999 -9999 -9999 -9999 -9999 -9999 -9999 -9999 -9999 -9999 -9999 -9999 -9999 -9999 -9999 -9999 -9999 -9999 -9999 -9999 -9999 -9999 -9999 -9999 -9999 -9999 -9999 -9999 -9999 -9999 -9999 -9999 -9999 -9999 -9999 -9999 -9999 -9999 -9999 -9999 -9999 -9999 -9999 -9999 -9999 -9999 -9999 -9999 -9999
-9999 -9999 -9999 -9999 -9999 -9999 -9999 -9999 -9999 -9999 -9999 -9999 -9999 -9999 -9999 -9999 -9999 -9999 -9999 -9999 -9999 -9999 -9999 -9999 -9999 -9999 -9999 -9999 -9999 -9999 -9999 -9999 -9999 -9999 -9999 -9999 -9999 -9999 -9999 -9999 -9999 -9999 -9999 -9999 -9999 -9999 -9999 -9999 -9999 -9999 -9999 -9999 -9999 -9999 -9999 -9999 -9999 -9999 -9999 -9999 -9999 -9999 -9999 -9999 -9999 -9999 -9999 -9999 -9999 -9999 -9999 -9999 -9999 -9999 -9999 -9999 -9999
-9999 -9999 -9999 -9999 -9999 -9999 -9999 -9999 -9999 -9999 -9999 -9999 -9999 -9999 -9999 -9999 -9999 -9999 -9999 -9999 -9999 -9999 -9999 -9999 -9999 -9999 -9999 -9999 -9999 -9999 -9999 -9999 -9999 -9999 -9999 -9999 -9999 -9999 -9999 -9999 -9999 -9999 -9999 -9999 -9999 -9999 -9999 -9999 -9999 -9999 -9999 -9999 -9999 -9999 -9999 -9999 -9999 -9999 -9999 -9999 -9999 -9999 -9999 -9999 -9999 -9999 -9999 -9999 -9999 -9999 -9999 -9999 -9999 -9999 -9999 -9999 -9999
-9999 -9999 -9999 -9999 -9999 -9999 -9999 -9999 -9999 -9999 -9999 -9999 -9999 -9999 -9999 -9999 -9999 -9999 -9999 -9999 -9999 -9999 -9999 -9999 -9999 -9999 -9999 -9999 -9999 -9999 -9999 -9999 -9999 -9999 -9999 -9999 -9999 -9999 -9999 -9999 -9999 -9999 -9999 -9999 -9999 -9999 -9999 -9999 -9999 -9999 -9999 -9999 -9999 -9999 -9999 -9999 -9999 -9999 -9999 -9999 -9999 -9999 -9999 -9999 -9999 -9999 -9999 -9999 -9999 -9999 -9999 -9999 -9999 -9999 -9999 -9999 -9999
-9999 -9999 -9999 -9999 -9999 -9999 -9999 -9999 -9999 -9999 -9999 -9999 -9999 -9999 -9999 -9999 -9999 -9999 -9999 -9999 -9999 -9999 -9999 -9999 -9999 -9999 -9999 -9999 -9999 -9999 -9999 -9999 -9999 -9999 -9999 -9999 -9999 -9999 -9999 -9999 -9999 -9999 -9999 -9999 -9999 -9999 -9999 -9999 -9999 -9999 -9999 -9999 -9999 -9999 -9999 -9999 -9999 -9999 -9999 -9999 -9999 -9999 -9999 -9999 -9999 -9999 -9999 -9999 -9999 -9999 -9999 -9999 -9999 -9999 -9999 -9999 -9999
-9999 -9999 -9999 -9999 -9999 -9999 -9999 -9999 -9999 -9999 -9999 -9999 -9999 -9999 -9999 -9999 -9999 -9999 -9999 -9999 -9999 -9999 -9999 -9999 -9999 -9999 -9999 -9999 -9999 -9999 -9999 -9999 -9999 -9999 -9999 -9999 -9999 -9999 -9999 -9999 -9999 -9999 -9999 -9999 -9999 -9999 -9999 -9999 -9999 -9999 -9999 -9999 -9999 -9999 -9999 -9999 -9999 -9999 -9999 -9999 -9999 -9999 -9999 -9999 -9999 -9999 -9999 -9999 -9999 -9999 -9999 -9999 -9999 -9999 -9999 -9999 -9999
-9999 -9999 -9999 -9999 -9999 -9999 -9999 -9999 -9999 -9999 -9999 -9999 -9999 -9999 -9999 -9999 -9999 -9999 -9999 -9999 -9999 -9999 -9999 -9999 -9999 -9999 -9999 -9999 -9999 -9999 -9999 -9999 -9999 -9999 -9999 -9999 -9999 -9999 -9999 -9999 -9999 -9999 -9999 -9999 -9999 -9999 -9999 -9999 -9999 -9999 -9999 -9999 -9999 -9999 -9999 -9999 -9999 -9999 -9999 -9999 -9999 -9999 -9999 -9999 -9999 -9999 -9999 -9999 -9999 -9999 -9999 -9999 -9999 -9999 -9999 -9999 -9999
-9999 -9999 -9999 -9999 -9999 -9999 -9999 -9999 -9999 -9999 -9999 -9999 -9999 -9999 -9999 -9999 -9999 -9999 -9999 -9999 -9999 -9999 -9999 -9999 -9999 -9999 -9999 -9999 -9999 -9999 -9999 -9999 -9999 -9999 -9999 -9999 -9999 -9999 -9999 -9999 -9999 -9999 -9999 -9999 -9999 -9999 -9999 -9999 -9999 -9999 -9999 -9999 -9999 -9999 -9999 -9999 -9999 -9999 -9999 -9999 -9999 -9999 -9999 -9999 -9999 -9999 -9999 -9999 -9999 -9999 -9999 -9999 -9999 -9999 -9999 -9999 -9999
