Model and model input files/precip_1997.asc
ncols         625
nrows         453
xllcorner     138621.56993419
yllcorner     4094031.9406744
cellsize      1000
NODATA_value  -9999
[rows 102 to 135 of 453, columns 154 to 230 of 625]
999.89 999.89 999.89 1171.184 1191.36 1191.36 1191.36 1208.22 1208.22 1208.22 1172.882 1168.72 1168.72 1173.344 1083.38 1083.38 1083.38 1107.016 1109.8 1109.8 1109.8 1348.107 1345.85 1345.85 1344.849 1364.33 1364.33 1364.33 1300.233 1300.84 1300.84 1045.344 1015.25 1015.25 1015.25 816.4375 793.02 793.02 799.0364 681.99 681.99 681.99 639.5579 634.56 634.56 630.795 704.04 704.04 704.04 683.711 1079.2 1079.2 1079.2 1204.901 1203.71 1203.71 994.9492 970.36 970.36 970.36 827.2949 828.65 828.65 952.4124 966.99 966.99 966.99 1030.723 1038.23 -9999 -9999 -9999 -9999 -9999 -9999 -9999 -9999
999.89 999.89 999.89 1193.191 1191.36 1191.36 1191.36 1208.22 1208.22 1208.22 1172.882 1168.72 1168.72 1173.344 1083.38 1083.38 1083.38 1107.016 1109.8 1109.8 1109.8 1348.107 1345.85 1345.85 1344.849 1364.33 1364.33 1364.33 1300.233 1300.84 1300.84 1045.344 1015.25 1015.25 1015.25 816.4375 793.02 793.02 799.0364 681.99 681.99 681.99 639.5579 634.56 634.56 630.795 704.04 704.04 704.04 1039.667 1079.2 1079.2 1079.2 1204.901 1203.71 1203.71 994.9492 970.36 970.36 970.36 827.2949 828.65 828.65 952.4124 966.99 966.99 966.99 1030.723 1038.23 -9999 -9999 -9999 -9999 -9999 -9999 -9999 -9999
999.89 999.89 999.89 1193.191 1191.36 1191.36 1191.36 1208.22 1208.22 1208.22 1172.882 1168.72 1168.72 1173.344 1083.38 1083.38 1083.38 1107.016 1109.8 1109.8 1109.8 1348.107 1345.85 1345.85 1344.849 1364.33 1364.33 1364.33 1300.233 1300.84 1300.84 1045.344 1015.25 1015.25 1015.25 790.895 793.02 793.02 799.0364 681.99 681.99 681.99 639.5579 634.56 634.56 630.795 704.04 704.04 704.04 1039.667 1079.2 1079.2 1079.2 1204.901 1203.71 1203.71 994.9492 970.36 970.36 970.36 827.2949 828.65 828.65 952.4124 966.99 966.99 966.99 1030.723 1038.23 -9999 -9999 -9999 -9999 -9999 -9999 -9999 -9999
965.05 965.05 965.05 992.399 992.14 992.14 992.4722 986.01 986.01 986.01 1105.559 1119.64 1119.64 1111.802 1264.29 1264.29 1264.29 1263.476 1263.38 1263.38 1255.99 1399.76 1399.76 1399.76 1391.51 1552.01 1552.01 1552.01 1431.145 1432.29 1439.413 1045.344 1015.25 1015.25 1015.25 790.895 793.02 793.02 799.0364 681.99 681.99 681.99 639.5579 634.56 634.56 630.795 704.04 704.04 704.04 1039.667 1079.2 1079.2 1079.2 1204.901 1203.71 1203.71 994.9492 970.36 970.36 970.36 827.2949 828.65 828.65 952.4124 966.99 966.99 966.99 1030.723 1038.23 -9999 -9999 -9999 -9999 -9999 -9999 -9999 -9999
965.05 965.05 965.05 992.399 992.14 992.14 992.4722 986.01 986.01 986.01 1105.559 1119.64 1119.64 1111.802 1264.29 1264.29 1264.29 1263.476 1263.38 1263.38 1255.99 1399.76 1399.76 1399.76 1391.51 1552.01 1552.01 1552.01 1431.145 1432.29 1432.29 1235.374 1212.18 1212.18 1212.18 926.5042 929.21 929.21 934.5161 831.29 831.29 831.29 750.3801 740.85 740.85 742.8647 703.67 703.67 703.67 768.6824 776.34 776.34 776.34 810.9175 810.59 810.59 755.3111 748.8 748.8 748.8 794.2101 793.78 793.78 747.4474 741.99 741.99 741.99 770.2275 769.96 -9999 -9999 -9999 -9999 -9999 -9999 -9999 -9999
965.05 965.05 965.05 992.399 992.14 992.14 992.4722 986.01 986.01 986.01 1105.559 1119.64 1119.64 1111.802 1264.29 1264.29 1264.29 1263.476 1263.38 1263.38 1255.99 1399.76 1399.76 1399.76 1391.51 1552.01 1552.01 1552.01 1431.145 1432.29 1432.29 1235.374 1212.18 1212.18 1212.18 926.5042 929.21 929.21 841.6083 831.29 831.29 831.29 750.3801 740.85 740.85 742.8647 703.67 703.67 703.67 768.6824 776.34 776.34 774.4841 810.59 810.59 810.59 755.3111 748.8 748.8 748.8 794.2101 793.78 793.78 747.4474 741.99 741.99 741.99 770.2275 769.96 -9999 -9999 -9999 -9999 -9999 -9999 -9999 -9999
965.05 965.05 965.05 992.399 992.14 992.14 992.4722 986.01 986.01 986.01 1120.918 1119.64 1119.64 1111.802 1264.29 1264.29 1264.29 1263.476 1263.38 1263.38 1255.99 1399.76 1399.76 1399.76 1535.967 1552.01 1552.01 1552.01 1431.145 1432.29 1432.29 1235.374 1212.18 1212.18 1212.18 926.5042 929.21 929.21 841.6083 831.29 831.29 831.29 750.3801 740.85 740.85 742.8647 703.67 703.67 703.67 768.6824 776.34 776.34 774.4841 810.59 810.59 810.59 755.3111 748.8 748.8 748.8 794.2101 793.78 793.78 747.4474 741.99 741.99 741.99 770.2275 769.96 -9999 -9999 -9999 -9999 -9999 -9999 -9999 -9999
965.05 965.05 965.05 992.399 992.14 992.14 992.4722 986.01 986.01 986.01 1120.918 1119.64 1119.64 1111.802 1264.29 1264.29 1264.29 1263.476 1263.38 1263.38 1255.99 1399.76 1399.76 1399.76 1535.967 1552.01 1552.01 1552.01 1431.145 1432.29 1432.29 1235.374 1212.18 1212.18 1212.18 926.5042 929.21 929.21 841.6083 831.29 831.29 831.29 750.3801 740.85 740.85 742.8647 703.67 703.67 703.67 768.6824 776.34 776.34 774.4841 810.59 810.59 810.59 755.3111 748.8 748.8 748.8 794.2101 793.78 793.78 747.4474 741.99 741.99 741.99 770.2275 769.96 -9999 -9999 -9999 -9999 -9999 -9999 -9999 -9999
947.18 947.18 947.18 1106.226 1104.72 1104.72 1105.615 1088.2 1088.2 1088.2 1027.081 1027.66 1027.66 1016.261 1238.02 1238.02 1238.02 1385.687 1403.08 1403.08 1399.951 1460.82 1460.82 1460.82 1407.303 1401 1401 1401 1242.701 1244.2 1244.2 1161.76 1152.05 1152.05 1152.05 1081.376 929.21 929.21 841.6083 831.29 831.29 831.29 750.3801 740.85 740.85 742.8647 703.67 703.67 703.67 768.6824 776.34 776.34 774.4841 810.59 810.59 810.59 755.3111 748.8 748.8 748.8 794.2101 793.78 793.78 747.4474 741.99 741.99 741.99 770.2275 769.96 -9999 -9999 -9999 -9999 -9999 -9999 -9999 -9999
947.18 947.18 947.18 1106.226 1104.72 1104.72 1105.615 1088.2 1088.2 1088.2 1027.081 1027.66 1027.66 1016.261 1238.02 1238.02 1238.02 1385.687 1403.08 1403.08 1399.951 1460.82 1460.82 1460.82 1407.303 1401 1401 1409.497 1244.2 1244.2 1244.2 1161.76 1152.05 1152.05 1152.05 1073.516 1074.26 1074.26 953.3604 939.12 939.12 939.12 795.2473 796.61 796.61 800.5521 723.86 723.86 723.86 724.2536 724.3 724.3 725.0527 710.41 710.41 710.41 764.7952 764.28 764.28 764.28 813.2943 812.83 812.83 737.0911 728.17 728.17 728.17 758.9314 758.64 -9999 -9999 -9999 -9999 -9999 -9999 -9999 -9999
947.18 947.18 947.18 1106.226 1104.72 1104.72 1105.615 1088.2 1088.2 1088.2 1027.081 1027.66 1027.66 1215.853 1238.02 1238.02 1238.02 1385.687 1403.08 1403.08 1399.951 1460.82 1460.82 1460.82 1407.303 1401 1401 1409.497 1244.2 1244.2 1244.2 1161.76 1152.05 1152.05 1152.05 1073.516 1074.26 1074.26 953.3604 939.12 939.12 939.12 795.2473 796.61 796.61 800.5521 723.86 723.86 723.86 724.2536 724.3 724.3 725.0527 710.41 710.41 710.41 764.7952 764.28 764.28 764.28 813.2943 812.83 812.83 737.0911 728.17 728.17 728.17 758.9314 758.64 -9999 -9999 -9999 -9999 -9999 -9999 -9999 -9999
947.18 947.18 947.18 1106.226 1104.72 1104.72 1105.615 1088.2 1088.2 1088.2 1027.081 1027.66 1027.66 1215.853 1238.02 1238.02 1238.02 1385.687 1403.08 1403.08 1399.951 1460.82 1460.82 1460.82 1407.303 1401 1401 1409.497 1244.2 1244.2 1244.2 1161.76 1152.05 1152.05 1152.05 1073.516 1074.26 1074.26 953.3604 939.12 939.12 939.12 795.2473 796.61 796.61 800.5521 723.86 723.86 723.86 724.2536 724.3 724.3 725.0527 710.41 710.41 710.41 764.7952 764.28 764.28 764.28 813.2943 812.83 812.83 737.0911 728.17 728.17 728.17 758.9314 758.64 -9999 -9999 -9999 -9999 -9999 -9999 -9999 -9999
908.33 908.33 895.7303 1140.85 1140.85 1140.85 1127.548 1386.33 1386.33 1386.33 1191.151 1193 1193 1119.256 1239.239 1238.02 1238.02 1385.687 1403.08 1403.08 1399.951 1460.82 1460.82 1460.82 1407.303 1401 1401 1409.497 1244.2 1244.2 1244.2 1161.76 1152.05 1152.05 1152.05 1073.516 1074.26 1074.26 953.3604 939.12 939.12 939.12 795.2473 796.61 796.61 800.5521 723.86 723.86 723.86 724.2536 724.3 724.3 725.0527 710.41 710.41 710.41 764.7952 764.28 764.28 761.6492 812.83 812.83 812.83 737.0911 728.17 728.17 728.17 758.9314 758.64 -9999 -9999 -9999 -9999 -9999 -9999 -9999 -9999
908.33 908.33 895.7303 1140.85 1140.85 1140.85 1127.548 1386.33 1386.33 1386.33 1191.151 1193 1193 1119.256 1110.57 1110.57 1110.57 1246.649 1245.36 1245.36 1232.338 1485.67 1485.67 1485.67 1457.346 1454.01 1454.01 1451.05 1508.64 1508.64 1508.64 1431.56 1432.29 1432.29 1432.29 1139.507 1142.28 1142.28 976.4165 956.88 956.88 956.88 939.7881 939.95 939.95 915.3299 912.43 912.43 912.43 966.027 972.34 972.34 984.4076 749.64 749.64 749.64 764.7952 764.28 764.28 761.6492 812.83 812.83 812.83 737.0911 728.17 728.17 728.17 758.9314 758.64 -9999 -9999 -9999 -9999 -9999 -9999 -9999 -9999
908.33 908.33 895.7303 1140.85 1140.85 1140.85 1127.548 1386.33 1386.33 1386.33 1191.151 1193 1193 1119.256 1110.57 1110.57 1110.57 1246.649 1245.36 1245.36 1232.338 1485.67 1485.67 1485.67 1457.346 1454.01 1454.01 1451.05 1508.64 1508.64 1508.64 1431.56 1432.29 1432.29 1432.29 1139.507 1142.28 1142.28 976.4165 956.88 956.88 956.88 939.7881 939.95 939.95 915.3299 912.43 912.43 912.43 966.027 972.34 972.34 984.4076 749.64 749.64 749.64 706.6932 707.1 707.1 708.2813 685.3 685.3 685.3 786.2853 798.18 798.18 798.18 833.5853 833.25 -9999 -9999 -9999 -9999 -9999 -9999 -9999 -9999
908.33 908.33 895.7303 1140.85 1140.85 1140.85 1127.548 1386.33 1386.33 1386.33 1191.151 1193 1193 1119.256 1110.57 1110.57 1110.57 1246.649 1245.36 1245.36 1232.338 1485.67 1485.67 1485.67 1457.346 1454.01 1454.01 1451.05 1508.64 1508.64 1508.64 1431.56 1432.29 1432.29 1432.29 1139.507 1142.28 1142.28 976.4165 956.88 956.88 956.88 939.7881 939.95 939.95 915.3299 912.43 912.43 912.43 966.027 972.34 972.34 984.4076 749.64 749.64 749.64 706.6932 707.1 707.1 708.2813 685.3 685.3 685.3 786.2853 798.18 798.18 798.18 833.5853 833.25 -9999 -9999 -9999 -9999 -9999 -9999 -9999 -9999
908.33 908.33 895.7303 1140.85 1140.85 1140.85 1360.463 1386.33 1386.33 1386.33 1191.151 1193 1193 1119.256 1110.57 1110.57 1110.57 1246.649 1245.36 1245.36 1460.347 1485.67 1485.67 1485.67 1457.346 1454.01 1454.01 1451.05 1508.64 1508.64 1508.64 1431.56 1432.29 1432.29 1448.005 1142.28 1142.28 1142.28 976.4165 956.88 956.88 956.88 939.7881 939.95 939.95 915.3299 912.43 912.43 912.43 972.9129 972.34 972.34 984.4076 749.64 749.64 749.64 706.6932 707.1 707.1 708.2813 685.3 685.3 685.3 786.2853 798.18 798.18 798.18 833.5853 833.25 -9999 -9999 -9999 -9999 -9999 -9999 -9999 -9999
1119.76 1119.76 1109.937 1301.04 1301.04 1301.04 1437.256 1453.3 1453.3 1453.3 1391.272 1391.86 1391.86 1400.958 1402.03 1402.03 1402.03 1389.208 1389.33 1389.33 1457.384 1465.4 1465.4 1465.4 1401.461 1393.93 1393.93 1400.825 1266.69 1266.69 1266.69 1118.131 1432.29 1432.29 1448.005 1142.28 1142.28 1142.28 976.4165 956.88 956.88 956.88 939.7881 939.95 939.95 915.3299 912.43 912.43 912.43 972.9129 972.34 972.34 984.4076 749.64 749.64 749.64 706.6932 707.1 707.1 708.2813 685.3 685.3 685.3 799.2594 798.18 798.18 798.18 833.5853 833.25 -9999 -9999 -9999 -9999 -9999 -9999 -9999 -9999
1119.76 1119.76 1109.937 1301.04 1301.04 1301.04 1437.256 1453.3 1453.3 1453.3 1391.272 1391.86 1391.86 1400.958 1402.03 1402.03 1402.03 1389.208 1389.33 1389.33 1457.384 1465.4 1465.4 1465.4 1401.461 1393.93 1393.93 1400.825 1266.69 1266.69 1266.69 1134.215 1135.47 1135.47 1145.845 944 944 944 805.8699 789.6 789.6 789.6 804.1478 804.01 804.01 938.4901 954.33 954.33 954.33 955.0367 955.03 955.03 969.8254 681.99 681.99 681.99 514.7054 516.29 516.29 516.1339 519.17 519.17 519.17 709.1495 707.35 707.35 707.35 659.1838 659.64 -9999 -9999 -9999 -9999 -9999 -9999 -9999 -9999
1119.76 1119.76 1109.937 1301.04 1301.04 1301.04 1437.256 1453.3 1453.3 1456.629 1391.86 1391.86 1391.86 1400.958 1402.03 1402.03 1402.03 1389.208 1389.33 1389.33 1457.384 1465.4 1465.4 1465.4 1393.247 1393.93 1393.93 1400.825 1266.69 1266.69 1266.69 1134.215 1135.47 1135.47 1145.845 944 944 944 805.8699 789.6 789.6 789.6 804.1478 804.01 804.01 938.4901 954.33 954.33 954.33 955.0367 955.03 955.03 969.8254 681.99 681.99 681.99 514.7054 516.29 516.29 516.1339 519.17 519.17 519.17 709.1495 707.35 707.35 707.35 659.1838 659.64 -9999 -9999 -9999 -9999 -9999 -9999 -9999 -9999
1119.76 1119.76 1109.937 1301.04 1301.04 1301.04 1437.256 1453.3 1453.3 1456.629 1391.86 1391.86 1391.86 1400.958 1402.03 1402.03 1402.03 1389.208 1389.33 1389.33 1457.384 1465.4 1465.4 1465.4 1393.247 1393.93 1393.93 1400.825 1266.69 1266.69 1266.69 1134.215 1135.47 1135.47 1145.845 944 944 944 788.1235 789.6 789.6 789.6 804.1478 804.01 804.01 938.4901 954.33 954.33 954.33 955.0367 955.03 955.03 710.7616 681.99 681.99 681.99 514.7054 516.29 516.29 516.1339 519.17 519.17 519.17 709.1495 707.35 707.35 707.35 659.1838 659.64 -9999 -9999 -9999 -9999 -9999 -9999 -9999 -9999
1119.76 1119.76 1109.937 1301.04 1301.04 1301.04 1437.256 1453.3 1453.3 1456.629 1391.86 1391.86 1391.86 1400.958 1402.03 1402.03 1402.03 1389.208 1389.33 1389.33 1457.384 1465.4 1465.4 1465.4 1393.247 1393.93 1393.93 1400.825 1266.69 1266.69 1266.69 1134.215 1135.47 1135.47 1145.845 944 944 944 788.1235 789.6 789.6 789.6 804.1478 804.01 804.01 938.4901 954.33 954.33 954.33 955.0367 955.03 955.03 710.7616 681.99 681.99 681.99 514.7054 516.29 516.29 516.1339 519.17 519.17 519.17 709.1495 707.35 707.35 709.9352 659.64 659.64 -9999 -9999 -9999 -9999 -9999 -9999 -9999 -9999
1397.92 1397.92 1398.517 1386.9 1386.9 1386.9 1377.014 1375.85 1375.85 1374.723 1396.64 1396.64 1396.64 1393.238 1393.27 1393.27 1393.27 1422.487 1422.21 1422.21 1434.86 1436.35 1436.35 1436.35 1352.304 1353.1 1353.1 1367.099 1094.75 1094.75 1094.75 886.2451 888.22 888.22 895.8561 747.3 747.3 747.3 632.8459 633.93 633.93 633.93 593.2143 593.6 593.6 599.2629 599.93 599.93 599.93 578.3354 578.54 558.1389 710.7616 681.99 681.99 681.99 514.7054 516.29 516.29 516.1339 519.17 519.17 519.17 709.1495 707.35 707.35 709.9352 659.64 659.64 -9999 -9999 -9999 -9999 -9999 -9999 -9999 -9999
1397.92 1397.92 1398.517 1386.9 1386.9 1386.9 1377.014 1375.85 1375.85 1374.723 1396.64 1396.64 1396.64 1393.238 1393.27 1393.27 1393.27 1422.487 1422.21 1422.21 1434.86 1436.35 1436.35 1436.35 1352.304 1353.1 1353.1 1121.974 1094.75 1094.75 1094.75 886.2451 888.22 888.22 895.8561 747.3 747.3 747.3 632.8459 633.93 633.93 636.1154 593.6 593.6 593.6 599.2629 599.93 599.93 599.93 578.3354 578.54 578.54 500.0903 490.85 490.85 490.85 465.4999 465.74 465.74 465.5839 468.62 468.62 468.62 539.0269 538.36 538.36 540.6792 495.56 495.56 -9999 -9999 -9999 -9999 -9999 -9999 -9999 -9999
1397.92 1397.92 1388.212 1386.9 1386.9 1386.9 1377.165 1375.85 1375.85 1375.85 1396.64 1396.64 1396.64 1393.27 1393.27 1393.27 1393.27 1422.21 1422.21 1422.21 1434.667 1436.35 1436.35 1436.35 1353.1 1353.1 1353.1 1125.504 1094.75 1094.75 1094.75 888.22 888.22 888.22 888.22 747.3 747.3 747.3 633.93 633.93 633.93 633.93 593.6 593.6 593.6 599.1765 599.93 599.93 599.93 578.54 578.54 578.54 501.2886 490.85 490.85 490.85 465.74 465.74 465.74 465.74 468.62 468.62 468.62 538.36 538.36 538.36 538.36 495.56 495.56 -9999 -9999 -9999 -9999 -9999 -9999 -9999 -9999
-9999 -9999 -9999 -9999 -9999 -9999 -9999 -9999 -9999 -9999 -9999 -9999 -9999 -9999 -9999 -9999 -9999 -9999 -9999 -9999 -9999 -9999 -9999 -9999 -9999 -9999 -9999 -9999 -9999 -9999 -9999 -9999 -9999 -9999 -9999 -9999 -9999 -9999 -9999 -9999 -9999 -9999 -9999 -9999 -9999 -9999 -9999 -9999 -9999 -9999 -9999 -9999 -9999 -9999 -9999 -9999 -9999 -9999 -9999 -9999 -9999 -9999 -9999 -9999 -9999 -9999 -9999 -9999 -9999 -9999 -9999 -9999 -9999 -9999 -9999 -9999 -9999
-9999 -9999 -9999 -9999 -9999 -9999 -9999 -9999 -9999 -9999 -9999 -9999 -9999 -9999 -9999 -9999 -9999 -9999 -9999 -9999 -9999 -9999 -9999 -9999 -9999 -9999 -9999 -9999 -9999 -9999 -9999 -9999 -9999 -9999 -9999 -9999 -9999 -9999 -9999 -9999 -9999 -9999 -9999 -9999 -9999 -9999 -9999 -9999 -9999 -9999 -9999 -9999 -9999 -9999 -9999 -9999 -9999 -9999 -9999 -9999 -9999 -9999 -9999 -9999 -9999 -9999 -9999 -9999 -9999 -9999 -9999 -9999 -9999 -9999 -9999 -9999 -9999
-9999 -9999 -9999 -9999 -9999 -9999 -9999 -9999 -9999 -9999 -9999 -9999 -9999 -9999 -9999 -9999 -9999 -9999 -9999 -9999 -9999 -9999 -9999 -9999 -9999 -9999 -9999 -9999 -9999 -9999 -9999 -9999 -9999 -9999 -9999 -9999 -9999 -9999 -9999 -9999 -9999 -9999 -9999 -9999 -9999 -9999 -9999 -9999 -9999 -9999 -9999 -9999 -9999 -9999 -9999 -9999 -9999 -9999 -9999 -9999 -9999 -9999 -9999 -9999 -9999 -9999 -9999 -9999 -9999 -9999 -9999 -9999 -9999 -9999 -9999 -9999 -9999
-9999 -9999 -9999 -9999 -9999 -9999 -9999 -9999 -9999 -9999 -9999 -9999 -9999 -9999 -9999 -9999 -9999 -9999 -9999 -9999 -9999 -9999 -9999 -9999 -9999 -9999 -9999 -9999 -9999 -9999 -9999 -9999 -9999 -9999 -9999 -9999 -9999 -9999 -9999 -9999 -9999 -9999 -9999 -9999 -9999 -9999 -9999 -9999 -9999 -9999 -9999 -9999 -9999 -9999 -9999 -9999 -9999 -9999 -9999 -9999 -9999 -9999 -9999 -9999 -9999 -9999 -9999 -9999 -9999 -9999 -9999 -9999 -9999 -9999 -9999 -9999 -9999
-9999 -9999 -9999 -9999 -9999 -9999 -9999 -9999 -9999 -9999 -9999 -9999 -9999 -9999 -9999 -9999 -9999 -9999 -9999 -9999 -9999 -9999 -9999 -9999 -9999 -9999 -9999 -9999 -9999 -9999 -9999 -9999 -9999 -9999 -9999 -9999 -9999 -9999 -9999 -9999 -9999 -9999 -9999 -9999 -9999 -9999 -9999 -9999 -9999 -9999 -9999 -9999 -9999 -9999 -9999 -9999 -9999 -9999 -9999 -9999 -9999 -9999 -9999 -9999 -9999 -9999 -9999 -9999 -9999 -9999 -9999 -9999 -9999 -9999 -9999 -9999 -9999
-9999 -9999 -9999 -9999 -9999 -9999 -9999 -9999 -9999 -9999 -9999 -9999 -9999 -9999 -9999 -9999 -9999 -9999 -9999 -9999 -9999 -9999 -9999 -9999 -9999 -9999 -9999 -9999 -9999 -9999 -9999 -9999 -9999 -9999 -9999 -9999 -9999 -9999 -9999 -9999 -9999 -9999 -9999 -9999 -9999 -9999 -9999 -9999 -9999 -9999 -9999 -9999 -9999 -9999 -9999 -9999 -9999 -9999 -9999 -9999 -9999 -9999 -9999 -9999 -9999 -9999 -9999 -9999 -9999 -9999 -9999 -9999 -9999 -9999 -9999 -9999 -9999
-9999 -9999 -9999 -9999 -9999 -9999 -9999 -9999 -9999 -9999 -9999 -9999 -9999 -9999 -9999 -9999 -9999 -9999 -9999 -9999 -9999 -9999 -9999 -9999 -9999 -9999 -9999 -9999 -9999 -9999 -9999 -9999 -9999 -9999 -9999 -9999 -9999 -9999 -9999 -9999 -9999 -9999 -9999 -9999 -9999 -9999 -9999 -9999 -9999 -9999 -9999 -9999 -9999 -9999 -9999 -9999 -9999 -9999 -9999 -9999 -9999 -9999 -9999 -9999 -9999 -9999 -9999 -9999 -9999 -9999 -9999 -9999 -9999 -9999 -9999 -9999 -9999
-9999 -9999 -9999 -9999 -9999 -9999 -9999 -9999 -9999 -9999 -9999 -9999 -9999 -9999 -9999 -9999 -9999 -9999 -9999 -9999 -9999 -9999 -9999 -9999 -9999 -9999 -9999 -9999 -9999 -9999 -9999 -9999 -9999 -9999 -9999 -9999 -9999 -9999 -9999 -9999 -9999 -9999 -9999 -9999 -9999 -9999 -9999 -9999 -9999 -9999 -9999 -9999 -9999 -9999 -9999 -9999 -9999 -9999 -9999 -9999 -9999 -9999 -9999 -9999 -9999 -9999 -9999 -9999 -9999 -9999 -9999 -9999 -9999 -9999 -9999 -9999 -9999
-9999 -9999 -9999 -9999 -9999 -9999 -9999 -9999 -9999 -9999 -9999 -9999 -9999 -9999 -9999 -9999 -9999 -9999 -9999 -9999 -9999 -9999 -9999 -9999 -9999 -9999 -9999 -9999 -9999 -9999 -9999 -9999 -9999 -9999 -9999 -9999 -9999 -9999 -9999 -9999 -9999 -9999 -9999 -9999 -9999 -9999 -9999 -9999 -9999 -9999 -9999 -9999 -9999 -9999 -9999 -9999 -9999 -9999 -9999 -9999 -9999 -9999 -9999 -9999 -9999 -9999 -9999 -9999 -9999 -9999 -9999 -9999 -9999 -9999 -9999 -9999 -9999
