Model and model input files/precip_1983.asc
ncols         625
nrows         453
xllcorner     138621.56993419
yllcorner     4094031.9406744
cellsize      1000
NODATA_value  -9999
[rows 0 to 33 of 453, columns 0 to 76 of 625]
-9999 -9999 -9999 -9999 -9999 -9999 -9999 -9999 -9999 -9999 -9999 -9999 -9999 -9999 -9999 -9999 -9999 576.62 576.62 576.7454 591.19 591.19 591.19 606.2897 608.33 608.33 608.33 587.78 587.78 587.78 530.3502 522.59 522.59 522.59 493.64 493.64 493.64 467.0262 463.43 463.43 463.43 442.78 442.78 442.78 436.51 436.51 436.51 436.51 432.31 432.31 432.31 428 428 428 428 425.1 425.1 425.1 431.6631 432.55 432.55 432.55 440.43 440.43 440.43 423.172 420.84 420.84 420.84 412.34 412.34 412.34 426.4089 428.31 428.31 398.7516 407.1546
-9999 -9999 -9999 -9999 -9999 -9999 -9999 -9999 -9999 -9999 -9999 -9999 -9999 -9999 -9999 -9999 -9999 576.62 576.62 589.6547 591.19 591.19 591.19 608.4939 608.33 608.33 609.4435 587.78 587.78 587.78 529.4594 522.59 522.59 524.1588 493.64 493.64 493.64 466.6134 463.43 463.43 464.549 442.78 442.78 442.78 436.45 436.51 436.51 436.7376 432.31 432.31 432.31 427.9588 428 428 428.1571 425.1 425.1 425.1 432.6212 432.55 432.55 432.55 440.43 440.43 440.43 422.9043 420.84 420.84 421.3006 412.34 412.34 412.34 426.6272 428.31 428.31 428.0033 433.97
-9999 -9999 -9999 -9999 -9999 -9999 -9999 -9999 -9999 -9999 -9999 -9999 -9999 -9999 -9999 -9999 -9999 548.07 576.893 589.6547 591.19 591.19 591.19 608.4939 608.33 608.33 589.9455 587.78 587.78 587.78 529.4594 522.59 522.59 524.1588 493.64 493.64 493.64 466.6134 463.43 463.43 464.549 442.78 442.78 442.78 436.45 436.51 436.51 436.7376 432.31 432.31 432.31 427.9588 428 428 428.1571 425.1 425.1 425.1 432.6212 432.55 432.55 432.123 440.43 440.43 440.43 422.9043 420.84 420.84 421.3006 412.34 412.34 412.34 426.6272 428.31 428.31 428.0033 433.97
-9999 -9999 -9999 -9999 -9999 -9999 -9999 -9999 -9999 -9999 -9999 -9999 -9999 -9999 -9999 -9999 -9999 548.07 548.07 613.6818 621.41 621.41 621.41 587.6704 587.99 587.99 588.9025 589.01 589.01 589.01 601.9828 601.86 601.86 630.3538 633.71 633.71 633.71 509.6434 496.7423 463.43 464.549 442.78 442.78 442.78 436.45 436.51 436.51 436.7376 432.31 432.31 432.31 427.9588 428 428 428.1571 425.1 425.1 425.1 432.6212 432.55 432.55 432.123 440.43 440.43 440.43 420.6527 420.84 420.84 421.3006 412.34 412.34 412.34 426.6272 428.31 428.31 428.0033 433.97
-9999 -9999 -9999 -9999 -9999 -9999 -9999 -9999 -9999 -9999 -9999 -9999 -9999 -9999 -9999 -9999 -9999 548.07 548.07 613.6818 621.41 621.41 621.41 587.6704 587.99 587.99 588.9025 589.01 589.01 589.01 601.9828 601.86 601.86 630.3538 633.71 633.71 633.71 493.7039 495.03 495.03 498.1203 438 438 438 434.517 434.55 434.55 434.3273 438.66 438.66 438.66 427.9182 428.02 428.02 428.201 424.68 424.68 424.68 421.2879 421.32 421.32 430.9396 440.43 440.43 440.43 420.6527 420.84 420.84 413.2357 412.34 412.34 412.34 426.6272 428.31 428.31 428.0033 433.97
-9999 -9999 -9999 -9999 -9999 -9999 -9999 -9999 -9999 -9999 -9999 -9999 -9999 -9999 -9999 -9999 -9999 548.07 548.07 613.6818 621.41 621.41 621.41 587.6704 587.99 587.99 588.9025 589.01 589.01 589.01 601.9828 601.86 601.86 630.3538 633.71 633.71 633.71 493.7039 495.03 495.03 444.0095 438 438 438 434.517 434.55 434.55 434.3273 438.66 438.66 438.66 427.9182 428.02 428.02 428.201 424.68 424.68 424.68 421.2879 421.32 421.32 420.7012 432.74 432.74 432.74 432.3967 432.4 432.4 442.1067 443.25 443.25 443.25 465.4705 465.26 465.26 465.2015 466.34
-9999 -9999 -9999 -9999 -9999 -9999 -9999 -9999 -9999 -9999 -9999 -9999 -9999 -9999 -9999 -9999 -9999 548.07 548.07 613.6818 621.41 621.41 621.41 587.6704 587.99 587.99 588.9025 589.01 589.01 589.01 601.9828 601.86 601.86 630.3538 633.71 633.71 633.71 493.7039 495.03 495.03 444.0095 438 438 438 434.55 434.55 434.55 434.3273 438.66 438.66 438.66 427.9182 428.02 428.02 428.201 424.68 424.68 424.68 421.2879 421.32 421.32 420.7012 432.74 432.74 432.74 432.3967 432.4 432.4 442.1067 443.25 443.25 443.25 465.4705 465.26 465.26 466.2262 466.34
-9999 -9999 -9999 -9999 -9999 -9999 -9999 -9999 -9999 -9999 -9999 -9999 -9999 -9999 -9999 -9999 -9999 440.83 440.83 494.9728 494.46 494.46 494.46 541.2128 540.77 540.77 564.4239 589.2184 589.01 589.01 601.9828 601.86 601.86 630.3538 633.71 633.71 633.71 493.7039 495.03 495.03 444.0095 438 438 438 434.55 434.55 434.55 438.2269 438.66 438.66 439.2366 428.02 428.02 428.02 428.201 424.68 424.68 424.68 421.2879 421.32 421.32 420.7012 432.74 432.74 432.74 432.3967 432.4 432.4 442.1067 443.25 443.25 443.25 465.4705 465.26 465.26 466.2262 466.34
-9999 -9999 -9999 -9999 -9999 -9999 -9999 -9999 -9999 -9999 -9999 -9999 -9999 -9999 -9999 -9999 -9999 440.83 440.83 494.9728 494.46 494.46 491.9506 540.77 540.77 540.77 564.4239 567.21 567.21 567.21 599.7886 599.48 599.48 564.4286 560.3 560.3 560.3 502.3915 502.94 502.94 466.1172 461.78 461.78 461.78 430.52 430.52 430.52 428.2655 427.4224 438.66 439.2366 428.02 428.02 428.02 425.032 424.68 424.68 424.68 421.2879 421.32 421.32 420.7012 432.74 432.74 432.74 432.3967 432.4 432.4 442.1067 443.25 443.25 443.25 465.4705 465.26 465.26 466.2262 466.34
-9999 -9999 -9999 -9999 -9999 -9999 -9999 -9999 -9999 -9999 -9999 -9999 -9999 -9999 -9999 -9999 -9999 440.83 440.83 494.9728 494.46 494.46 491.9506 540.77 540.77 540.77 567.4628 567.21 567.21 567.21 599.7886 599.48 599.48 564.4286 560.3 560.3 560.3 502.3915 502.94 502.94 466.1172 461.78 461.78 461.78 430.52 430.52 430.52 428.2655 428 428 428.3571 421.41 421.41 421.41 423.3513 423.58 423.58 422.6209 441.28 441.28 441.28 441.0995 444.61 444.61 444.61 440.4102 440.45 440.45 453.8068 455.38 455.38 455.38 465.3545 465.26 465.26 466.2262 466.34
-9999 -9999 -9999 -9999 -9999 -9999 -9999 -9999 -9999 -9999 -9999 -9999 -9999 -9999 -9999 -9999 -9999 440.83 440.83 494.9728 494.46 494.46 491.9506 540.77 540.77 540.77 567.4628 567.21 567.21 565.4614 599.48 599.48 599.48 564.4286 560.3 560.3 560.3 502.3915 502.94 502.94 466.1172 461.78 461.78 461.78 430.52 430.52 430.52 428.2655 428 428 428.3571 421.41 421.41 421.41 423.3513 423.58 423.58 422.6209 441.28 441.28 441.28 444.2591 444.61 444.61 444.61 440.4102 440.45 440.45 453.8068 455.38 455.38 455.38 497.1557 496.76 496.76 499.5065 499.83
-9999 -9999 -9999 -9999 -9999 -9999 -9999 -9999 -9999 -9999 -9999 -9999 -9999 -9999 -9999 -9999 -9999 440.83 440.83 494.9728 494.46 494.46 491.9506 540.77 540.77 540.77 567.4628 567.21 567.21 565.4614 599.48 599.48 599.48 559.9254 560.3 560.3 563.4082 502.94 502.94 502.94 466.1172 461.78 461.78 461.78 430.52 430.52 430.52 428.2655 428 428 428.3571 421.41 421.41 421.41 423.3513 423.58 423.58 422.6209 441.28 441.28 441.28 444.2591 444.61 444.61 444.8354 440.45 440.45 440.45 453.8068 455.38 455.38 455.38 497.1557 496.76 496.76 499.5065 499.83
-9999 -9999 -9999 -9999 -9999 -9999 -9999 -9999 -9999 -9999 -9999 -9999 -9999 -9999 -9999 -9999 -9999 345.7 345.7 356.7244 356.62 356.62 355.5969 375.5 375.5 375.5 409.9968 409.67 409.67 399.3847 599.48 599.48 599.48 559.9254 560.3 560.3 563.4082 502.94 502.94 502.94 461.3864 461.78 461.78 461.78 430.52 430.52 430.52 428.2655 428 428 428.3571 421.41 421.41 421.41 423.3513 423.58 423.58 422.6209 441.28 441.28 441.28 444.2591 444.61 444.61 444.8354 440.45 440.45 440.45 455.5228 455.38 455.38 455.38 497.1557 496.76 496.76 499.5065 499.83
-9999 -9999 -9999 -9999 -9999 -9999 -9999 -9999 -9999 -9999 -9999 -9999 -9999 -9999 -9999 -9999 -9999 345.7 345.7 356.7244 356.62 356.62 355.5969 375.5 375.5 375.5 409.9968 409.67 409.67 405.2293 491.62 491.62 491.62 563.2181 562.54 562.54 561.5679 580.48 580.48 580.48 568.6075 568.72 568.72 574.5581 460.98 460.98 460.98 424.3898 420.08 420.08 419.8817 423.74 423.74 423.74 429.0898 429.72 429.72 429.701 430.07 441.3872 441.28 444.2591 444.61 444.61 444.8354 440.45 440.45 440.45 455.5228 455.38 455.38 453.1377 496.76 496.76 496.76 499.5065 499.83
-9999 -9999 -9999 -9999 -9999 -9999 -9999 -9999 -9999 -9999 -9999 -9999 -9999 -9999 -9999 -9999 -9999 345.7 345.7 356.62 356.62 356.62 355.5969 375.5 375.5 375.5 409.9968 409.67 409.67 405.2293 491.62 491.62 491.62 563.2181 562.54 562.54 561.5679 580.48 580.48 580.48 568.6075 568.72 568.72 574.5581 460.98 460.98 460.98 419.6889 420.08 420.08 419.8817 423.74 423.74 423.74 429.0898 429.72 429.72 429.701 430.07 430.07 430.07 441.2797 442.6 442.6 441.1792 468.82 468.82 468.82 516.5219 516.07 516.07 516.8536 501.61 501.61 501.61 479.0766 479.29
-9999 -9999 -9999 -9999 -9999 -9999 -9999 -9999 -9999 -9999 -9999 -9999 -9999 -9999 -9999 -9999 -9999 345.7 345.7 356.62 356.62 356.62 373.5105 375.5 375.5 375.5 409.9968 409.67 409.67 405.2293 491.62 491.62 491.62 563.2181 562.54 562.54 561.5679 580.48 580.48 580.48 568.6075 568.72 568.72 574.5581 460.98 460.98 460.98 419.6889 420.08 420.08 423.3543 423.74 423.74 423.74 429.0898 429.72 429.72 429.701 430.07 430.07 430.07 441.2797 442.6 442.6 441.1792 468.82 468.82 468.82 516.5219 516.07 516.07 516.8536 501.61 501.61 501.61 479.0766 479.29
-9999 -9999 -9999 -9999 -9999 -9999 -9999 -9999 -9999 -9999 -9999 -9999 -9999 -9999 -9999 -9999 -9999 354.38 345.617 356.62 356.62 356.62 373.5105 375.5 375.5 373.6484 409.67 409.67 409.67 405.2293 491.62 491.62 491.62 563.2181 562.54 562.54 561.5679 580.48 580.48 580.48 568.6075 568.72 568.72 574.5581 460.98 460.98 460.98 419.6889 420.08 420.08 423.3543 423.74 423.74 423.74 429.7772 429.72 429.72 429.701 430.07 430.07 430.07 441.2797 442.6 442.6 441.1792 468.82 468.82 468.82 516.5219 516.07 516.07 516.8536 501.61 501.61 501.61 479.0766 479.29
-9999 -9999 -9999 -9999 -9999 -9999 -9999 -9999 -9999 -9999 -9999 -9999 -9999 -9999 -9999 -9999 -9999 354.38 354.38 333.94 333.94 333.94 321.2184 319.72 319.72 320.0711 313.24 313.24 313.24 329.1464 331.02 331.02 331.02 403.3955 402.71 402.71 396.7971 511.83 511.83 581.1365 568.6075 568.72 568.72 574.5581 460.98 460.98 460.98 419.6889 420.08 420.08 423.3543 423.74 423.74 423.74 429.7772 429.72 429.72 430.0331 430.07 430.07 430.07 441.2797 442.6 442.6 441.1792 468.82 468.82 468.82 516.5219 516.07 516.07 516.8536 501.61 501.61 501.61 479.0766 479.29
-9999 -9999 -9999 -9999 -9999 -9999 -9999 -9999 -9999 -9999 -9999 -9999 -9999 -9999 -9999 -9999 -9999 354.38 354.38 333.94 333.94 333.94 321.2184 319.72 319.72 320.0711 313.24 313.24 313.24 329.1464 331.02 331.02 327.1353 402.71 402.71 402.71 396.7971 511.83 511.83 511.83 558.4213 557.98 557.98 560.3225 514.75 514.75 514.75 418.4882 419.4 419.4 406.7142 405.22 405.22 405.22 420.4543 420.31 420.31 470.078 475.94 475.94 475.94 487.4693 442.6 442.6 441.1792 468.82 468.82 468.82 516.5219 516.07 516.07 516.8536 501.61 501.61 501.61 479.0766 479.29
-9999 -9999 -9999 -9999 -9999 -9999 -9999 -9999 -9999 -9999 -9999 -9999 -9999 -9999 -9999 -9999 -9999 354.38 354.38 333.94 333.94 333.94 321.2184 319.72 319.72 320.0711 313.24 313.24 313.24 329.1464 331.02 331.02 327.1353 402.71 402.71 402.71 500.3315 511.83 511.83 509.3292 557.98 557.98 557.98 560.3225 514.75 514.75 514.75 418.4882 419.4 419.4 406.7142 405.22 405.22 405.22 420.4543 420.31 420.31 470.078 475.94 475.94 475.94 485.1674 485.08 485.08 485.6884 485.76 485.76 485.76 486.5878 486.58 486.58 487.3771 471.87 471.87 471.87 461.421 461.52
-9999 -9999 -9999 -9999 -9999 -9999 -9999 -9999 -9999 -9999 -9999 -9999 -9999 -9999 -9999 -9999 -9999 354.38 354.38 333.94 333.94 333.94 321.2184 319.72 319.72 320.0711 313.24 313.24 313.24 329.1464 331.02 331.02 327.1353 402.71 402.71 402.71 500.3315 511.83 511.83 509.3292 557.98 557.98 557.98 519.3054 514.75 514.75 514.75 418.4882 419.4 419.4 406.7142 405.22 405.22 405.22 420.4543 420.31 420.31 470.078 475.94 475.94 475.94 485.1674 485.08 485.08 485.6884 485.76 485.76 485.76 486.58 486.58 486.58 487.3771 471.87 471.87 471.87 461.421 461.52
-9999 -9999 -9999 -9999 -9999 -9999 -9999 -9999 -9999 -9999 -9999 -9999 -9999 -9999 -9999 -9999 -9999 455.15 455.3131 452.14 452.14 452.14 380.1227 371.64 371.64 373.7555 332.6 315.2801 313.24 329.1464 331.02 331.02 327.1353 402.71 402.71 402.71 500.3315 511.83 511.83 509.3292 557.98 557.98 557.98 519.3054 514.75 514.75 519.9167 419.4 419.4 419.4 406.7142 405.22 405.22 405.22 420.4543 420.31 420.31 470.078 475.94 475.94 475.94 485.1674 485.08 485.08 485.6884 485.76 485.76 485.76 486.58 486.58 486.58 473.4201 471.87 471.87 471.87 461.421 461.52
-9999 -9999 -9999 -9999 -9999 -9999 -9999 -9999 -9999 -9999 -9999 -9999 -9999 -9999 -9999 -9999 -9999 455.15 455.3131 452.14 452.14 452.14 370.8702 371.64 371.64 373.7555 332.6 332.6 332.6 304.965 301.71 301.71 300.675 320.81 320.81 320.81 382.4854 389.75 389.75 388.3276 416 416 416 416.3042 416.34 416.34 416.5589 412.3 412.3 419.4679 405.0844 405.22 405.22 405.22 420.4543 420.31 420.31 470.078 475.94 475.94 475.94 485.1674 485.08 485.08 485.6884 485.76 485.76 485.76 486.58 486.58 486.58 473.4201 471.87 471.87 471.87 461.52 461.52
-9999 -9999 -9999 -9999 -9999 -9999 -9999 -9999 -9999 -9999 -9999 -9999 -9999 -9999 -9999 -9999 -9999 455.15 455.3131 452.14 452.14 452.14 370.8702 371.64 371.64 336.7138 332.6 332.6 332.6 304.965 301.71 301.71 300.675 320.81 320.81 320.81 382.4854 389.75 389.75 388.3276 416 416 416 416.3042 416.34 416.34 416.5589 412.3 412.3 412.3 413.3499 413.34 413.34 413.34 472.6316 472.07 472.07 473.2241 473.36 473.36 473.36 456.2883 456.45 456.45 451.5206 450.94 450.94 450.94 448.52 448.52 448.52 446.2924 469.1471 471.87 471.87 461.52 461.52
-9999 -9999 -9999 -9999 -9999 -9999 -9999 -9999 -9999 -9999 -9999 -9999 -9999 -9999 -9999 -9999 -9999 455.15 455.3131 452.14 452.14 452.14 370.8702 371.64 371.64 336.7138 332.6 332.6 332.6 301.4146 301.71 301.71 300.675 320.81 320.81 320.81 382.4854 389.75 389.75 388.3276 416 416 416 416.3042 416.34 416.34 416.5589 412.3 412.3 412.3 413.3499 413.34 413.34 410.1576 472.07 472.07 472.07 473.2241 473.36 473.36 473.36 456.2883 456.45 456.45 451.5206 450.94 450.94 450.94 448.52 448.52 448.52 446.2924 446.03 446.03 446.03 442.03 442.03
-9999 -9999 -9999 -9999 -9999 -9999 -9999 -9999 -9999 -9999 -9999 -9999 -9999 -9999 -9999 -9999 -9999 455.15 455.3131 452.14 452.14 452.14 370.8702 371.64 371.64 336.7138 332.6 332.6 332.6 301.4146 301.71 301.71 318.7973 320.81 320.81 320.81 382.4854 389.75 389.75 388.3276 416 416 416 416.3042 416.34 416.34 416.5589 412.3 412.3 412.3 413.3499 413.34 413.34 410.1576 472.07 472.07 472.07 473.3723 473.36 473.36 474.2763 456.45 456.45 456.45 451.5206 450.94 450.94 450.94 448.52 448.52 448.52 446.2924 446.03 446.03 446.03 442.03 442.03
-9999 -9999 -9999 -9999 -9999 -9999 -9999 -9999 -9999 -9999 -9999 -9999 -9999 -9999 -9999 -9999 -9999 510.98 509.362 540.84 540.84 540.84 485.3242 485.85 485.85 467.8322 465.71 465.71 465.71 366.6416 367.58 367.58 327.3308 322.59 322.59 322.59 341.2972 390.215 389.75 388.3276 416 416 416 416.3042 416.34 416.34 416.5589 412.3 412.3 412.3 413.3499 413.34 413.34 410.1576 472.07 472.07 472.07 473.3723 473.36 473.36 474.2763 456.45 456.45 456.45 451.5206 450.94 450.94 450.94 448.52 448.52 448.52 446.2924 446.03 446.03 446.03 442.03 442.03
-9999 -9999 -9999 -9999 -9999 -9999 -9999 -9999 -9999 -9999 -9999 -9999 -9999 -9999 -9999 -9999 -9999 510.98 509.362 540.84 540.84 540.84 485.3242 485.85 485.85 467.8322 465.71 465.71 465.71 366.6416 367.58 367.58 327.3308 322.59 322.59 322.59 341.2972 341.12 341.12 357.9211 359.9 359.9 359.9 365.724 366.41 366.41 365.0564 391.39 391.39 391.39 456.1837 455.57 455.57 452.1226 519.19 519.19 519.19 489.3877 489.67 473.204 474.2763 456.45 456.45 456.45 450.8873 450.94 450.94 450.94 448.52 448.52 448.52 446.2924 446.03 446.03 446.03 442.03 442.03
-9999 -9999 -9999 -9999 -9999 -9999 -9999 -9999 -9999 -9999 -9999 -9999 -9999 -9999 -9999 -9999 -9999 510.98 537.6935 540.84 540.84 540.84 485.3242 485.85 485.85 467.8322 465.71 465.71 465.71 366.6416 367.58 367.58 327.3308 322.59 322.59 322.59 341.2972 341.12 341.12 357.9211 359.9 359.9 359.9 366.4723 366.41 366.41 365.0564 391.39 391.39 391.39 456.1837 455.57 455.57 452.1226 519.19 519.19 519.19 489.3877 489.67 489.67 491.9036 448.45 448.45 448.45 432.8825 433.03 433.03 433.1096 431.56 431.56 431.56 434.6465 435.01 435.01 435.01 436.37 436.37
-9999 -9999 -9999 -9999 -9999 -9999 -9999 -9999 -9999 -9999 -9999 -9999 -9999 -9999 -9999 -9999 -9999 510.98 537.6935 540.84 540.84 543.8198 485.85 485.85 485.85 467.8322 465.71 465.71 465.71 366.6416 367.58 367.58 327.3308 322.59 322.59 322.59 341.2972 341.12 341.12 357.9211 359.9 359.9 359.9 366.4723 366.41 366.41 388.7578 391.39 391.39 391.39 456.1837 455.57 455.57 452.1226 519.19 519.19 519.19 489.3877 489.67 489.67 491.9036 448.45 448.45 448.45 432.8825 433.03 433.03 433.1096 431.56 431.56 431.56 435.043 435.01 435.01 435.01 436.37 436.37
-9999 -9999 -9999 -9999 -9999 -9999 -9999 -9999 -9999 -9999 -9999 -9999 -9999 -9999 -9999 -9999 -9999 535.59 540.2868 540.84 540.84 543.8198 485.85 485.85 485.85 465.5174 465.71 465.71 465.71 366.6416 367.58 367.58 327.3308 322.59 322.59 322.59 341.2972 341.12 341.12 357.9211 359.9 359.9 359.9 366.4723 366.41 366.41 388.7578 391.39 391.39 391.39 455.57 455.57 455.57 452.1226 519.19 519.19 519.19 489.3877 489.67 489.67 491.9036 448.45 448.45 448.45 432.8825 433.03 433.03 433.1096 431.56 431.56 431.56 435.043 435.01 435.01 434.9363 436.37 436.37
-9999 -9999 -9999 -9999 -9999 -9999 -9999 -9999 -9999 -9999 -9999 -9999 -9999 -9999 -9999 -9999 -9999 535.59 535.3216 535.29 535.29 537.9652 485.92 485.92 485.92 527.0092 526.62 526.62 529.8577 466.87 466.87 466.87 377.6133 367.1 367.1 367.1 345.5761 345.78 345.78 346.1647 346.21 346.21 346.21 361.1717 361.03 361.03 390.2023 391.39 391.39 391.39 455.57 455.57 455.57 512.486 519.19 519.19 519.19 489.3877 489.67 489.67 491.9036 448.45 448.45 448.45 432.8825 433.03 433.03 433.1096 431.56 431.56 431.56 435.043 435.01 435.01 434.9363 436.37 436.37
-9999 -9999 -9999 -9999 -9999 -9999 -9999 -9999 -9999 -9999 -9999 -9999 -9999 -9999 -9999 -9999 -9999 535.59 535.3216 535.29 535.29 537.9652 485.92 485.92 485.92 527.0092 526.62 526.62 529.8577 466.87 466.87 466.87 366.146 367.1 367.1 367.1 345.5761 345.78 345.78 346.1647 346.21 346.21 346.21 361.1717 361.03 361.03 390.0874 393.51 393.51 393.51 429.45 429.45 429.45 462.578 466.48 466.48 463.9576 513.03 513.03 513.03 513.9534 495.99 495.99 495.99 452.0034 452.42 452.42 453.4279 433.82 433.9425 431.56 435.043 435.01 435.01 434.9363 436.37 436.37
-9999 -9999 -9999 -9999 -9999 -9999 -9999 -9999 -9999 -9999 -9999 -9999 -9999 -9999 -9999 -9999 -9999 535.59 535.3216 535.29 535.29 537.9652 485.92 485.92 485.92 527.0092 526.62 526.62 529.8577 466.87 466.87 466.87 366.146 367.1 367.1 368.2553 345.78 345.78 345.78 346.1647 346.21 346.21 346.21 361.1717 361.03 361.03 390.0874 393.51 393.51 393.51 429.45 429.45 429.45 462.578 466.48 466.48 463.9576 513.03 513.03 513.03 497.7856 495.99 495.99 495.99 452.0034 452.42 452.42 453.4279 433.82 433.82 433.82 433.5575 433.56 433.56 433.4955 434.75 434.75
