Model and model input files/precip_1986.asc
ncols         625
nrows         453
xllcorner     138621.56993419
yllcorner     4094031.9406744
cellsize      1000
NODATA_value  -9999
[rows 0 to 33 of 453, columns 154 to 230 of 625]
427.22 427.22 449.4643 452.47 452.47 452.47 502.62 502.62 502.62 558.4993 566.05 566.05 566.05 675.16 675.16 675.16 675.16 625.04 625.04 625.04 593.25 593.25 593.25 593.25 670.6 670.6 670.6 683.87 683.87 683.87 683.87 693.5 693.5 693.5 782.31 782.31 782.31 782.31 935.52 935.52 935.52 1014.37 1014.37 1014.37 1093.648 1104.36 1104.36 1104.36 1007.07 1007.07 1007.07 950.7238 943.11 943.11 943.11 992.2 992.2 992.2 994.1302 1216.48 1216.48 1216.48 1439.16 1439.16 1439.16 1439.16 1344.06 1344.06 1344.06 -9999 -9999 -9999 -9999 -9999 -9999 -9999 -9999
427.22 427.22 449.8093 452.47 452.47 452.47 503.0995 502.62 502.62 559.366 566.05 566.05 566.05 675.16 675.16 675.16 630.3214 625.04 625.04 625.04 592.946 593.25 593.25 589.0586 670.6 670.6 670.6 683.9969 683.87 683.87 683.3481 693.5 693.5 693.5 783.1592 782.31 782.31 774.0079 935.52 935.52 935.52 1015.124 1014.37 1014.37 1094.877 1104.36 1104.36 1104.36 1006.14 1007.07 1007.07 949.8498 943.11 943.11 943.11 992.6694 992.2 992.2 1192.846 1216.48 1216.48 1216.48 1441.289 1439.16 1439.16 1444.313 1344.06 1344.06 1344.06 -9999 -9999 -9999 -9999 -9999 -9999 -9999 -9999
427.22 427.22 449.8093 452.47 452.47 452.47 503.0995 502.62 502.62 559.366 566.05 566.05 566.05 675.16 675.16 675.16 630.3214 625.04 625.04 626.7626 593.25 593.25 593.25 589.0586 670.6 670.6 670.6 683.9969 683.87 683.87 683.3481 693.5 693.5 693.5 783.1592 782.31 782.31 774.0079 935.52 935.52 935.52 1015.124 1014.37 1014.37 1094.877 1104.36 1104.36 1104.36 1006.14 1007.07 1007.07 949.8498 943.11 943.11 943.11 992.6694 992.2 992.2 1192.846 1216.48 1216.48 1216.48 1439.16 1439.16 1439.16 1444.313 1344.06 1344.06 1344.06 -9999 -9999 -9999 -9999 -9999 -9999 -9999 -9999
424.52 424.52 444.8817 447.28 447.28 447.28 464.6848 464.52 464.52 481.2495 483.22 483.22 483.22 522.69 522.69 522.69 514.4326 507.4138 625.04 626.7626 593.25 593.25 593.25 662.4492 670.6 670.6 670.6 683.9969 683.87 683.87 683.3481 693.5 693.5 693.5 783.1592 782.31 782.31 774.0079 935.52 935.52 935.52 1015.124 1014.37 1014.37 1094.877 1104.36 1104.36 1104.36 1006.14 1007.07 1007.07 949.8498 943.11 943.11 943.11 992.6694 992.2 992.2 1192.846 1216.48 1216.48 1216.48 1439.16 1439.16 1439.16 1354.081 1344.06 1344.06 1344.06 -9999 -9999 -9999 -9999 -9999 -9999 -9999 -9999
424.52 424.52 444.8817 447.28 447.28 447.28 464.6848 464.52 464.52 481.2495 483.22 483.22 483.22 522.69 522.69 522.69 514.4326 513.46 513.46 511.7168 545.63 545.63 545.63 553.6279 554.57 554.57 554.2617 560.26 560.26 560.26 559.5713 572.97 572.97 572.97 560.0678 560.19 560.19 548.4877 776.15 776.15 776.15 1070.912 1068.12 1068.12 1111.76 1116.9 1116.9 1116.9 1091.964 1092.2 1092.2 959.053 943.37 943.37 943.37 957.8067 957.67 957.67 1104.507 1216.48 1216.48 1216.48 1439.16 1439.16 1439.16 1354.081 1344.06 1344.06 1366.098 -9999 -9999 -9999 -9999 -9999 -9999 -9999 -9999
424.52 424.52 444.8817 447.28 447.28 447.28 464.6848 464.52 464.52 481.2495 483.22 483.22 483.22 522.69 522.69 522.69 514.4326 513.46 513.46 511.7168 545.63 545.63 545.63 553.6279 554.57 554.57 554.2617 560.26 560.26 560.26 571.6307 572.97 572.97 572.97 560.0678 560.19 560.19 548.4877 776.15 776.15 776.15 1070.912 1068.12 1068.12 1111.76 1116.9 1116.9 1116.9 1091.964 1092.2 1092.2 959.053 943.37 943.37 943.37 957.8067 957.67 957.67 1109.345 1127.21 1127.21 1127.21 1346.09 1346.09 1346.09 1292.332 1286 1286 1302.705 -9999 -9999 -9999 -9999 -9999 -9999 -9999 -9999
424.52 424.52 444.8817 447.28 447.28 447.28 464.6848 464.52 464.52 481.2495 483.22 483.22 483.22 522.69 522.69 522.69 514.4326 513.46 513.46 511.7168 545.63 545.63 545.63 553.6279 554.57 554.57 554.2617 560.26 560.26 560.26 571.6307 572.97 572.97 572.97 560.0678 560.19 560.19 548.4877 776.15 776.15 776.15 1070.912 1068.12 1068.12 1111.76 1116.9 1116.9 1116.9 1091.964 1092.2 1092.2 959.053 943.37 943.37 943.37 957.8067 957.67 957.67 1109.345 1127.21 1127.21 1127.21 1346.09 1346.09 1346.09 1292.332 1286 1286 1302.705 -9999 -9999 -9999 -9999 -9999 -9999 -9999 -9999
424.52 424.52 444.8817 447.28 447.28 447.28 464.6848 464.52 464.52 481.2495 483.22 483.22 483.22 522.69 522.69 522.69 514.4326 513.46 513.46 511.7168 545.63 545.63 545.63 553.6279 554.57 554.57 554.2617 560.26 560.26 560.26 571.6307 572.97 572.97 573.6625 560.19 560.19 560.19 548.4877 776.15 776.15 776.15 1070.912 1068.12 1068.12 1111.76 1116.9 1116.9 1116.9 1091.964 1092.2 1092.2 959.053 943.37 943.37 943.37 957.8067 957.67 957.67 1109.345 1127.21 1127.21 1127.21 1346.09 1346.09 1346.09 1292.332 1286 1286 1302.705 -9999 -9999 -9999 -9999 -9999 -9999 -9999 -9999
536.53 536.53 512.6639 512.89 512.89 512.89 527.4277 527.29 527.29 618.3091 629.03 629.03 629.03 607.05 607.05 607.05 604.2677 603.94 603.94 601.7758 643.88 643.88 643.88 600.3923 595.27 595.27 593.381 630.13 630.13 630.13 653.0413 655.74 655.74 658.1562 611.15 565.5599 560.19 753.3932 776.15 776.15 776.15 1070.912 1068.12 1068.12 1111.76 1116.9 1116.9 1116.9 1091.964 1092.2 1092.2 959.053 943.37 943.37 943.37 957.8067 957.67 957.67 1109.345 1127.21 1127.21 1127.21 1346.09 1346.09 1346.09 1292.332 1286 1286 1302.705 -9999 -9999 -9999 -9999 -9999 -9999 -9999 -9999
536.53 536.53 512.6639 512.89 512.89 512.89 527.4277 527.29 527.29 618.3091 629.03 629.03 629.03 607.05 607.05 607.05 604.2677 603.94 603.94 601.7758 643.88 643.88 643.88 600.3923 595.27 595.27 593.381 630.13 630.13 630.13 653.0413 655.74 655.74 658.1562 611.15 611.15 611.15 676.6992 684.42 684.42 673.8778 878.97 878.97 878.97 922.6098 927.75 927.75 927.75 1151.509 1149.39 1149.39 1176.417 1179.6 1179.6 1179.6 1148.092 1148.39 1148.39 1331.457 1353.02 1353.02 1353.02 1653.21 1653.21 1653.21 1387.748 1356.48 1356.48 1372.569 -9999 -9999 -9999 -9999 -9999 -9999 -9999 -9999
536.53 536.53 512.6639 512.89 512.89 512.1097 527.29 527.29 527.29 618.3091 629.03 629.03 629.03 607.05 607.05 607.05 604.2677 603.94 603.94 601.7758 643.88 643.88 643.88 600.3923 595.27 595.27 593.381 630.13 630.13 630.13 653.0413 655.74 655.74 658.1562 611.15 611.15 611.15 676.6992 684.42 684.42 673.8778 878.97 878.97 878.97 928.2164 927.75 927.75 927.75 1151.509 1149.39 1149.39 1176.417 1179.6 1179.6 1179.6 1148.092 1148.39 1148.39 1331.457 1353.02 1353.02 1353.02 1653.21 1653.21 1653.21 1387.748 1356.48 1356.48 1372.569 -9999 -9999 -9999 -9999 -9999 -9999 -9999 -9999
536.53 536.53 512.6639 512.89 512.89 512.1097 527.29 527.29 527.29 630.0029 629.03 629.03 629.03 607.05 607.05 607.05 604.2677 603.94 603.94 601.7758 643.88 643.88 643.88 600.3923 595.27 595.27 593.381 630.13 630.13 630.13 653.0413 655.74 655.74 658.1562 611.15 611.15 611.15 676.6992 684.42 684.42 673.8778 878.97 878.97 878.97 928.2164 927.75 927.75 927.75 1151.509 1149.39 1149.39 1176.417 1179.6 1179.6 1179.6 1148.092 1148.39 1148.39 1331.457 1353.02 1353.02 1353.02 1653.21 1653.21 1653.21 1387.748 1356.48 1356.48 1372.569 -9999 -9999 -9999 -9999 -9999 -9999 -9999 -9999
772.92 772.92 699.9531 512.89 512.89 512.1097 527.29 527.29 527.29 630.0029 629.03 629.03 630.2211 607.05 607.05 607.05 604.2677 603.94 603.94 601.7758 643.88 643.88 643.88 600.3923 595.27 595.27 593.381 630.13 630.13 630.13 653.0413 655.74 655.74 658.1562 611.15 611.15 611.15 676.6992 684.42 684.42 673.8778 878.97 878.97 878.97 928.2164 927.75 927.75 915.7399 1149.39 1149.39 1149.39 1176.417 1179.6 1179.6 1179.6 1148.092 1148.39 1148.39 1331.457 1353.02 1353.02 1353.02 1653.21 1653.21 1653.21 1387.748 1356.48 1356.48 1372.569 -9999 -9999 -9999 -9999 -9999 -9999 -9999 -9999
772.92 772.92 690.2974 691.08 691.08 698.1997 559.69 559.69 559.69 665.9061 664.9 664.9 663.541 689.98 689.98 689.98 706.0017 705.85 705.85 708.8655 650.2 650.2 650.2 684.5715 688.62 688.62 688.3409 693.77 693.77 693.77 844.3444 862.08 862.08 858.3574 930.78 930.78 930.78 760.3002 740.22 740.22 739.0007 762.72 762.72 762.72 896.5981 895.33 895.33 889.7151 998.95 998.95 998.95 1266.696 1264.16 1264.16 1268.742 1148.092 1148.39 1148.39 1331.457 1353.02 1353.02 1353.02 1653.21 1653.21 1653.21 1387.748 1356.48 1356.48 1372.569 -9999 -9999 -9999 -9999 -9999 -9999 -9999 -9999
772.92 772.92 690.2974 691.08 691.08 698.1997 559.69 559.69 559.69 665.9061 664.9 664.9 663.541 689.98 689.98 689.98 706.0017 705.85 705.85 656.0641 650.2 650.2 650.2 684.5715 688.62 688.62 688.3409 693.77 693.77 693.77 844.3444 862.08 862.08 858.3574 930.78 930.78 930.78 760.3002 740.22 740.22 739.0007 762.72 762.72 762.72 896.5981 895.33 895.33 889.7151 998.95 998.95 998.95 1266.696 1264.16 1264.16 1258.98 1359.76 1359.76 1359.76 1470.148 1483.15 1483.15 1483.15 1686.18 1686.18 1686.18 1666.257 1663.91 1663.91 1689.524 -9999 -9999 -9999 -9999 -9999 -9999 -9999 -9999
772.92 772.92 690.2974 691.08 691.08 698.1997 559.69 559.69 559.69 665.9061 664.9 664.9 663.541 689.98 689.98 689.98 706.0017 705.85 705.85 656.0641 650.2 650.2 650.2 684.5715 688.62 688.62 688.3409 693.77 693.77 693.77 844.3444 862.08 862.08 858.3574 930.78 930.78 930.78 760.3002 740.22 740.22 739.0007 762.72 762.72 762.72 896.5981 895.33 895.33 889.7151 998.95 998.95 998.95 1266.696 1264.16 1264.16 1258.98 1359.76 1359.76 1359.76 1470.148 1483.15 1483.15 1483.15 1686.18 1686.18 1686.18 1666.257 1663.91 1663.91 1689.524 -9999 -9999 -9999 -9999 -9999 -9999 -9999 -9999
772.92 772.92 690.2974 691.08 691.08 698.1997 559.69 559.69 559.69 665.9061 664.9 664.9 663.541 689.98 689.98 689.98 706.0017 705.85 705.85 656.0641 650.2 650.2 650.2 688.9874 688.62 688.62 688.3409 693.77 693.77 693.77 844.3444 862.08 862.08 858.3574 930.78 930.78 930.78 760.3002 740.22 740.22 739.0007 762.72 762.72 762.72 896.5981 895.33 895.33 889.7151 998.95 998.95 998.95 1266.696 1264.16 1264.16 1258.98 1359.76 1359.76 1359.76 1484.33 1483.15 1483.15 1483.15 1686.18 1686.18 1686.18 1666.257 1663.91 1663.91 1689.524 -9999 -9999 -9999 -9999 -9999 -9999 -9999 -9999
660.92 660.92 716.5771 716.05 716.05 714.996 735.5 735.5 735.5 651.9385 652.73 652.73 650.8828 686.82 686.82 686.82 878.233 876.42 876.42 656.0641 650.2 650.2 650.2 688.9874 688.62 688.62 693.2274 693.77 693.77 693.77 844.3444 862.08 862.08 858.3574 930.78 930.78 930.78 760.3002 740.22 740.22 739.0007 762.72 762.72 762.72 896.5981 895.33 895.33 889.7151 998.95 998.95 998.95 1266.696 1264.16 1264.16 1258.98 1359.76 1359.76 1359.76 1484.33 1483.15 1483.15 1483.15 1686.18 1686.18 1686.18 1666.257 1663.91 1663.91 1689.524 -9999 -9999 -9999 -9999 -9999 -9999 -9999 -9999
660.92 660.92 716.5771 716.05 716.05 714.996 735.5 735.5 735.5 651.9385 652.73 652.73 650.8828 686.82 686.82 686.82 878.233 876.42 876.42 854.0275 851.39 851.39 851.39 826.2115 826.45 826.45 745.5848 736.06 736.06 736.06 806.6727 814.99 814.99 801.2366 1068.8 1068.8 1068.8 905.4594 886.22 886.22 888.5999 842.3 842.3 842.3 940.3286 939.4 939.4 934.8104 1024.1 1024.1 1024.1 1309.897 1307.19 1307.19 1300.977 1421.84 1421.84 1421.84 1680.924 1678.47 1503.732 1472.148 1686.18 1686.18 1686.18 1666.257 1663.91 1663.91 1689.524 -9999 -9999 -9999 -9999 -9999 -9999 -9999 -9999
660.92 660.92 716.5771 716.05 716.05 714.996 735.5 735.5 735.5 651.9385 652.73 652.73 650.8828 686.82 686.82 686.82 878.233 876.42 876.42 854.0275 851.39 851.39 851.39 826.2115 826.45 826.45 745.5848 736.06 736.06 736.06 815.7448 814.99 814.99 801.2366 1068.8 1068.8 1068.8 905.4594 886.22 886.22 888.5999 842.3 842.3 842.3 940.3286 939.4 939.4 934.8104 1024.1 1024.1 1024.1 1309.897 1307.19 1307.19 1300.977 1421.84 1421.84 1421.84 1680.924 1678.47 1678.47 1675.36 1735.87 1735.87 1735.87 1852.565 1851.46 1851.46 1874.249 -9999 -9999 -9999 -9999 -9999 -9999 -9999 -9999
660.92 657.9326 716.05 716.05 716.05 714.996 735.5 735.5 735.5 651.9385 652.73 652.73 650.8828 686.82 686.82 686.82 878.233 876.42 876.42 854.0275 851.39 851.39 851.39 826.2115 826.45 826.45 745.5848 736.06 736.06 736.06 815.7448 814.99 814.99 1042.055 1068.8 1068.8 1068.8 905.4594 886.22 886.22 888.5999 842.3 842.3 842.3 940.3286 939.4 939.4 934.8104 1024.1 1024.1 1024.1 1309.897 1307.19 1307.19 1300.977 1421.84 1421.84 1421.84 1680.924 1678.47 1678.47 1675.36 1735.87 1735.87 1735.87 1852.565 1851.46 1851.46 1874.249 -9999 -9999 -9999 -9999 -9999 -9999 -9999 -9999
660.92 657.9326 716.05 716.05 716.05 733.4504 735.5 735.5 735.5 651.9385 652.73 652.73 650.8828 686.82 686.82 686.82 878.233 876.42 876.42 854.0275 851.39 851.39 851.39 826.2115 826.45 826.45 745.5848 736.06 736.06 736.06 815.7448 814.99 814.99 1042.055 1068.8 1068.8 1068.8 884.4741 886.22 886.22 888.5999 842.3 842.3 842.3 940.3286 939.4 939.4 934.8104 1024.1 1024.1 1024.1 1309.897 1307.19 1307.19 1300.977 1421.84 1421.84 1421.84 1680.924 1678.47 1678.47 1675.36 1735.87 1735.87 1735.87 1852.565 1851.46 1851.46 1475.217 -9999 -9999 -9999 -9999 -9999 -9999 -9999 -9999
816.77 805.9482 1016.48 1016.48 1016.48 1122.171 1134.62 1134.62 1134.62 913.3743 915.47 915.47 922.6601 782.78 782.78 782.78 822.9404 822.56 822.56 804.6943 802.59 802.59 802.59 833.4321 833.14 833.14 808.6362 805.75 805.75 805.75 890.9772 890.17 890.17 979.373 989.88 989.88 1060.484 884.4741 886.22 886.22 888.5999 842.3 842.3 842.3 940.3286 939.4 939.4 934.8104 1024.1 1024.1 1024.1 1309.897 1307.19 1307.19 1300.977 1421.84 1421.84 1421.84 1680.924 1678.47 1678.47 1675.36 1735.87 1735.87 1735.87 1852.565 1851.46 1851.46 1475.217 -9999 -9999 -9999 -9999 -9999 -9999 -9999 -9999
816.77 805.9482 1016.48 1016.48 1016.48 1122.171 1134.62 1134.62 1146.495 915.47 915.47 915.47 922.6601 782.78 782.78 782.78 822.9404 822.56 822.56 804.6943 802.59 802.59 802.59 833.4321 833.14 833.14 808.6362 805.75 805.75 805.75 890.9772 890.17 890.17 979.373 989.88 989.88 989.88 836.5577 838.01 838.01 864.8935 868.06 868.06 868.06 950.9451 950.16 950.16 937.6686 1180.68 1180.68 1180.68 1344.027 1342.48 1342.48 1355.693 1098.65 1098.65 1098.65 1322.409 1320.29 1320.29 1293.261 1819.09 1819.09 1819.09 1971.039 1969.6 1969.6 1743.779 -9999 -9999 -9999 -9999 -9999 -9999 -9999 -9999
816.77 805.9482 1016.48 1016.48 1016.48 1122.171 1134.62 1134.62 1146.495 915.47 915.47 915.47 796.7622 782.78 782.78 782.78 822.9404 822.56 822.56 804.6943 802.59 802.59 802.59 833.4321 833.14 833.14 808.6362 805.75 805.75 805.75 890.9772 890.17 890.17 979.373 989.88 989.88 989.88 836.5577 838.01 838.01 864.8935 868.06 868.06 868.06 950.9451 950.16 950.16 937.6686 1180.68 1180.68 1180.68 1344.027 1342.48 1342.48 1355.693 1098.65 1098.65 1098.65 1322.409 1320.29 1320.29 1293.261 1819.09 1819.09 1819.09 1971.039 1969.6 1969.6 1743.779 -9999 -9999 -9999 -9999 -9999 -9999 -9999 -9999
816.77 805.9482 1016.48 1016.48 1016.48 1122.171 1134.62 1134.62 1146.495 915.47 915.47 915.47 796.7622 782.78 782.78 780.6245 822.56 822.56 822.56 804.6943 802.59 802.59 802.59 833.4321 833.14 833.14 808.6362 805.75 805.75 805.75 890.9772 890.17 890.17 979.373 989.88 989.88 989.88 836.5577 838.01 838.01 864.8935 868.06 868.06 868.06 950.16 950.16 950.16 937.6686 1180.68 1180.68 1180.68 1344.027 1342.48 1342.48 1355.693 1098.65 1098.65 1098.65 1322.409 1320.29 1320.29 1293.261 1819.09 1819.09 1819.09 1971.039 1969.6 1969.6 1743.779 -9999 -9999 -9999 -9999 -9999 -9999 -9999 -9999
830.53 804.6793 1307.59 1307.59 1307.59 1564.249 1594.48 1594.48 1607.643 1351.56 1351.56 1351.56 1137.333 1112.1 1112.1 815.3265 822.56 822.56 822.56 804.6943 802.59 802.59 802.59 833.4321 833.14 833.14 808.6362 805.75 805.75 805.75 890.9772 890.17 890.17 979.373 989.88 989.88 989.88 836.5577 838.01 838.01 864.8935 868.06 868.06 868.06 950.16 950.16 950.16 1156.389 1180.68 1180.68 1180.68 1344.027 1342.48 1342.48 1355.693 1098.65 1098.65 1098.65 1322.409 1320.29 1320.29 1293.261 1819.09 1819.09 1819.09 1971.039 1969.6 1969.6 1743.779 -9999 -9999 -9999 -9999 -9999 -9999 -9999 -9999
830.53 804.6793 1307.59 1307.59 1307.59 1564.249 1594.48 1594.48 1607.643 1351.56 1351.56 1351.56 1137.333 1112.1 1112.1 1109.048 1168.42 1168.42 1168.42 980.9139 982.69 982.69 982.69 964.2554 964.43 964.43 836.7939 821.76 821.76 821.76 1057.766 1055.53 1055.53 938.4862 924.7 924.7 924.7 729.9453 731.79 731.79 682.4693 676.66 676.66 676.66 690.25 690.25 690.25 787.2721 798.7 798.7 798.7 827.4221 827.15 827.15 824.1589 882.35 1100.718 1098.65 1322.409 1320.29 1320.29 1293.261 1819.09 1819.09 1819.09 1971.039 1969.6 1969.6 1743.779 -9999 -9999 -9999 -9999 -9999 -9999 -9999 -9999
830.53 804.6793 1307.59 1307.59 1307.59 1564.249 1594.48 1594.48 1607.643 1351.56 1351.56 1351.56 1137.333 1112.1 1112.1 1109.048 1168.42 1168.42 1168.42 980.9139 982.69 982.69 983.6794 964.43 964.43 964.43 836.7939 821.76 821.76 821.76 1057.766 1055.53 1055.53 938.4862 924.7 924.7 924.7 729.9453 731.79 731.79 682.4693 676.66 676.66 676.66 690.25 690.25 690.25 787.2721 798.7 798.7 797.1584 827.15 827.15 827.15 824.1589 882.35 882.35 882.35 1064.203 1062.48 1062.48 1041.481 1450.01 1450.01 1450.01 1736.241 1733.53 1733.53 1778.136 -9999 -9999 -9999 -9999 -9999 -9999 -9999 -9999
830.53 804.6793 1307.59 1307.59 1307.59 1564.249 1594.48 1594.48 1607.643 1351.56 1351.56 1351.56 1137.333 1112.1 1112.1 1109.048 1168.42 1168.42 1168.42 980.9139 982.69 982.69 983.6794 964.43 964.43 964.43 836.7939 821.76 821.76 821.76 1057.766 1055.53 1055.53 938.4862 924.7 924.7 924.7 729.9453 731.79 731.79 682.4693 676.66 676.66 676.66 690.25 690.25 690.25 787.2721 798.7 798.7 797.1584 827.15 827.15 827.15 824.1589 882.35 882.35 882.35 1064.203 1062.48 1062.48 1041.481 1450.01 1450.01 1450.01 1736.241 1733.53 1733.53 1778.136 -9999 -9999 -9999 -9999 -9999 -9999 -9999 -9999
830.53 804.6793 1307.59 1307.59 1307.59 1564.249 1594.48 1594.48 1607.643 1351.56 1351.56 1351.56 1137.333 1112.1 1112.1 1109.048 1168.42 1168.42 1168.42 980.9139 982.69 982.69 983.6794 964.43 964.43 964.43 820.3958 821.76 821.76 821.76 1057.766 1055.53 1055.53 938.4862 924.7 924.7 924.7 729.9453 731.79 731.79 682.4693 676.66 676.66 676.66 690.25 690.25 690.25 787.2721 798.7 798.7 797.1584 827.15 827.15 827.15 876.5333 882.35 882.35 882.35 1064.203 1062.48 1062.48 1041.481 1450.01 1450.01 1450.01 1736.241 1733.53 1733.53 1778.136 -9999 -9999 -9999 -9999 -9999 -9999 -9999 -9999
758.91 834.4163 843.31 843.31 843.31 998.8674 1017.19 1017.19 1009.952 1150.76 1150.76 1150.76 941.0599 916.36 916.36 918.7892 871.53 871.53 871.53 837.4673 837.79 837.79 841.6844 765.92 765.92 765.92 752.8058 752.93 752.93 737.1923 1043.36 1043.36 1042.701 938.4862 924.7 924.7 924.7 729.9453 731.79 731.79 682.4693 676.66 676.66 676.66 690.25 690.25 690.25 787.2721 798.7 798.7 797.1584 827.15 827.15 827.15 876.5333 882.35 882.35 882.35 1064.203 1062.48 1062.48 1041.481 1450.01 1450.01 1450.01 1736.241 1733.53 1733.53 1778.136 -9999 -9999 -9999 -9999 -9999 -9999 -9999 -9999
758.91 834.4163 843.31 843.31 843.31 998.8674 1017.19 1017.19 1009.952 1150.76 1150.76 1150.76 941.0599 916.36 916.36 918.7892 871.53 871.53 871.53 837.4673 837.79 837.79 841.6844 765.92 765.92 765.92 752.8058 752.93 752.93 737.1923 1043.36 1043.36 1043.36 1093.727 1099.66 1099.66 1099.66 794.762 797.65 797.65 688.3716 675.5 675.5 675.5 639.53 639.53 639.53 603.7719 599.56 599.56 601.2734 567.94 567.94 567.94 727.2548 746.02 746.02 729.2154 1056.14 1056.14 1056.14 1025.725 1617.44 1617.44 1617.44 1899.724 1897.05 1897.05 1558.774 -9999 -9999 -9999 -9999 -9999 -9999 -9999 -9999
758.91 834.4163 843.31 843.31 843.31 1018.853 1017.19 1017.19 1009.952 1150.76 1150.76 1150.76 941.0599 916.36 916.36 918.7892 871.53 871.53 871.53 837.4673 837.79 837.79 841.6844 765.92 765.92 765.92 752.8058 752.93 752.93 737.1923 1043.36 1043.36 1043.36 1100.198 1099.66 1099.66 1099.66 794.762 797.65 797.65 688.3716 675.5 675.5 675.5 639.53 639.53 639.53 603.7719 599.56 599.56 601.2734 567.94 567.94 567.94 727.2548 746.02 746.02 729.2154 1056.14 1056.14 1056.14 1025.725 1617.44 1617.44 1617.44 1899.724 1897.05 1897.05 1558.774 -9999 -9999 -9999 -9999 -9999 -9999 -9999 -9999
