Model and model input files/precip_1995.asc
ncols         625
nrows         453
xllcorner     138621.56993419
yllcorner     4094031.9406744
cellsize      1000
NODATA_value  -9999
[rows 0 to 33 of 453, columns 0 to 76 of 625]
-9999 -9999 -9999 -9999 -9999 -9999 -9999 -9999 -9999 -9999 -9999 -9999 -9999 -9999 -9999 -9999 -9999 433.76 433.76 433.8787 447.55 447.55 447.55 460.923 462.73 462.73 462.73 446.13 446.13 446.13 398.47 392.03 392.03 392.03 373.18 373.18 373.18 353.7108 351.08 351.08 351.08 333.63 333.63 333.63 328.28 328.28 328.28 328.28 327.71 327.71 327.71 332 332 332 332 334.73 334.73 334.73 339.7427 340.42 340.42 340.42 353.99 353.99 353.99 350.933 350.52 350.52 350.52 352.82 352.82 352.82 365.7789 367.53 367.53 346.7253 354.6377
-9999 -9999 -9999 -9999 -9999 -9999 -9999 -9999 -9999 -9999 -9999 -9999 -9999 -9999 -9999 -9999 -9999 433.76 433.76 446.0969 447.55 447.55 447.55 462.8752 462.73 462.73 463.6295 446.13 446.13 446.13 397.7308 392.03 392.03 393.0514 373.18 373.18 373.18 353.4088 351.08 351.08 352.0255 333.63 333.63 333.63 328.2289 328.28 328.28 328.3109 327.71 327.71 327.71 332.041 332 332 331.8521 334.73 334.73 334.73 340.4744 340.42 340.42 340.42 353.99 353.99 353.99 350.8857 350.52 350.52 350.3954 352.82 352.82 352.82 365.9799 367.53 367.53 367.3073 371.64
-9999 -9999 -9999 -9999 -9999 -9999 -9999 -9999 -9999 -9999 -9999 -9999 -9999 -9999 -9999 -9999 -9999 414.46 433.9446 446.0969 447.55 447.55 447.55 462.8752 462.73 462.73 447.8792 446.13 446.13 446.13 397.7308 392.03 392.03 393.0514 373.18 373.18 373.18 353.4088 351.08 351.08 352.0255 333.63 333.63 333.63 328.2289 328.28 328.28 328.3109 327.71 327.71 327.71 332.041 332 332 331.8521 334.73 334.73 334.73 340.4744 340.42 340.42 339.6847 353.99 353.99 353.99 350.8857 350.52 350.52 350.3954 352.82 352.82 352.82 365.9799 367.53 367.53 367.3073 371.64
-9999 -9999 -9999 -9999 -9999 -9999 -9999 -9999 -9999 -9999 -9999 -9999 -9999 -9999 -9999 -9999 -9999 414.46 414.46 468.6743 475.06 475.06 475.06 448.5388 448.79 448.79 451.0176 451.28 451.28 451.28 462.688 462.58 462.58 492.2994 495.8 495.8 495.8 396.5056 386.6378 351.08 352.0255 333.63 333.63 333.63 328.2289 328.28 328.28 328.3109 327.71 327.71 327.71 332.041 332 332 331.8521 334.73 334.73 334.73 340.4744 340.42 340.42 339.6847 353.99 353.99 353.99 350.4868 350.52 350.52 350.3954 352.82 352.82 352.82 365.9799 367.53 367.53 367.3073 371.64
-9999 -9999 -9999 -9999 -9999 -9999 -9999 -9999 -9999 -9999 -9999 -9999 -9999 -9999 -9999 -9999 -9999 414.46 414.46 468.6743 475.06 475.06 475.06 448.5388 448.79 448.79 451.0176 451.28 451.28 451.28 462.688 462.58 462.58 492.2994 495.8 495.8 495.8 383.7487 384.81 384.81 387.0599 343.29 343.29 343.29 333.4871 333.58 333.58 333.5941 333.32 333.32 333.32 329.6856 329.72 329.72 329.3109 337.27 337.27 337.27 334.2211 334.25 334.25 339.0345 353.99 353.99 353.99 350.4868 350.52 350.52 352.5776 352.82 352.82 352.82 365.9799 367.53 367.53 367.3073 371.64
-9999 -9999 -9999 -9999 -9999 -9999 -9999 -9999 -9999 -9999 -9999 -9999 -9999 -9999 -9999 -9999 -9999 414.46 414.46 468.6743 475.06 475.06 475.06 448.5388 448.79 448.79 451.0176 451.28 451.28 451.28 462.688 462.58 462.58 492.2994 495.8 495.8 495.8 383.7487 384.81 384.81 347.6652 343.29 343.29 343.29 333.4871 333.58 333.58 333.5941 333.32 333.32 333.32 329.6856 329.72 329.72 329.3109 337.27 337.27 337.27 334.2211 334.25 334.25 333.4697 348.65 348.65 348.65 360.3205 360.21 360.21 369.6304 370.74 370.74 370.74 388.2458 388.08 388.08 387.9787 389.95
-9999 -9999 -9999 -9999 -9999 -9999 -9999 -9999 -9999 -9999 -9999 -9999 -9999 -9999 -9999 -9999 -9999 414.46 414.46 468.6743 475.06 475.06 475.06 448.5388 448.79 448.79 451.0176 451.28 451.28 451.28 462.688 462.58 462.58 492.2994 495.8 495.8 495.8 383.7487 384.81 384.81 347.6652 343.29 343.29 343.29 333.58 333.58 333.58 333.5941 333.32 333.32 333.32 329.6856 329.72 329.72 329.3109 337.27 337.27 337.27 334.2211 334.25 334.25 333.4697 348.65 348.65 348.65 360.3205 360.21 360.21 369.6304 370.74 370.74 370.74 388.2458 388.08 388.08 389.753 389.95
-9999 -9999 -9999 -9999 -9999 -9999 -9999 -9999 -9999 -9999 -9999 -9999 -9999 -9999 -9999 -9999 -9999 331.17 331.17 376.8729 376.44 376.44 376.44 417.2667 416.88 416.88 439.4603 451.3676 451.28 451.28 462.688 462.58 462.58 492.2994 495.8 495.8 495.8 383.7487 384.81 384.81 347.6652 343.29 343.29 343.29 333.58 333.58 333.58 333.3474 333.32 333.32 333.5151 329.72 329.72 329.72 329.3109 337.27 337.27 337.27 334.2211 334.25 334.25 333.4697 348.65 348.65 348.65 360.3205 360.21 360.21 369.6304 370.74 370.74 370.74 388.2458 388.08 388.08 389.753 389.95
-9999 -9999 -9999 -9999 -9999 -9999 -9999 -9999 -9999 -9999 -9999 -9999 -9999 -9999 -9999 -9999 -9999 331.17 331.17 376.8729 376.44 376.44 374.2487 416.88 416.88 416.88 439.4603 442.12 442.12 442.12 473.3962 473.1 473.1 451.4411 448.89 448.89 448.89 396.8168 397.31 397.31 367.2596 363.72 363.72 363.72 333.57 333.57 333.57 324.3911 322.7676 333.32 333.5151 329.72 329.72 329.72 336.4744 337.27 337.27 337.27 334.2211 334.25 334.25 333.4697 348.65 348.65 348.65 360.3205 360.21 360.21 369.6304 370.74 370.74 370.74 388.2458 388.08 388.08 389.753 389.95
-9999 -9999 -9999 -9999 -9999 -9999 -9999 -9999 -9999 -9999 -9999 -9999 -9999 -9999 -9999 -9999 -9999 331.17 331.17 376.8729 376.44 376.44 374.2487 416.88 416.88 416.88 442.3614 442.12 442.12 442.12 473.3962 473.1 473.1 451.4411 448.89 448.89 448.89 396.8168 397.31 397.31 367.2596 363.72 363.72 363.72 333.57 333.57 333.57 324.3911 323.31 323.31 323.3463 322.64 322.64 322.64 330.3427 331.25 331.25 330.2589 349.54 349.54 349.54 349.0832 357.97 357.97 357.97 359.3632 359.35 359.35 373.7803 375.48 375.48 375.48 388.2005 388.08 388.08 389.753 389.95
-9999 -9999 -9999 -9999 -9999 -9999 -9999 -9999 -9999 -9999 -9999 -9999 -9999 -9999 -9999 -9999 -9999 331.17 331.17 376.8729 376.44 376.44 374.2487 416.88 416.88 416.88 442.3614 442.12 442.12 440.4413 473.1 473.1 473.1 451.4411 448.89 448.89 448.89 396.8168 397.31 397.31 367.2596 363.72 363.72 363.72 333.57 333.57 333.57 324.3911 323.31 323.31 323.3463 322.64 322.64 322.64 330.3427 331.25 331.25 330.2589 349.54 349.54 349.54 357.0817 357.97 357.97 357.97 359.3632 359.35 359.35 373.7803 375.48 375.48 375.48 415.4284 415.05 415.05 419.4516 419.97
-9999 -9999 -9999 -9999 -9999 -9999 -9999 -9999 -9999 -9999 -9999 -9999 -9999 -9999 -9999 -9999 -9999 331.17 331.17 376.8729 376.44 376.44 374.2487 416.88 416.88 416.88 442.3614 442.12 442.12 440.4413 473.1 473.1 473.1 448.6585 448.89 448.89 451.685 397.31 397.31 397.31 367.2596 363.72 363.72 363.72 333.57 333.57 333.57 324.3911 323.31 323.31 323.3463 322.64 322.64 322.64 330.3427 331.25 331.25 330.2589 349.54 349.54 349.54 357.0817 357.97 357.97 357.8952 359.35 359.35 359.35 373.7803 375.48 375.48 375.48 415.4284 415.05 415.05 419.4516 419.97
-9999 -9999 -9999 -9999 -9999 -9999 -9999 -9999 -9999 -9999 -9999 -9999 -9999 -9999 -9999 -9999 -9999 265.69 265.69 273.4232 273.35 273.35 272.3708 291.42 291.42 291.42 326.0278 325.7 325.7 317.7128 473.1 473.1 473.1 448.6585 448.89 448.89 451.685 397.31 397.31 397.31 363.3988 363.72 363.72 363.72 333.57 333.57 333.57 324.3911 323.31 323.31 323.3463 322.64 322.64 322.64 330.3427 331.25 331.25 330.2589 349.54 349.54 349.54 357.0817 357.97 357.97 357.8952 359.35 359.35 359.35 375.6342 375.48 375.48 375.48 415.4284 415.05 415.05 419.4516 419.97
-9999 -9999 -9999 -9999 -9999 -9999 -9999 -9999 -9999 -9999 -9999 -9999 -9999 -9999 -9999 -9999 -9999 265.69 265.69 273.4232 273.35 273.35 272.3708 291.42 291.42 291.42 326.0278 325.7 325.7 322.0028 393.93 393.93 393.93 449.5367 449.01 449.01 448.4698 458.98 458.98 458.98 453.1447 453.2 453.2 458.0373 363.93 363.93 363.93 330.5068 326.57 326.57 326.6849 324.45 324.45 324.45 332.7074 333.68 333.68 333.2221 342.13 349.6109 349.54 357.0817 357.97 357.97 357.8952 359.35 359.35 359.35 375.6342 375.48 375.48 373.3358 415.05 415.05 415.05 419.4516 419.97
-9999 -9999 -9999 -9999 -9999 -9999 -9999 -9999 -9999 -9999 -9999 -9999 -9999 -9999 -9999 -9999 -9999 265.69 265.69 273.35 273.35 273.35 272.3708 291.42 291.42 291.42 326.0278 325.7 325.7 322.0028 393.93 393.93 393.93 449.5367 449.01 449.01 448.4698 458.98 458.98 458.98 453.1447 453.2 453.2 458.0373 363.93 363.93 363.93 326.2127 326.57 326.57 326.6849 324.45 324.45 324.45 332.7074 333.68 333.68 333.2221 342.13 342.13 342.13 356.2919 357.96 357.96 356.5891 383.26 383.26 383.26 428.9427 428.51 428.51 429.2226 415.36 415.36 415.36 400.9637 401.1
-9999 -9999 -9999 -9999 -9999 -9999 -9999 -9999 -9999 -9999 -9999 -9999 -9999 -9999 -9999 -9999 -9999 265.69 265.69 273.35 273.35 273.35 289.5159 291.42 291.42 291.42 326.0278 325.7 325.7 322.0028 393.93 393.93 393.93 449.5367 449.01 449.01 448.4698 458.98 458.98 458.98 453.1447 453.2 453.2 458.0373 363.93 363.93 363.93 326.2127 326.57 326.57 324.6734 324.45 324.45 324.45 332.7074 333.68 333.68 333.2221 342.13 342.13 342.13 356.2919 357.96 357.96 356.5891 383.26 383.26 383.26 428.9427 428.51 428.51 429.2226 415.36 415.36 415.36 400.9637 401.1
-9999 -9999 -9999 -9999 -9999 -9999 -9999 -9999 -9999 -9999 -9999 -9999 -9999 -9999 -9999 -9999 -9999 268.46 265.6635 273.35 273.35 273.35 289.5159 291.42 291.42 289.5625 325.7 325.7 325.7 322.0028 393.93 393.93 393.93 449.5367 449.01 449.01 448.4698 458.98 458.98 458.98 453.1447 453.2 453.2 458.0373 363.93 363.93 363.93 326.2127 326.57 326.57 324.6734 324.45 324.45 324.45 333.7682 333.68 333.68 333.2221 342.13 342.13 342.13 356.2919 357.96 357.96 356.5891 383.26 383.26 383.26 428.9427 428.51 428.51 429.2226 415.36 415.36 415.36 400.9637 401.1
-9999 -9999 -9999 -9999 -9999 -9999 -9999 -9999 -9999 -9999 -9999 -9999 -9999 -9999 -9999 -9999 -9999 268.46 268.46 256.55 256.55 256.55 250.6007 249.9 249.9 249.7607 252.47 252.47 252.47 268.6538 270.56 270.56 270.56 319.0897 318.63 318.63 314.3373 397.85 397.85 459.5646 453.1447 453.2 453.2 458.0373 363.93 363.93 363.93 326.2127 326.57 326.57 324.6734 324.45 324.45 324.45 333.7682 333.68 333.68 341.2396 342.13 342.13 342.13 356.2919 357.96 357.96 356.5891 383.26 383.26 383.26 428.9427 428.51 428.51 429.2226 415.36 415.36 415.36 400.9637 401.1
-9999 -9999 -9999 -9999 -9999 -9999 -9999 -9999 -9999 -9999 -9999 -9999 -9999 -9999 -9999 -9999 -9999 268.46 268.46 256.55 256.55 256.55 250.6007 249.9 249.9 249.7607 252.47 252.47 252.47 268.6538 270.56 270.56 267.9552 318.63 318.63 318.63 314.3373 397.85 397.85 397.85 437.9196 437.54 437.54 439.5255 400.9 400.9 400.9 325.1424 325.86 325.86 312.4048 310.82 310.82 310.82 323.1064 322.99 322.99 371.9528 377.72 377.72 377.72 399.1935 357.96 357.96 356.5891 383.26 383.26 383.26 428.9427 428.51 428.51 429.2226 415.36 415.36 415.36 400.9637 401.1
-9999 -9999 -9999 -9999 -9999 -9999 -9999 -9999 -9999 -9999 -9999 -9999 -9999 -9999 -9999 -9999 -9999 268.46 268.46 256.55 256.55 256.55 250.6007 249.9 249.9 249.7607 252.47 252.47 252.47 268.6538 270.56 270.56 267.9552 318.63 318.63 318.63 389.5022 397.85 397.85 395.6993 437.54 437.54 437.54 439.5255 400.9 400.9 400.9 325.1424 325.86 325.86 312.4048 310.82 310.82 310.82 323.1064 322.99 322.99 371.9528 377.72 377.72 377.72 397.0834 396.9 396.9 399.1455 399.41 399.41 399.41 412.9987 412.87 412.87 413.4883 401.46 401.46 401.46 392.6061 392.69
-9999 -9999 -9999 -9999 -9999 -9999 -9999 -9999 -9999 -9999 -9999 -9999 -9999 -9999 -9999 -9999 -9999 268.46 268.46 256.55 256.55 256.55 250.6007 249.9 249.9 249.7607 252.47 252.47 252.47 268.6538 270.56 270.56 267.9552 318.63 318.63 318.63 389.5022 397.85 397.85 395.6993 437.54 437.54 437.54 404.7609 400.9 400.9 400.9 325.1424 325.86 325.86 312.4048 310.82 310.82 310.82 323.1064 322.99 322.99 371.9528 377.72 377.72 377.72 397.0834 396.9 396.9 399.1455 399.41 399.41 399.41 412.87 412.87 412.87 413.4883 401.46 401.46 401.46 392.6061 392.69
-9999 -9999 -9999 -9999 -9999 -9999 -9999 -9999 -9999 -9999 -9999 -9999 -9999 -9999 -9999 -9999 -9999 354.07 354.0641 354.18 354.18 354.18 301.0572 294.8 294.8 296.3037 267.05 254.0064 252.47 268.6538 270.56 270.56 267.9552 318.63 318.63 318.63 389.5022 397.85 397.85 395.6993 437.54 437.54 437.54 404.7609 400.9 400.9 404.9662 325.86 325.86 325.86 312.4048 310.82 310.82 310.82 323.1064 322.99 322.99 371.9528 377.72 377.72 377.72 397.0834 396.9 396.9 399.1455 399.41 399.41 399.41 412.87 412.87 412.87 402.6623 401.46 401.46 401.46 392.6061 392.69
-9999 -9999 -9999 -9999 -9999 -9999 -9999 -9999 -9999 -9999 -9999 -9999 -9999 -9999 -9999 -9999 -9999 354.07 354.0641 354.18 354.18 354.18 294.2322 294.8 294.8 296.3037 267.05 267.05 267.05 252.7271 251.04 251.04 250.5913 259.32 259.32 259.32 301.7163 306.71 306.71 306.0668 318.58 318.58 318.58 318.8126 318.84 318.84 318.9831 316.2 316.2 325.9524 310.6762 310.82 310.82 310.82 323.1064 322.99 322.99 371.9528 377.72 377.72 377.72 397.0834 396.9 396.9 399.1455 399.41 399.41 399.41 412.87 412.87 412.87 402.6623 401.46 401.46 401.46 392.69 392.69
-9999 -9999 -9999 -9999 -9999 -9999 -9999 -9999 -9999 -9999 -9999 -9999 -9999 -9999 -9999 -9999 -9999 354.07 354.0641 354.18 354.18 354.18 294.2322 294.8 294.8 269.9742 267.05 267.05 267.05 252.7271 251.04 251.04 250.5913 259.32 259.32 259.32 301.7163 306.71 306.71 306.0668 318.58 318.58 318.58 318.8126 318.84 318.84 318.9831 316.2 316.2 316.2 317.6033 317.59 317.59 317.59 365.6755 365.22 365.22 375.4277 376.63 376.63 376.63 372.5715 372.61 372.61 379.4449 380.25 380.25 380.25 384.76 384.76 384.76 383.2123 399.5179 401.46 401.46 392.69 392.69
-9999 -9999 -9999 -9999 -9999 -9999 -9999 -9999 -9999 -9999 -9999 -9999 -9999 -9999 -9999 -9999 -9999 354.07 354.0641 354.18 354.18 354.18 294.2322 294.8 294.8 269.9742 267.05 267.05 267.05 250.8869 251.04 251.04 250.5913 259.32 259.32 259.32 301.7163 306.71 306.71 306.0668 318.58 318.58 318.58 318.8126 318.84 318.84 318.9831 316.2 316.2 316.2 317.6033 317.59 317.59 315.009 365.22 365.22 365.22 375.4277 376.63 376.63 376.63 372.5715 372.61 372.61 379.4449 380.25 380.25 380.25 384.76 384.76 384.76 383.2123 383.03 383.03 383.03 381.28 381.28
-9999 -9999 -9999 -9999 -9999 -9999 -9999 -9999 -9999 -9999 -9999 -9999 -9999 -9999 -9999 -9999 -9999 354.07 354.0641 354.18 354.18 354.18 294.2322 294.8 294.8 269.9742 267.05 267.05 267.05 250.8869 251.04 251.04 258.4475 259.32 259.32 259.32 301.7163 306.71 306.71 306.0668 318.58 318.58 318.58 318.8126 318.84 318.84 318.9831 316.2 316.2 316.2 317.6033 317.59 317.59 315.009 365.22 365.22 365.22 376.7391 376.63 376.63 376.8478 372.61 372.61 372.61 379.4449 380.25 380.25 380.25 384.76 384.76 384.76 383.2123 383.03 383.03 383.03 381.28 381.28
-9999 -9999 -9999 -9999 -9999 -9999 -9999 -9999 -9999 -9999 -9999 -9999 -9999 -9999 -9999 -9999 -9999 402.72 401.445 426.25 426.25 426.25 379.5779 380.02 380.02 366.4485 364.85 364.85 364.85 286.8512 287.59 287.59 254.9004 251.05 251.05 251.05 260.5601 307.1522 306.71 306.0668 318.58 318.58 318.58 318.8126 318.84 318.84 318.9831 316.2 316.2 316.2 317.6033 317.59 317.59 315.009 365.22 365.22 365.22 376.7391 376.63 376.63 376.8478 372.61 372.61 372.61 379.4449 380.25 380.25 380.25 384.76 384.76 384.76 383.2123 383.03 383.03 383.03 381.28 381.28
-9999 -9999 -9999 -9999 -9999 -9999 -9999 -9999 -9999 -9999 -9999 -9999 -9999 -9999 -9999 -9999 -9999 402.72 401.445 426.25 426.25 426.25 379.5779 380.02 380.02 366.4485 364.85 364.85 364.85 286.8512 287.59 287.59 254.9004 251.05 251.05 251.05 260.5601 260.47 260.47 272.1806 273.56 273.56 273.56 278.2568 278.81 278.81 277.9137 295.35 295.35 295.35 352.3196 351.78 351.78 348.8701 405.48 405.48 405.48 388.6708 388.83 376.5133 376.8478 372.61 372.61 372.61 380.3231 380.25 380.25 380.25 384.76 384.76 384.76 383.2123 383.03 383.03 383.03 381.28 381.28
-9999 -9999 -9999 -9999 -9999 -9999 -9999 -9999 -9999 -9999 -9999 -9999 -9999 -9999 -9999 -9999 -9999 402.72 423.7705 426.25 426.25 426.25 379.5779 380.02 380.02 366.4485 364.85 364.85 364.85 286.8512 287.59 287.59 254.9004 251.05 251.05 251.05 260.5601 260.47 260.47 272.1806 273.56 273.56 273.56 278.8602 278.81 278.81 277.9137 295.35 295.35 295.35 352.3196 351.78 351.78 348.8701 405.48 405.48 405.48 388.6708 388.83 388.83 389.924 368.64 368.64 368.64 366.8228 366.84 366.84 366.8557 366.55 366.55 366.55 373.7428 374.59 374.59 374.59 376.28 376.28
-9999 -9999 -9999 -9999 -9999 -9999 -9999 -9999 -9999 -9999 -9999 -9999 -9999 -9999 -9999 -9999 -9999 402.72 423.7705 426.25 426.25 428.7551 380.02 380.02 380.02 366.4485 364.85 364.85 364.85 286.8512 287.59 287.59 254.9004 251.05 251.05 251.05 260.5601 260.47 260.47 272.1806 273.56 273.56 273.56 278.8602 278.81 278.81 293.6071 295.35 295.35 295.35 352.3196 351.78 351.78 348.8701 405.48 405.48 405.48 388.6708 388.83 388.83 389.924 368.64 368.64 368.64 366.8228 366.84 366.84 366.8557 366.55 366.55 366.55 374.6669 374.59 374.59 374.59 376.28 376.28
-9999 -9999 -9999 -9999 -9999 -9999 -9999 -9999 -9999 -9999 -9999 -9999 -9999 -9999 -9999 -9999 -9999 419.5 425.5387 426.25 426.25 428.7551 380.02 380.02 380.02 364.705 364.85 364.85 364.85 286.8512 287.59 287.59 254.9004 251.05 251.05 251.05 260.5601 260.47 260.47 272.1806 273.56 273.56 273.56 278.8602 278.81 278.81 293.6071 295.35 295.35 295.35 351.78 351.78 351.78 348.8701 405.48 405.48 405.48 388.6708 388.83 388.83 389.924 368.64 368.64 368.64 366.8228 366.84 366.84 366.8557 366.55 366.55 366.55 374.6669 374.59 374.59 374.4984 376.28 376.28
-9999 -9999 -9999 -9999 -9999 -9999 -9999 -9999 -9999 -9999 -9999 -9999 -9999 -9999 -9999 -9999 -9999 419.5 418.6233 418.52 418.52 420.4312 383.25 383.25 383.25 410.6192 410.36 410.36 412.9545 362.48 362.48 362.48 288.5124 279.8 279.8 279.8 255.3383 255.57 255.57 254.2012 254.04 254.04 254.04 271.7982 271.63 271.63 293.8752 295.35 295.35 295.35 351.78 351.78 351.78 399.8214 405.48 405.48 405.48 388.6708 388.83 388.83 389.924 368.64 368.64 368.64 366.8228 366.84 366.84 366.8557 366.55 366.55 366.55 374.6669 374.59 374.59 374.4984 376.28 376.28
-9999 -9999 -9999 -9999 -9999 -9999 -9999 -9999 -9999 -9999 -9999 -9999 -9999 -9999 -9999 -9999 -9999 419.5 418.6233 418.52 418.52 420.4312 383.25 383.25 383.25 410.6192 410.36 410.36 412.9545 362.48 362.48 362.48 279.0094 279.8 279.8 279.8 255.3383 255.57 255.57 254.2012 254.04 254.04 254.04 271.7982 271.63 271.63 293.8167 296.43 296.43 296.43 332.65 332.65 332.65 364.4181 368.16 368.16 365.6403 414.66 414.66 414.66 414.3452 420.47 420.47 420.47 382.8436 383.2 383.2 384.022 368.03 368.1102 366.55 374.6669 374.59 374.59 374.4984 376.28 376.28
-9999 -9999 -9999 -9999 -9999 -9999 -9999 -9999 -9999 -9999 -9999 -9999 -9999 -9999 -9999 -9999 -9999 419.5 418.6233 418.52 418.52 420.4312 383.25 383.25 383.25 410.6192 410.36 410.36 412.9545 362.48 362.48 362.48 279.0094 279.8 279.8 281.1129 255.57 255.57 255.57 254.2012 254.04 254.04 254.04 271.7982 271.63 271.63 293.8167 296.43 296.43 296.43 332.65 332.65 332.65 364.4181 368.16 368.16 365.6403 414.66 414.66 414.66 419.8578 420.47 420.47 420.47 382.8436 383.2 383.2 384.022 368.03 368.03 368.03 371.2101 371.18 371.18 370.8879 376.57 376.57
