Model and model input files/precip_1986.asc
ncols         625
nrows         453
xllcorner     138621.56993419
yllcorner     4094031.9406744
cellsize      1000
NODATA_value  -9999
[rows 68 to 101 of 453, columns 77 to 153 of 625]
429.58 429.58 429.58 451.7757 454.39 454.39 454.4339 453.58 453.58 453.58 453.3206 453.29 453.29 453.29 445.9202 445.99 445.99 434.8788 433.57 433.57 433.57 452.4185 452.24 452.24 496.9265 502.19 502.19 502.19 472.7512 473.03 473.03 474.1273 452.78 452.78 452.78 419.1414 419.46 419.46 419.57 417.43 417.43 417.43 474.9448 474.4 474.4 474.4 486.7267 486.61 486.61 488.6229 488.86 488.86 488.86 483.03 483.03 483.03 512.4185 515.88 515.88 510.8736 608.27 608.27 608.27 705.802 717.29 717.29 717.29 744.0031 743.75 743.75 746.4675 693.6 693.6 693.6 692.9438 692.95 692.95
429.58 429.58 429.58 451.7757 454.39 454.39 454.4339 453.58 453.58 453.58 453.2872 453.29 453.29 453.29 445.9202 445.99 445.99 434.8788 433.57 433.57 433.57 452.4185 452.24 452.24 496.9265 502.19 502.19 502.19 473.03 473.03 473.03 474.1273 452.78 452.78 452.78 419.1414 419.46 419.46 419.57 417.43 417.43 417.43 474.9448 474.4 474.4 473.7384 486.61 486.61 486.61 488.6229 488.86 488.86 488.86 483.03 483.03 483.03 512.4185 515.88 515.88 510.8736 608.27 608.27 608.27 705.802 717.29 717.29 717.29 744.0031 743.75 743.75 746.4675 693.6 693.6 693.6 692.9438 692.95 692.95
492.46 492.46 492.46 545.8602 552.15 552.15 552.8382 539.45 539.45 539.45 522.3177 522.48 522.48 522.48 510.1331 510.25 452.7614 434.8788 433.57 433.57 433.57 452.4185 452.24 452.24 496.9265 502.19 502.19 502.19 473.03 473.03 473.03 474.1273 452.78 452.78 452.78 419.1414 419.46 419.46 419.57 417.43 417.43 417.43 474.9448 474.4 474.4 473.7384 486.61 486.61 486.61 488.6229 488.86 488.86 488.86 483.03 483.03 483.03 512.4185 515.88 515.88 510.8736 608.27 608.27 608.27 705.802 717.29 717.29 715.8562 743.75 743.75 743.75 746.4675 693.6 693.6 693.6 692.9438 692.95 692.95
492.46 492.46 492.46 545.8602 552.15 552.15 552.8382 539.45 539.45 539.45 522.3177 522.48 522.48 523.1427 510.25 510.25 510.25 516.8792 517.66 517.66 517.66 599.9494 599.17 599.17 557.9009 553.04 553.04 553.04 506.17 506.17 506.17 474.1693 470.4 470.4 470.4 459.2039 459.31 459.31 459.614 453.7 453.7 453.7 463.2808 463.19 473.2188 473.7384 486.61 486.61 486.61 488.8815 488.86 488.86 488.86 483.03 483.03 483.03 512.4185 515.88 515.88 510.8736 608.27 608.27 608.27 705.802 717.29 717.29 715.8562 743.75 743.75 743.75 746.4675 693.6 693.6 693.6 692.9438 692.95 692.95
492.46 492.46 492.46 545.8602 552.15 552.15 552.8382 539.45 539.45 539.45 522.3177 522.48 522.48 523.1427 510.25 510.25 510.25 516.8792 517.66 517.66 517.66 599.9494 599.17 599.17 557.9009 553.04 553.04 553.04 506.17 506.17 506.17 474.1693 470.4 470.4 470.4 459.2039 459.31 459.31 459.614 453.7 453.7 453.7 463.2808 463.19 463.19 459.1687 537.4 537.4 537.4 565.8293 565.56 565.56 565.56 670.25 670.25 670.25 744.978 753.78 753.78 758.1996 672.22 672.22 672.22 705.9295 709.9 709.9 711.4845 680.66 680.66 680.66 682.5831 645.17 645.17 645.17 650.3895 650.34 693.3575
492.46 492.46 492.46 545.8602 552.15 552.15 552.8382 539.45 539.45 539.45 522.3177 522.48 522.48 523.1427 510.25 510.25 510.25 517.7308 517.66 517.66 517.66 599.9494 599.17 599.17 557.9009 553.04 553.04 553.04 506.17 506.17 506.17 474.1693 470.4 470.4 470.4 459.31 459.31 459.31 459.614 453.7 453.7 453.7 463.2808 463.19 463.19 459.1687 537.4 537.4 537.4 565.8293 565.56 565.56 559.8871 670.25 670.25 670.25 744.978 753.78 753.78 758.1996 672.22 672.22 672.22 705.9295 709.9 709.9 711.4845 680.66 680.66 680.66 648.9097 645.17 645.17 645.17 650.3895 650.34 650.34
492.46 492.46 492.46 545.8602 552.15 552.15 552.8382 539.45 539.45 539.45 522.3177 522.48 522.48 523.1427 510.25 510.25 510.25 517.7308 517.66 517.66 517.66 599.9494 599.17 599.17 557.9009 553.04 553.04 553.04 506.17 506.17 506.17 474.1693 470.4 470.4 470.4 459.31 459.31 459.31 459.614 453.7 453.7 453.7 463.2808 463.19 463.19 459.1687 537.4 537.4 537.4 565.8293 565.56 565.56 559.8871 670.25 670.25 670.25 744.978 753.78 753.78 758.1996 672.22 672.22 672.22 705.9295 709.9 709.9 711.4845 680.66 680.66 680.66 648.9097 645.17 645.17 645.17 650.3895 650.34 650.34
463.77 463.77 463.77 467.152 467.12 467.12 466.1392 485.22 485.22 485.22 563.1784 562.44 562.44 563.2024 548.37 548.37 548.37 600.1707 599.68 599.68 594.8963 687.96 687.96 687.96 697.1299 698.21 698.21 698.21 520.7603 506.17 506.17 474.1693 470.4 470.4 470.4 459.31 459.31 459.31 454.2912 453.7 453.7 453.7 463.2808 463.19 463.19 459.1687 537.4 537.4 537.4 565.8293 565.56 565.56 559.8871 670.25 670.25 670.25 754.5788 753.78 753.78 758.1996 672.22 672.22 672.22 705.9295 709.9 709.9 711.4845 680.66 680.66 680.66 648.9097 645.17 645.17 644.8898 650.34 650.34 650.34
463.77 463.77 463.77 467.152 467.12 467.12 483.3127 485.22 485.22 485.22 563.1784 562.44 562.44 563.2024 548.37 548.37 548.37 600.1707 599.68 599.68 594.8963 687.96 687.96 687.96 697.1299 698.21 698.21 698.21 644.63 644.63 644.63 606.85 602.4 602.4 602.4 562.5 562.5 562.5 522.5461 517.84 517.84 517.84 509.0366 509.12 509.12 510.1387 490.32 490.32 490.32 507.3412 507.18 507.18 504.0729 564.52 564.52 564.52 631.5448 630.91 740.8326 758.1996 672.22 672.22 672.22 705.9295 709.9 709.9 711.4845 680.66 680.66 680.66 648.9097 645.17 645.17 644.8898 650.34 650.34 650.34
463.77 463.77 463.77 467.152 467.12 467.12 483.3127 485.22 485.22 485.22 563.1784 562.44 562.44 563.2024 548.37 548.37 548.37 600.1707 599.68 599.68 594.8963 687.96 687.96 687.96 698.308 698.21 698.21 698.21 644.63 644.63 644.63 606.85 602.4 602.4 602.4 562.5 562.5 562.5 522.5461 517.84 517.84 518.3126 509.12 509.12 509.12 510.1387 490.32 490.32 490.32 507.3412 507.18 507.18 504.0729 564.52 564.52 564.52 631.5448 630.91 630.91 650.5917 652.91 652.91 652.91 731.3954 740.64 740.64 742.3621 708.86 708.86 708.86 674.3275 670.26 670.26 671.8569 640.79 640.79 640.79
463.77 463.77 463.77 467.152 467.12 467.12 483.3127 485.22 485.22 485.22 562.44 562.44 562.44 563.2024 548.37 548.37 548.37 600.1707 599.68 599.68 594.8963 687.96 687.96 687.96 698.308 698.21 698.21 698.21 644.63 644.63 644.63 606.85 602.4 602.4 602.4 562.5 562.5 562.5 522.5461 517.84 517.84 518.3126 509.12 509.12 509.12 510.1387 490.32 490.32 490.32 507.3412 507.18 507.18 504.0729 564.52 564.52 564.52 631.5448 630.91 630.91 650.5917 652.91 652.91 652.91 731.3954 740.64 740.64 742.3621 708.86 708.86 708.86 674.3275 670.26 670.26 671.8569 640.79 640.79 640.79
431.02 431.02 431.02 416.5126 416.65 467.6026 483.3127 485.22 485.22 485.22 562.44 562.44 562.44 563.2024 548.37 548.37 548.37 600.1707 599.68 599.68 594.8963 687.96 687.96 687.96 698.308 698.21 698.21 701.1134 644.63 644.63 644.63 606.85 602.4 602.4 602.4 562.5 562.5 562.5 522.5461 517.84 517.84 518.3126 509.12 509.12 509.12 492.3011 490.32 490.32 490.32 507.3412 507.18 507.18 504.0729 564.52 564.52 564.52 631.5448 630.91 630.91 650.5917 652.91 652.91 652.91 741.4789 740.64 740.64 742.3621 708.86 708.86 708.86 674.3275 670.26 670.26 671.8569 640.79 640.79 640.79
431.02 431.02 431.02 416.5126 416.65 416.65 434.8377 436.98 436.98 436.98 554.89 554.89 554.89 598.8071 603.98 603.98 603.98 576.217 576.48 576.48 575.1133 601.7 601.7 601.7 685.7864 684.99 684.99 683.6591 709.55 709.55 709.55 676.0105 601.7339 602.4 602.4 562.5 562.5 562.5 522.5461 517.84 517.84 518.3126 509.12 509.12 509.12 492.3011 490.32 490.32 490.32 507.3412 507.18 507.18 504.0729 564.52 564.52 564.52 631.5448 630.91 630.91 650.5917 652.91 652.91 652.91 741.4789 740.64 740.64 742.3621 708.86 708.86 708.86 674.3275 670.26 670.26 671.8569 640.79 640.79 640.79
431.02 431.02 431.02 416.5126 416.65 416.65 434.8377 436.98 436.98 436.98 554.89 554.89 554.89 598.8071 603.98 603.98 603.98 576.217 576.48 576.48 575.1133 601.7 601.7 601.7 685.7864 684.99 684.99 683.6591 709.55 709.55 709.55 671.7015 672.06 672.06 672.06 649.73 649.73 649.73 658.1574 659.15 659.15 661.0981 623.2 623.2 623.2 581.0721 576.11 576.11 576.9976 559.73 559.73 559.73 559.2618 568.37 568.37 568.37 596.1532 595.89 595.89 683.6974 694.04 694.04 694.04 759.8837 759.26 759.26 730.972 727.64 727.64 727.64 713.2276 711.53 711.53 671.4623 640.79 640.79 640.79
431.02 431.02 431.02 416.5126 416.65 416.65 434.8377 436.98 436.98 436.98 554.89 554.89 554.89 598.8071 603.98 603.98 605.4702 576.48 576.48 576.48 575.1133 601.7 601.7 601.7 685.7864 684.99 684.99 683.6591 709.55 709.55 709.55 671.7015 672.06 672.06 673.27 649.73 649.73 649.73 658.1574 659.15 659.15 661.0981 623.2 623.2 623.2 581.0721 576.11 576.11 576.9976 559.73 559.73 559.73 559.2618 568.37 568.37 568.37 596.1532 595.89 595.89 683.6974 694.04 694.04 694.04 759.8837 759.26 759.26 730.972 727.64 727.64 727.64 713.2276 711.53 711.53 713.4916 675.33 675.33 675.33
431.02 431.02 431.7987 416.65 416.65 416.65 434.8377 436.98 436.98 436.98 554.89 554.89 554.89 598.8071 603.98 603.98 605.4702 576.48 576.48 576.48 575.1133 601.7 601.7 601.7 685.7864 684.99 684.99 683.6591 709.55 709.55 709.55 671.7015 672.06 672.06 673.27 649.73 649.73 649.73 658.1574 659.15 659.15 661.0981 623.2 623.2 623.2 581.0721 576.11 576.11 576.9976 559.73 559.73 559.73 567.4595 568.37 568.37 568.37 596.1532 595.89 595.89 683.6974 694.04 694.04 694.04 759.8837 759.26 759.26 730.972 727.64 727.64 727.64 713.2276 711.53 711.53 713.4916 675.33 675.33 675.33
408.71 408.71 409.1359 400.85 400.85 400.85 414.9761 416.64 416.64 416.64 449.32 449.32 449.32 507.7837 514.67 514.67 511.3206 576.48 576.48 576.48 599.0425 601.7 601.7 601.7 685.7864 684.99 684.99 683.6591 709.55 709.55 709.55 671.7015 672.06 672.06 673.27 649.73 649.73 649.73 658.1574 659.15 659.15 661.0981 623.2 623.2 623.2 581.0721 576.11 576.11 576.9976 559.73 559.73 559.73 567.4595 568.37 568.37 568.37 596.1532 595.89 595.89 683.6974 694.04 694.04 694.04 759.8837 759.26 759.26 730.972 727.64 727.64 727.64 711.376 711.53 711.53 713.4916 675.33 675.33 675.33
408.71 408.71 409.1359 400.85 400.85 400.85 416.791 416.64 416.64 416.64 449.32 449.32 449.32 507.7837 514.67 514.67 511.6777 569.89 569.89 569.89 572.055 572.31 572.31 572.31 649.5516 648.82 648.82 645.0312 718.74 718.74 718.74 699.0031 699.19 699.19 696.9515 740.5 740.5 740.5 726.2248 726.36 726.36 726.8807 716.75 716.75 716.75 580.1776 576.11 576.11 576.9976 559.73 559.73 559.73 567.4595 568.37 568.37 566.8788 595.89 595.89 595.89 683.6974 694.04 694.04 694.04 759.8837 759.26 759.26 730.972 727.64 727.64 727.64 711.376 711.53 711.53 713.4916 675.33 675.33 675.33
408.71 408.71 409.1359 400.85 400.85 400.85 416.791 416.64 416.64 416.64 449.32 449.32 449.32 507.7837 514.67 514.67 511.6777 569.89 569.89 569.89 572.055 572.31 572.31 568.1641 648.82 648.82 648.82 645.0312 718.74 718.74 718.74 699.0031 699.19 699.19 696.9515 740.5 740.5 740.5 726.2248 726.36 726.36 726.8807 716.75 716.75 716.75 667.483 661.68 661.68 663.9337 620.09 620.09 620.09 675.3152 681.82 681.82 685.1352 620.64 620.64 620.64 641.3327 643.77 643.77 643.77 686.3231 685.92 685.92 742.6213 749.3 749.3 749.3 747.7352 747.75 747.75 681.3957 673.58 673.58 673.58
408.71 408.71 409.1359 400.85 400.85 400.85 416.791 416.64 416.64 414.8692 449.32 449.32 449.32 507.7837 514.67 514.67 511.6777 569.89 569.89 569.89 572.055 572.31 572.31 568.1641 648.82 648.82 648.82 645.0312 718.74 718.74 718.74 699.0031 699.19 699.19 696.9515 740.5 740.5 740.5 726.2248 726.36 726.36 717.7626 716.75 716.75 716.75 667.483 661.68 661.68 663.9337 620.09 620.09 620.09 675.3152 681.82 681.82 685.1352 620.64 620.64 620.64 643.9912 643.77 643.77 643.77 686.3231 685.92 685.92 742.6213 749.3 749.3 749.3 747.7352 747.75 747.75 681.3957 673.58 673.58 673.58
396.45 396.45 396.2116 400.85 400.85 400.85 416.791 416.64 416.64 414.8692 449.32 449.32 449.32 507.7837 514.67 514.67 511.6777 569.89 569.89 569.89 572.055 572.31 572.31 568.1641 648.82 648.82 648.82 711.3722 718.74 718.74 718.74 699.0031 699.19 699.19 696.9515 740.5 740.5 740.5 726.2248 726.36 726.36 717.7626 716.75 716.75 716.75 667.483 661.68 661.68 663.9337 620.09 620.09 620.09 675.3152 681.82 681.82 685.1352 620.64 620.64 620.64 643.9912 643.77 643.77 643.77 686.3231 685.92 685.92 742.6213 749.3 749.3 749.3 747.7352 747.75 747.75 681.3957 673.58 673.58 673.58
396.45 396.45 396.2338 400.44 400.44 400.44 417.6227 417.46 417.46 416.4212 436.63 436.63 436.63 527.2079 526.35 526.35 522.1776 603.35 603.35 603.35 615.7405 617.2 617.2 618.527 592.71 592.71 592.71 642.3885 648.24 719.4141 718.74 699.0031 699.19 699.19 696.9515 740.5 740.5 740.5 726.2248 726.36 726.36 717.7626 716.75 716.75 716.75 661.1534 661.68 661.68 663.9337 620.09 620.09 620.09 675.3152 681.82 681.82 685.1352 620.64 620.64 620.64 643.9912 643.77 643.77 643.77 686.3231 685.92 685.92 742.6213 749.3 749.3 749.3 747.7352 747.75 747.75 681.3957 673.58 673.58 673.58
396.45 396.45 396.2338 400.44 400.44 400.44 417.6227 417.46 417.46 416.4212 436.63 436.63 436.63 527.2079 526.35 526.35 522.1776 603.35 603.35 603.35 615.7405 617.2 617.2 618.527 592.71 592.71 592.71 642.3885 648.24 648.24 642.4354 755.36 755.36 755.36 751.4498 827.52 827.52 827.52 827.0657 827.07 827.07 733.698 722.7 722.7 722.7 698.0667 698.3 698.3 700.4615 658.41 658.41 658.41 635.8386 633.18 633.18 633.9516 618.94 618.94 618.94 643.9912 643.77 643.77 641.486 685.92 685.92 685.92 742.6213 749.3 749.3 749.3 747.7352 747.75 747.75 681.3957 673.58 673.58 673.58
396.45 396.45 400.0196 400.44 400.44 400.44 417.6227 417.46 417.46 416.4212 436.63 436.63 436.63 527.2079 526.35 526.35 595.2361 603.35 603.35 603.35 615.7405 617.2 617.2 618.527 592.71 592.71 592.71 642.3885 648.24 648.24 642.4354 755.36 755.36 755.36 751.4498 827.52 827.52 827.52 827.0657 827.07 827.07 733.698 722.7 722.7 722.7 698.0667 698.3 698.3 662.6134 658.41 658.41 658.41 635.8386 633.18 633.18 633.9516 618.94 618.94 618.94 663.4517 663.03 663.03 657.9294 757.16 757.16 757.16 805.586 811.29 811.29 811.29 794.5313 794.69 794.69 711.2305 701.4 701.4 701.4
396.45 396.45 400.0196 400.44 400.44 400.44 417.6227 417.46 417.46 416.4212 436.63 436.63 436.63 527.2079 526.35 526.35 595.2361 603.35 603.35 603.35 615.7405 617.2 617.2 618.527 592.71 592.71 592.71 642.3885 648.24 648.24 642.4354 755.36 755.36 755.36 819.9161 827.52 827.52 827.52 827.0657 827.07 827.07 733.698 722.7 722.7 722.7 698.0667 698.3 698.3 662.6134 658.41 658.41 658.41 635.8386 633.18 633.18 633.9516 618.94 618.94 618.94 663.4517 663.03 663.03 657.9294 757.16 757.16 757.16 811.8076 811.29 811.29 811.29 794.5313 794.69 794.69 711.2305 701.4 701.4 701.4
384.48 384.48 406.9888 409.64 409.64 407.6519 446.33 446.33 446.33 442.7623 512.17 512.17 512.17 533.1588 527.0465 526.35 595.2361 603.35 603.35 603.35 617.3325 617.2 617.2 618.527 592.71 592.71 592.71 642.3885 648.24 648.24 642.4354 755.36 755.36 755.36 819.9161 827.52 827.52 827.52 827.0657 827.07 827.07 733.698 722.7 722.7 722.7 698.0667 698.3 698.3 662.6134 658.41 658.41 658.41 632.9387 633.18 633.18 633.9516 618.94 618.94 618.94 663.4517 663.03 663.03 657.9294 757.16 757.16 757.16 811.8076 811.29 811.29 811.29 794.5313 794.69 794.69 711.2305 701.4 701.4 701.4
384.48 384.48 406.9888 409.64 409.64 407.6519 446.33 446.33 446.33 442.7623 512.17 512.17 512.17 533.1588 532.96 532.96 552.6865 555.01 555.01 555.01 596.6343 596.24 596.24 595.4418 610.97 610.97 610.97 564.199 558.69 558.69 554.6005 634.16 634.16 634.16 741.8192 754.5 754.5 751.6199 807.65 807.65 807.65 731.6695 722.6998 722.7 722.7 698.0667 698.3 698.3 662.6134 658.41 658.41 658.41 632.9387 633.18 633.18 633.9516 618.94 618.94 618.94 663.4517 663.03 663.03 657.9294 757.16 757.16 757.16 811.8076 811.29 811.29 811.29 794.5313 794.69 794.69 711.2305 701.4 701.4 701.4
384.48 384.48 406.9888 409.64 409.64 407.6519 446.33 446.33 446.33 505.2321 512.17 512.17 512.17 533.1588 532.96 532.96 552.6865 555.01 555.01 555.01 596.6343 596.24 596.24 609.4178 610.97 610.97 610.97 564.199 558.69 558.69 554.6005 634.16 634.16 634.16 741.8192 754.5 754.5 751.6199 807.65 807.65 807.65 731.6695 722.72 722.72 722.72 751.8156 751.54 751.54 734.56 732.56 732.56 732.56 694.0654 694.43 694.43 694.5004 693.13 693.13 693.13 733.7346 733.35 733.35 728.0948 830.33 830.33 830.33 937.6667 936.65 936.65 934.2924 980.16 980.16 980.16 845.4384 700.1744 701.4 701.4
384.48 384.48 406.9888 409.64 409.64 407.6519 446.33 446.33 446.33 505.2321 512.17 512.17 512.17 533.1588 532.96 532.96 552.6865 555.01 555.01 555.01 596.6343 596.24 596.24 609.4178 610.97 610.97 610.97 564.199 558.69 558.69 554.6005 634.16 634.16 634.16 741.8192 754.5 754.5 751.6199 807.65 807.65 807.65 721.9078 722.72 722.72 722.72 751.8156 751.54 751.54 734.56 732.56 732.56 732.56 694.0654 694.43 694.43 693.267 693.13 693.13 693.13 733.7346 733.35 733.35 728.0948 830.33 830.33 830.33 937.6667 936.65 936.65 934.2924 980.16 980.16 980.16 845.4384 829.57 829.57 829.57
384.48 384.48 406.9888 409.64 409.64 407.6519 446.33 446.33 446.33 505.2321 512.17 512.17 512.17 533.1588 532.96 532.96 552.6865 555.01 555.01 555.01 596.6343 596.24 596.24 609.4178 610.97 610.97 610.97 558.1901 558.69 558.69 554.6005 634.16 634.16 634.16 741.8192 754.5 754.5 751.6199 807.65 807.65 807.65 721.9078 722.72 722.72 722.72 751.8156 751.54 751.54 734.56 732.56 732.56 732.56 694.0654 694.43 694.43 693.267 693.13 693.13 693.13 733.7346 733.35 733.35 728.0948 830.33 830.33 830.33 937.6667 936.65 936.65 934.2924 980.16 980.16 980.16 828.13 829.57 829.57 829.57
442.75 442.75 402.7692 398.06 398.06 397.6222 406.14 406.14 406.14 414.3974 415.37 415.37 415.0356 421.54 421.54 421.54 465.806 546.1595 555.01 555.01 596.6343 596.24 596.24 609.4178 610.97 610.97 610.97 558.1901 558.69 558.69 554.6005 634.16 634.16 634.16 741.8192 754.5 754.5 751.6199 807.65 807.65 807.65 721.9078 722.72 722.72 722.72 751.8156 751.54 751.54 734.56 732.56 732.56 732.56 694.0654 694.43 694.43 693.267 693.13 693.13 693.13 733.35 733.35 733.35 728.0948 830.33 830.33 830.33 937.6667 936.65 936.65 934.2924 980.16 980.16 980.16 828.13 829.57 829.57 829.57
442.75 442.75 402.7692 398.06 398.06 397.6222 406.14 406.14 406.14 414.3974 415.37 415.37 415.0356 421.54 421.54 421.54 471.4931 471.02 471.02 471.02 547.5751 546.85 546.85 589.0673 594.04 594.04 594.04 541.1288 541.63 541.63 580.5909 585.18 585.18 585.18 655.6675 663.97 663.97 663.213 677.94 677.94 677.94 679.2928 679.28 679.28 678.0879 701.28 701.28 701.28 691.8506 690.74 690.74 690.74 809.3636 808.24 808.24 858.5984 691.491 693.13 693.13 733.35 733.35 733.35 728.0948 830.33 830.33 830.33 937.6667 936.65 936.65 934.2924 980.16 980.16 980.16 828.13 829.57 829.57 829.57
442.75 442.75 397.6327 398.06 398.06 397.6222 406.14 406.14 406.14 414.3974 415.37 415.37 415.0356 421.54 421.54 421.54 471.4931 471.02 471.02 471.02 547.5751 546.85 546.85 589.0673 594.04 594.04 594.04 541.1288 541.63 541.63 580.5909 585.18 585.18 585.18 655.6675 663.97 663.97 663.213 677.94 677.94 677.94 679.2928 679.28 679.28 678.0879 701.28 701.28 701.28 691.8506 690.74 690.74 690.74 809.3636 808.24 808.24 858.5984 864.53 864.53 864.53 859.09 859.09 859.09 855.6204 923.12 923.12 923.12 1169.857 1167.52 1167.52 1172.381 1077.81 1077.81 1077.81 828.0442 830.41 830.41 825.7769
442.75 442.75 397.6327 398.06 398.06 397.6222 406.14 406.14 406.14 414.3974 415.37 415.37 415.0356 421.54 421.54 421.54 471.4931 471.02 471.02 471.02 547.5751 546.85 546.85 589.0673 594.04 594.04 594.04 541.1288 541.63 541.63 580.5909 585.18 585.18 585.18 655.6675 663.97 663.97 663.213 677.94 677.94 677.94 679.2928 679.28 679.28 678.0879 701.28 701.28 701.28 690.6392 690.74 690.74 690.74 809.3636 808.24 808.24 858.5984 864.53 864.53 864.53 859.09 859.09 859.09 916.3729 923.12 923.12 923.12 1169.857 1167.52 1167.52 1172.381 1077.81 1077.81 1077.81 828.0442 830.41 830.41 825.7769
