Model and model input files/precip_1996.asc
ncols         625
nrows         453
xllcorner     138621.56993419
yllcorner     4094031.9406744
cellsize      1000
NODATA_value  -9999
[rows 102 to 135 of 453, columns 77 to 153 of 625]
386.89 386.89 406.3746 372.7432 373.06 382.6235 383.75 383.75 383.75 391.4796 392.39 392.39 391.8855 401.7 401.7 401.7 434.1776 433.87 433.87 430.1776 502.01 502.01 502.01 553.4241 559.48 559.48 559.48 506.2155 506.72 506.72 529.2377 531.89 531.89 531.89 609.6869 608.95 608.95 607.6176 633.54 633.54 633.54 630.8445 630.87 630.87 629.1463 662.68 662.68 662.68 648.1726 648.31 648.31 648.31 772.1833 771.01 771.01 836.6039 844.33 844.33 844.33 843.89 843.89 843.89 915.0932 923.48 923.48 923.48 1172.6 1170.24 1170.24 1173.656 1107.19 1107.19 1107.19 860.9779 863.31 863.31 857.1218
386.89 386.89 406.3746 406.19 406.19 390.5251 388.68 388.68 388.68 386.4703 386.21 386.21 385.4909 399.48 399.48 399.48 443.0931 442.68 442.68 441.2565 468.95 468.95 468.95 478.3704 479.48 479.48 479.48 479.803 479.8 478.3412 529.2377 531.89 531.89 531.89 609.6869 608.95 608.95 607.6176 633.54 633.54 633.54 630.8445 630.87 630.87 629.1463 662.68 662.68 662.68 648.1726 648.31 648.31 648.31 772.1833 771.01 771.01 836.6039 844.33 844.33 844.33 843.89 843.89 843.89 915.0932 923.48 923.48 910.1086 1170.24 1170.24 1170.24 1173.656 1107.19 1107.19 1107.19 860.9779 863.31 863.31 857.1218
386.89 386.89 406.3746 406.19 406.19 390.5251 388.68 388.68 388.68 386.1864 386.21 386.21 385.4909 399.48 399.48 399.48 443.0931 442.68 442.68 441.2565 468.95 468.95 468.95 479.5807 479.48 479.48 479.48 479.803 479.8 479.8 514.6904 518.8 518.8 518.8 588.3488 587.69 587.69 568.9565 566.75 566.75 566.75 588.9503 588.74 588.74 586.5763 628.67 628.67 628.67 634.7577 634.7 634.7 632.0779 683.09 683.09 683.09 837.1355 855.28 855.28 855.28 840.0844 843.89 843.89 915.0932 923.48 923.48 910.1086 1170.24 1170.24 1170.24 1173.656 1107.19 1107.19 1107.19 860.9779 863.31 863.31 857.1218
386.89 386.89 406.3746 406.19 406.19 390.5251 388.68 388.68 388.68 386.1864 386.21 386.21 385.4909 399.48 399.48 399.48 443.0931 442.68 442.68 441.2565 468.95 468.95 468.95 479.5807 479.48 479.48 479.48 479.803 479.8 479.8 514.6904 518.8 518.8 518.8 588.3488 587.69 587.69 568.9565 566.75 566.75 566.75 588.9503 588.74 588.74 586.5763 628.67 628.67 628.67 634.7577 634.7 634.7 632.0779 683.09 683.09 683.09 837.1355 855.28 855.28 855.28 840.28 840.28 840.28 868.9528 872.33 872.33 869.6824 921.19 921.19 921.19 921.9708 906.78 906.78 906.78 850.3556 850.89 850.89 845.6262
386.89 386.89 406.3746 406.19 406.19 390.5251 388.68 388.68 388.68 386.1864 386.21 386.21 398.0817 399.48 399.48 399.48 443.0931 442.68 442.68 441.2565 468.95 468.95 468.95 479.5807 479.48 479.48 479.4627 479.8 479.8 479.8 514.6904 518.8 518.8 518.8 588.3488 587.69 587.69 568.9565 566.75 566.75 566.75 588.74 588.74 588.74 586.5763 628.67 628.67 628.67 634.7577 634.7 634.7 632.0779 683.09 683.09 683.09 856.9266 855.28 855.28 855.28 840.28 840.28 840.28 868.9528 872.33 872.33 869.6824 921.19 921.19 921.19 908.2985 906.78 906.78 906.78 850.3556 850.89 850.89 845.6262
383.83 383.83 398.2869 398.15 398.15 395.2693 394.93 394.93 394.93 437.9778 437.57 437.57 434.0273 433.61 433.61 399.1537 443.0931 442.68 442.68 441.2565 468.95 468.95 468.95 479.5807 479.48 479.48 479.4627 479.8 479.8 479.8 514.6904 518.8 518.8 518.8 588.3488 587.69 587.69 568.9565 566.75 566.75 566.75 588.74 588.74 588.74 586.5763 628.67 628.67 628.67 634.7577 634.7 634.7 632.0779 683.09 683.09 683.09 856.9266 855.28 855.28 855.28 840.28 840.28 840.28 868.9528 872.33 872.33 869.6824 921.19 921.19 921.19 908.2985 906.78 906.78 906.78 850.3556 850.89 850.89 845.6262
383.83 383.054 398.15 398.15 398.15 395.2693 394.93 394.93 394.93 437.9778 437.57 437.57 434.0273 433.61 433.61 433.61 421.8486 421.96 421.96 419.5746 465.98 465.98 465.98 458.2064 458.28 458.28 457.542 471.9 471.9 471.9 513.7327 518.66 518.66 518.66 495.8943 496.11 496.11 481.2771 479.53 479.53 479.53 499.1 499.1 589.5972 586.5763 628.67 628.67 628.67 634.7577 634.7 634.7 632.0779 683.09 683.09 683.09 856.9266 855.28 855.28 855.28 840.28 840.28 840.28 868.9528 872.33 872.33 869.6824 921.19 921.19 921.19 908.2985 906.78 906.78 906.78 850.3556 850.89 850.89 845.6262
383.83 383.054 398.15 398.15 398.15 395.2693 394.93 394.93 394.93 437.9778 437.57 437.57 434.0273 433.61 433.61 433.61 421.96 421.96 421.96 419.5746 465.98 465.98 465.98 458.2064 458.28 458.28 457.542 471.9 471.9 471.9 519.1071 518.66 518.66 518.66 495.8943 496.11 496.11 481.2771 479.53 479.53 479.53 499.1 499.1 499.1 511.4637 512.92 512.92 512.92 545.8519 545.54 545.54 543.3562 585.84 585.84 585.84 672.0566 671.24 671.24 667.4799 740.63 740.63 740.63 785.898 791.23 791.23 794.3344 733.94 733.94 733.94 737.2233 737.61 737.61 735.7758 771.46 771.46 851.6495 845.6262
383.83 383.054 398.15 398.15 398.15 395.2693 394.93 394.93 394.93 437.9778 437.57 437.57 434.0273 433.61 433.61 433.61 421.96 421.96 421.96 419.5746 465.98 465.98 465.98 458.2064 458.28 458.28 457.542 471.9 471.9 471.9 519.1071 518.66 518.66 518.66 495.8943 496.11 496.11 481.2771 479.53 479.53 479.53 499.1 499.1 499.1 511.4637 512.92 512.92 512.92 545.8519 545.54 545.54 543.3562 585.84 585.84 585.84 672.0566 671.24 671.24 667.4799 740.63 740.63 740.63 785.898 791.23 791.23 794.3344 733.94 733.94 733.94 737.2233 737.61 737.61 735.7758 771.46 771.46 771.46 764.0536
383.83 383.054 398.15 398.15 398.15 394.8992 394.93 394.93 394.93 437.9778 437.57 437.57 434.0273 433.61 433.61 433.61 421.96 421.96 421.96 461.3414 465.98 465.98 465.98 458.2064 458.28 458.28 457.542 471.9 471.9 471.9 519.1071 518.66 518.66 519.8819 496.11 496.11 496.11 481.2771 479.53 479.53 479.53 499.1 499.1 499.1 511.4637 512.92 512.92 511.1524 545.54 545.54 545.54 543.3562 585.84 585.84 585.84 672.0566 671.24 671.24 667.4799 740.63 740.63 740.63 785.898 791.23 791.23 794.3344 733.94 733.94 733.94 737.2233 737.61 737.61 735.7758 771.46 771.46 771.46 764.0536
391.42 390.4441 409.43 409.43 409.43 394.5793 394.72 394.72 394.72 423.9973 423.72 423.72 456.6422 460.52 460.52 460.52 463.86 463.86 463.86 481.0994 483.13 483.13 483.13 535.6575 535.16 535.16 537.367 474.2741 471.9 471.9 519.1071 518.66 518.66 519.8819 496.11 496.11 496.11 481.2771 479.53 479.53 479.53 499.1 499.1 499.1 511.4637 512.92 512.92 511.1524 545.54 545.54 545.54 543.3562 585.84 585.84 585.84 672.0566 671.24 671.24 667.4799 740.63 740.63 740.63 791.7139 791.23 791.23 794.3344 733.94 733.94 733.94 737.2233 737.61 737.61 735.7758 771.46 771.46 771.46 893.7374
391.42 390.4441 409.43 409.43 409.43 394.5793 394.72 394.72 393.1486 423.72 423.72 423.72 456.6422 460.52 460.52 460.52 463.86 463.86 463.86 481.0994 483.13 483.13 480.3106 535.16 535.16 535.16 537.367 494.43 494.43 494.43 527.8364 527.52 527.52 528.8997 502.06 502.06 502.06 525.6423 528.42 528.42 528.42 511.74 511.74 511.74 528.3442 530.3 530.3 527.201 587.49 587.49 587.49 585.1209 631.21 631.21 631.21 651.795 651.6 671.4278 667.4799 740.63 740.63 740.63 791.7139 791.23 791.23 794.3344 733.94 733.94 733.94 737.2233 737.61 737.61 735.7758 771.46 771.46 771.46 893.7374
391.42 390.4441 409.43 409.43 409.43 394.5793 394.72 394.72 393.1486 423.72 423.72 423.72 456.6422 460.52 460.52 460.52 463.86 463.86 463.86 481.0994 483.13 483.13 480.3106 535.16 535.16 535.16 537.367 494.43 494.43 494.43 527.8364 527.52 527.52 528.8997 502.06 502.06 502.06 528.6721 528.42 528.42 528.42 511.74 511.74 511.74 528.3442 530.3 530.3 527.201 587.49 587.49 587.49 626.603 631.21 631.21 631.21 651.795 651.6 651.6 651.5544 652.44 652.44 652.44 682.0303 681.75 681.75 801.5671 815.68 815.68 815.68 874.1885 881.08 881.08 882.3925 856.86 856.86 856.86 868.9374
391.42 390.4441 409.43 409.43 409.43 394.5793 394.72 394.72 393.1486 423.72 423.72 423.72 460.8719 460.52 460.52 460.52 463.86 463.86 463.86 481.0994 483.13 483.13 480.3106 535.16 535.16 535.16 537.367 494.43 494.43 494.43 527.8364 527.52 527.52 528.8997 502.06 502.06 502.06 528.6721 528.42 528.42 528.42 511.74 511.74 511.74 528.3442 530.3 530.3 527.201 587.49 587.49 587.49 626.603 631.21 631.21 631.21 651.795 651.6 651.6 651.5544 652.44 652.44 652.44 682.0303 681.75 681.75 801.5671 815.68 815.68 815.68 874.1885 881.08 881.08 882.3925 856.86 856.86 856.86 868.9374
401.66 401.5191 404.26 403.9799 409.43 394.5793 394.72 394.72 393.1486 423.72 423.72 423.72 460.8719 460.52 460.52 460.52 463.86 463.86 463.86 481.0994 483.13 483.13 480.3106 535.16 535.16 535.16 498.7219 494.43 494.43 494.43 527.8364 527.52 527.52 528.8997 502.06 502.06 502.06 528.6721 528.42 528.42 529.3239 511.74 511.74 511.74 528.3442 530.3 530.3 527.201 587.49 587.49 587.49 626.603 631.21 631.21 631.21 651.795 651.6 651.6 651.5544 652.44 652.44 652.44 682.0303 681.75 681.75 801.5671 815.68 815.68 815.68 874.1885 881.08 881.08 882.3925 856.86 856.86 856.86 868.9374
401.66 403.986 404.26 404.26 404.26 416.5161 416.4 416.4 413.7144 465.96 465.96 465.96 492.1985 491.95 491.95 491.95 504.26 504.26 504.26 548.4813 553.69 553.69 550.312 616.03 616.03 616.03 586.8831 583.45 583.45 583.45 531.5839 527.52 527.52 528.8997 502.06 502.06 502.06 528.6721 528.42 528.42 529.3239 511.74 511.74 511.74 528.3442 530.3 530.3 527.201 587.49 587.49 587.49 626.603 631.21 631.21 630.1052 651.6 651.6 651.6 651.5544 652.44 652.44 652.44 682.0303 681.75 681.75 801.5671 815.68 815.68 815.68 881.7054 881.08 881.08 882.3925 856.86 856.86 856.86 868.9374
401.66 403.986 404.26 404.26 404.26 416.5161 416.4 416.4 413.7144 465.96 465.96 465.96 492.1985 491.95 491.95 491.283 504.26 504.26 504.26 548.4813 553.69 553.69 550.312 616.03 616.03 616.03 586.8831 583.45 583.45 584.3127 567.53 567.53 567.53 566.2247 591.62 591.62 591.62 643.1885 642.7 642.7 643.8743 621.03 621.03 621.03 593.4845 590.24 590.24 588.551 621.41 621.41 621.41 615.9975 615.36 615.36 615.4727 613.28 613.28 613.28 611.6251 643.82 643.82 643.82 685.7673 685.37 685.37 891.7332 916.04 916.04 916.04 1153.661 1151.41 1166.059 882.3925 856.86 856.86 856.86 868.9374
401.66 403.986 404.26 404.26 403.6022 416.4 416.4 416.4 413.7144 465.96 465.96 465.96 492.1985 491.95 491.95 491.283 504.26 504.26 504.26 548.4813 553.69 553.69 550.312 616.03 616.03 616.03 586.8831 583.45 583.45 584.3127 567.53 567.53 567.53 566.2247 591.62 591.62 591.62 643.1885 642.7 642.7 643.8743 621.03 621.03 621.03 589.9456 590.24 590.24 588.551 621.41 621.41 621.41 615.9975 615.36 615.36 615.4727 613.28 613.28 613.28 640.6019 643.82 643.82 643.82 685.7673 685.37 685.37 891.7332 916.04 916.04 916.04 1153.661 1151.41 1151.41 1152.104 1138.61 1138.61 1138.61 1091.195
401.66 403.986 404.26 404.26 403.6022 416.4 416.4 416.4 413.7144 465.96 465.96 465.96 492.1985 491.95 491.95 491.283 504.26 504.26 504.26 554.1627 553.69 553.69 550.312 616.03 616.03 616.03 586.8831 583.45 583.45 584.3127 567.53 567.53 567.53 566.2247 591.62 591.62 591.62 643.1885 642.7 642.7 643.8743 621.03 621.03 621.03 589.9456 590.24 590.24 588.551 621.41 621.41 621.41 615.9975 615.36 615.36 615.4727 613.28 613.28 613.28 640.6019 643.82 643.82 643.82 685.7673 685.37 685.37 891.7332 916.04 916.04 916.04 1153.661 1151.41 1151.41 1139.959 1138.61 1138.61 1138.61 1091.195
405.65 404.6749 404.56 404.56 401.9568 452.6 452.6 452.6 451.0529 481.15 481.15 481.15 504.1075 503.89 503.89 492.5411 504.26 504.26 504.26 554.1627 553.69 553.69 550.312 616.03 616.03 616.03 586.8831 583.45 583.45 584.3127 567.53 567.53 567.53 589.0815 591.62 591.62 591.62 643.1885 642.7 642.7 643.8743 621.03 621.03 621.03 589.9456 590.24 590.24 588.551 621.41 621.41 621.41 615.9975 615.36 615.36 615.4727 613.28 613.28 613.28 640.6019 643.82 643.82 643.82 685.7673 685.37 685.37 891.7332 916.04 916.04 916.04 1153.661 1151.41 1151.41 1139.959 1138.61 1138.61 1138.61 1091.195
405.65 404.6749 404.56 404.56 401.9568 452.6 452.6 452.6 478.1415 481.15 481.15 481.15 504.1075 503.89 503.89 503.1395 517.74 517.74 517.74 557.5875 557.21 557.21 554.6442 604.56 604.56 604.56 612.3074 613.22 613.22 615.1317 577.94 577.94 577.94 585.4549 586.34 586.34 586.34 651.3861 650.77 650.77 650.963 647.21 647.21 648.6287 589.9456 590.24 590.24 618.1254 621.41 621.41 621.41 615.9975 615.36 615.36 615.4727 613.28 613.28 613.28 640.6019 643.82 643.82 641.5685 685.37 685.37 685.37 891.7332 916.04 916.04 916.04 1153.661 1151.41 1151.41 1139.959 1138.61 1138.61 1138.61 1091.195
405.65 404.6749 404.56 404.56 401.9568 452.6 452.6 452.6 478.1415 481.15 481.15 481.15 504.1075 503.89 503.89 503.1395 517.74 517.74 517.74 557.5875 557.21 557.21 599.5705 604.56 604.56 604.56 612.3074 613.22 613.22 615.1317 577.94 577.94 577.94 585.4549 586.34 586.34 582.8488 650.77 650.77 650.77 650.963 647.21 647.21 647.21 610.4619 610.81 610.81 611.3467 611.41 611.41 611.41 652.4822 657.32 657.32 657.404 655.77 655.77 655.77 786.1168 801.47 801.47 800.2057 824.8 824.8 824.8 743.917 734.39 734.39 734.39 1183.615 1179.36 1179.36 1334.094 1352.32 1352.32 1352.32 1083.06
405.65 404.6749 404.56 404.56 401.9568 452.6 452.6 452.6 478.1415 481.15 481.15 479.9178 503.89 503.89 503.89 503.1395 517.74 517.74 517.74 557.5875 557.21 557.21 599.5705 604.56 604.56 604.56 612.3074 613.22 613.22 615.1317 577.94 577.94 577.94 585.4549 586.34 586.34 582.8488 650.77 650.77 650.77 650.963 647.21 647.21 647.21 610.4619 610.81 610.81 611.3467 611.41 611.41 611.41 657.759 657.32 657.32 657.404 655.77 655.77 655.77 786.1168 801.47 801.47 800.2057 824.8 824.8 824.8 743.917 734.39 734.39 734.39 1183.615 1179.36 1179.36 1334.094 1352.32 1352.32 1352.32 1395.832
404.72 404.5585 404.56 404.56 401.9568 452.6 452.6 452.6 478.1415 481.15 481.15 479.9178 503.89 503.89 503.89 503.1395 517.74 517.74 517.74 557.5875 557.21 557.21 599.5705 604.56 604.56 604.56 613.3028 613.22 613.22 615.1317 577.94 577.94 577.94 585.4549 586.34 586.34 582.8488 650.77 650.77 650.77 650.963 647.21 647.21 647.21 610.4619 610.81 610.81 611.3467 611.41 611.41 611.41 657.759 657.32 657.32 657.404 655.77 655.77 655.77 786.1168 801.47 801.47 800.2057 824.8 824.8 824.8 733.5255 734.39 734.39 734.39 1183.615 1179.36 1179.36 1334.094 1352.32 1352.32 1352.32 1395.832
404.72 410.25 410.25 410.25 410.25 453.09 453.09 453.09 480.8491 484.6 484.6 484.6 506.88 506.88 506.88 539.6165 544.04 544.04 544.04 552.9 552.9 552.9 577.1617 580.44 580.44 580.44 605.14 605.14 613.1411 613.1411 577.9272 577.9272 577.9272 585.4584 586.4761 586.4761 586.4761 650.8911 650.77 650.77 647.6338 647.21 647.21 647.21 610.81 610.81 610.81 611.3386 611.41 611.41 611.41 657.32 657.32 657.32 657.32 655.77 655.77 655.77 784.126 801.47 801.47 801.47 824.8 824.8 824.8 734.39 734.39 734.39 734.39 1179.36 1179.36 1179.36 1331.731 1352.32 1352.32 1352.32 1395.42
-9999 -9999 -9999 -9999 -9999 -9999 -9999 -9999 -9999 -9999 -9999 -9999 -9999 -9999 -9999 -9999 -9999 -9999 -9999 -9999 -9999 -9999 -9999 -9999 -9999 -9999 -9999 -9999 -9999 -9999 -9999 -9999 -9999 -9999 -9999 -9999 -9999 -9999 -9999 -9999 -9999 -9999 -9999 -9999 -9999 -9999 -9999 -9999 -9999 -9999 -9999 -9999 -9999 -9999 -9999 -9999 -9999 -9999 -9999 -9999 -9999 -9999 -9999 -9999 -9999 -9999 -9999 -9999 -9999 -9999 -9999 -9999 -9999 -9999 -9999 -9999 -9999
-9999 -9999 -9999 -9999 -9999 -9999 -9999 -9999 -9999 -9999 -9999 -9999 -9999 -9999 -9999 -9999 -9999 -9999 -9999 -9999 -9999 -9999 -9999 -9999 -9999 -9999 -9999 -9999 -9999 -9999 -9999 -9999 -9999 -9999 -9999 -9999 -9999 -9999 -9999 -9999 -9999 -9999 -9999 -9999 -9999 -9999 -9999 -9999 -9999 -9999 -9999 -9999 -9999 -9999 -9999 -9999 -9999 -9999 -9999 -9999 -9999 -9999 -9999 -9999 -9999 -9999 -9999 -9999 -9999 -9999 -9999 -9999 -9999 -9999 -9999 -9999 -9999
-9999 -9999 -9999 -9999 -9999 -9999 -9999 -9999 -9999 -9999 -9999 -9999 -9999 -9999 -9999 -9999 -9999 -9999 -9999 -9999 -9999 -9999 -9999 -9999 -9999 -9999 -9999 -9999 -9999 -9999 -9999 -9999 -9999 -9999 -9999 -9999 -9999 -9999 -9999 -9999 -9999 -9999 -9999 -9999 -9999 -9999 -9999 -9999 -9999 -9999 -9999 -9999 -9999 -9999 -9999 -9999 -9999 -9999 -9999 -9999 -9999 -9999 -9999 -9999 -9999 -9999 -9999 -9999 -9999 -9999 -9999 -9999 -9999 -9999 -9999 -9999 -9999
-9999 -9999 -9999 -9999 -9999 -9999 -9999 -9999 -9999 -9999 -9999 -9999 -9999 -9999 -9999 -9999 -9999 -9999 -9999 -9999 -9999 -9999 -9999 -9999 -9999 -9999 -9999 -9999 -9999 -9999 -9999 -9999 -9999 -9999 -9999 -9999 -9999 -9999 -9999 -9999 -9999 -9999 -9999 -9999 -9999 -9999 -9999 -9999 -9999 -9999 -9999 -9999 -9999 -9999 -9999 -9999 -9999 -9999 -9999 -9999 -9999 -9999 -9999 -9999 -9999 -9999 -9999 -9999 -9999 -9999 -9999 -9999 -9999 -9999 -9999 -9999 -9999
-9999 -9999 -9999 -9999 -9999 -9999 -9999 -9999 -9999 -9999 -9999 -9999 -9999 -9999 -9999 -9999 -9999 -9999 -9999 -9999 -9999 -9999 -9999 -9999 -9999 -9999 -9999 -9999 -9999 -9999 -9999 -9999 -9999 -9999 -9999 -9999 -9999 -9999 -9999 -9999 -9999 -9999 -9999 -9999 -9999 -9999 -9999 -9999 -9999 -9999 -9999 -9999 -9999 -9999 -9999 -9999 -9999 -9999 -9999 -9999 -9999 -9999 -9999 -9999 -9999 -9999 -9999 -9999 -9999 -9999 -9999 -9999 -9999 -9999 -9999 -9999 -9999
-9999 -9999 -9999 -9999 -9999 -9999 -9999 -9999 -9999 -9999 -9999 -9999 -9999 -9999 -9999 -9999 -9999 -9999 -9999 -9999 -9999 -9999 -9999 -9999 -9999 -9999 -9999 -9999 -9999 -9999 -9999 -9999 -9999 -9999 -9999 -9999 -9999 -9999 -9999 -9999 -9999 -9999 -9999 -9999 -9999 -9999 -9999 -9999 -9999 -9999 -9999 -9999 -9999 -9999 -9999 -9999 -9999 -9999 -9999 -9999 -9999 -9999 -9999 -9999 -9999 -9999 -9999 -9999 -9999 -9999 -9999 -9999 -9999 -9999 -9999 -9999 -9999
-9999 -9999 -9999 -9999 -9999 -9999 -9999 -9999 -9999 -9999 -9999 -9999 -9999 -9999 -9999 -9999 -9999 -9999 -9999 -9999 -9999 -9999 -9999 -9999 -9999 -9999 -9999 -9999 -9999 -9999 -9999 -9999 -9999 -9999 -9999 -9999 -9999 -9999 -9999 -9999 -9999 -9999 -9999 -9999 -9999 -9999 -9999 -9999 -9999 -9999 -9999 -9999 -9999 -9999 -9999 -9999 -9999 -9999 -9999 -9999 -9999 -9999 -9999 -9999 -9999 -9999 -9999 -9999 -9999 -9999 -9999 -9999 -9999 -9999 -9999 -9999 -9999
-9999 -9999 -9999 -9999 -9999 -9999 -9999 -9999 -9999 -9999 -9999 -9999 -9999 -9999 -9999 -9999 -9999 -9999 -9999 -9999 -9999 -9999 -9999 -9999 -9999 -9999 -9999 -9999 -9999 -9999 -9999 -9999 -9999 -9999 -9999 -9999 -9999 -9999 -9999 -9999 -9999 -9999 -9999 -9999 -9999 -9999 -9999 -9999 -9999 -9999 -9999 -9999 -9999 -9999 -9999 -9999 -9999 -9999 -9999 -9999 -9999 -9999 -9999 -9999 -9999 -9999 -9999 -9999 -9999 -9999 -9999 -9999 -9999 -9999 -9999 -9999 -9999
-9999 -9999 -9999 -9999 -9999 -9999 -9999 -9999 -9999 -9999 -9999 -9999 -9999 -9999 -9999 -9999 -9999 -9999 -9999 -9999 -9999 -9999 -9999 -9999 -9999 -9999 -9999 -9999 -9999 -9999 -9999 -9999 -9999 -9999 -9999 -9999 -9999 -9999 -9999 -9999 -9999 -9999 -9999 -9999 -9999 -9999 -9999 -9999 -9999 -9999 -9999 -9999 -9999 -9999 -9999 -9999 -9999 -9999 -9999 -9999 -9999 -9999 -9999 -9999 -9999 -9999 -9999 -9999 -9999 -9999 -9999 -9999 -9999 -9999 -9999 -9999 -9999
