Model and model input files/precip_2009.asc
ncols         625
nrows         453
xllcorner     138621.56993419
yllcorner     4094031.9406744
cellsize      1000
NODATA_value  -9999
[rows 0 to 33 of 453, columns 77 to 153 of 625]
328.0377 328.0377 336.8532 338.0444 338.0444 338.0934 350.77 350.77 350.77 367.1647 369.38 369.38 369.38 386.84 386.84 386.84 390.2317 390.69 390.69 390.69 368.82 368.82 368.82 345.8798 342.78 342.78 342.78 327.75 327.75 327.75 320.5878 319.62 319.62 319.62 311.23 311.23 311.23 318.1544 319.09 319.09 319.09 323.32 323.32 323.32 328.6939 329.42 329.42 329.42 339.15 339.15 339.15 339.15 343.67 343.67 343.67 340.51 340.51 340.51 340.51 340.91 340.91 340.91 348.93 348.93 348.93 362.6994 364.56 364.56 364.56 396.64 396.64 396.64 428.522 432.83 432.83 432.83 483.97
339.97 339.97 333.2066 332.41 332.41 332.2848 334.72 334.72 334.72 348.6046 350.24 350.24 350.1181 352.49 352.49 352.49 355.0947 355.07 355.07 355.07 346.7512 346.83 346.83 331.5587 329.76 329.76 329.76 320.2398 320.33 320.33 315.3112 314.4545 319.62 319.62 311.1498 311.23 311.23 318.2617 319.09 319.09 319.09 323.32 323.32 323.32 328.7772 329.42 329.42 328.8928 339.15 339.15 339.15 343.1937 343.67 343.67 343.67 340.4798 340.51 340.51 340.4883 340.91 340.91 340.91 349.0067 348.93 348.93 362.913 364.56 364.56 364.56 396.9468 396.64 396.64 429.0165 432.83 432.83 432.83 484.459
339.97 339.97 333.2066 332.41 332.41 332.2848 334.72 334.72 334.72 348.6046 350.24 350.24 350.1181 352.49 352.49 352.49 355.0947 355.07 355.07 355.5165 346.83 346.83 346.83 331.5587 329.76 329.76 329.76 320.2398 320.33 320.33 315.3112 314.72 314.72 314.72 311.4793 311.51 311.51 318.8459 319.71 319.71 319.71 323.07 323.07 323.07 325.575 325.87 325.87 325.6966 329.07 329.07 329.07 332.3443 332.73 332.73 332.639 334.41 334.41 334.41 340.1535 340.83 340.83 340.9108 349.0067 348.93 348.93 362.913 364.56 364.56 364.56 396.9468 396.64 396.64 429.0165 432.83 432.83 432.83 484.459
339.97 339.97 333.2066 332.41 332.41 332.2848 334.72 334.72 334.72 348.6046 350.24 350.24 350.1181 352.49 352.49 352.49 355.0947 355.07 355.07 355.5165 346.83 346.83 346.83 329.5968 329.76 329.76 329.76 320.2398 320.33 320.33 315.3112 314.72 314.72 314.72 311.4793 311.51 311.51 318.8459 319.71 319.71 319.71 323.07 323.07 323.07 325.575 325.87 325.87 325.6966 329.07 329.07 329.07 332.3443 332.73 332.73 332.639 334.41 334.41 334.41 340.1535 340.83 340.83 340.2431 351.66 351.66 351.66 363.2901 364.66 364.66 364.66 403.5988 403.23 403.23 434.2108 437.86 437.86 437.86 472.9423
339.97 339.97 333.2066 332.41 332.41 332.2848 334.72 334.72 334.72 348.6046 350.24 350.24 350.1181 352.49 352.49 352.49 355.0947 355.07 355.07 355.5165 346.83 346.83 346.83 329.5968 329.76 329.76 330.271 320.33 320.33 320.33 315.3112 314.72 314.72 314.72 311.4793 311.51 311.51 318.8459 319.71 319.71 319.71 323.07 323.07 323.07 325.575 325.87 325.87 325.6966 329.07 329.07 329.07 332.3443 332.73 332.73 332.639 334.41 334.41 334.41 340.1535 340.83 340.83 340.2431 351.66 351.66 351.66 364.7843 364.66 364.66 364.66 403.5988 403.23 403.23 434.2108 437.86 437.86 437.86 472.9423
351.5 351.5 341.024 339.79 339.79 339.9753 336.37 336.37 336.4594 348.6046 350.24 350.24 350.1181 352.49 352.49 352.49 355.0947 355.07 355.07 355.5165 346.83 346.83 346.83 329.5968 329.76 329.76 330.271 320.33 320.33 320.33 314.6664 314.72 314.72 314.72 311.4793 311.51 311.51 318.8459 319.71 319.71 319.71 323.07 323.07 323.07 325.575 325.87 325.87 325.6966 329.07 329.07 329.07 332.3443 332.73 332.73 332.639 334.41 334.41 334.41 340.1535 340.83 340.83 340.2431 351.66 351.66 351.66 364.7843 364.66 364.66 364.66 403.5988 403.23 403.23 434.2108 437.86 437.86 437.86 472.9423
351.5 351.5 341.024 339.79 339.79 339.9753 336.37 336.37 336.37 337.8551 338.03 338.03 337.9184 340.09 340.09 340.09 342.9874 342.96 342.96 343.1085 340.22 340.22 340.22 324.5919 324.74 324.74 325.076 318.54 318.54 318.54 323.9815 323.93 323.93 323.6764 328.61 311.3465 311.51 318.8459 319.71 319.71 319.71 323.07 323.07 323.07 325.575 325.87 325.87 325.6966 329.07 329.07 329.07 332.3443 332.73 332.73 332.639 334.41 334.41 334.41 340.1535 340.83 340.83 340.2431 351.66 351.66 351.66 364.7843 364.66 364.66 362.57 403.23 403.23 403.23 434.2108 437.86 437.86 437.86 472.9423
351.5 351.5 339.678 339.79 339.79 336.7304 336.37 336.37 336.37 337.8551 338.03 338.03 337.9184 340.09 340.09 340.09 342.9874 342.96 342.96 343.1085 340.22 340.22 340.22 324.5919 324.74 324.74 325.076 318.54 318.54 318.54 323.9815 323.93 323.93 323.6764 328.61 328.61 328.61 328.9633 328.96 328.96 328.96 333.91 333.91 333.91 344.7171 345.99 345.99 346.1146 343.69 343.69 343.69 342.4465 342.3 342.3 342.2344 343.51 343.51 343.51 346.6143 346.98 346.98 346.4289 357.15 357.15 357.15 391.0309 390.71 390.71 388.0499 439.8 439.8 439.8 541.5639 540.6 540.6 544.2842 472.61
351.5 351.5 339.678 339.79 339.79 336.7304 336.37 336.37 336.37 338.0459 338.03 338.03 337.9184 340.09 340.09 340.09 342.9874 342.96 342.96 343.1085 340.22 340.22 340.22 324.5919 324.74 324.74 325.076 318.54 318.54 318.54 323.9815 323.93 323.93 323.6764 328.61 328.61 328.61 328.9633 328.96 328.96 328.6918 333.91 333.91 333.91 344.7171 345.99 345.99 346.1146 343.69 343.69 343.69 342.4465 342.3 342.3 342.2344 343.51 343.51 343.51 346.6143 346.98 346.98 346.4289 357.15 357.15 357.15 391.0309 390.71 390.71 388.0499 439.8 439.8 439.8 541.5639 540.6 540.6 538.5809 577.86
351.5 351.5 339.678 339.79 339.79 336.7304 336.37 336.37 336.37 338.0459 338.03 338.03 339.8729 340.09 340.09 340.09 342.9874 342.96 342.96 343.1085 340.22 340.22 340.22 324.5919 324.74 324.74 325.076 318.54 318.54 318.54 323.9815 323.93 323.93 323.6764 328.61 328.61 328.61 328.9633 328.96 328.96 328.6918 333.91 333.91 333.91 346.1055 345.99 345.99 346.1146 343.69 343.69 343.69 342.4465 342.3 342.3 342.2344 343.51 343.51 343.51 346.6143 346.98 346.98 346.4289 357.15 357.15 357.15 391.0309 390.71 390.71 388.0499 439.8 439.8 439.8 541.5639 540.6 540.6 538.5809 577.86
376.5 376.5 370.5335 370.59 370.59 366.1616 365.64 365.64 365.64 364.6708 364.68 364.68 355.5638 354.49 354.49 354.49 338.18 338.18 338.18 338.3658 340.2723 340.22 340.22 324.5919 324.74 324.74 325.076 318.54 318.54 318.54 323.9815 323.93 323.93 323.6764 328.61 328.61 328.61 328.9633 328.96 328.96 328.6918 333.91 333.91 333.91 346.1055 345.99 345.99 343.9324 343.69 343.69 343.69 342.4465 342.3 342.3 342.2344 343.51 343.51 343.51 346.6143 346.98 346.98 346.4289 357.15 357.15 357.15 391.0309 390.71 390.71 388.0499 439.8 439.8 439.8 541.5639 540.6 540.6 538.5809 577.86
376.5 376.5 370.5335 370.59 370.59 366.1616 365.64 365.64 365.64 364.6708 364.68 364.68 355.5638 354.49 354.49 354.49 338.18 338.18 338.18 335.1115 334.75 334.75 334.75 325.7548 325.84 325.84 325.5333 331.5 331.5 331.5 351.2369 351.05 351.05 350.9638 352.64 352.64 352.64 350.7016 350.72 350.72 350.3244 358.02 358.02 358.02 372.9817 372.84 372.84 378.9235 343.3462 343.69 343.69 342.2867 342.3 342.3 342.2344 343.51 343.51 343.51 346.6143 346.98 346.98 346.4289 357.15 357.15 357.15 391.0309 390.71 390.71 388.0499 439.8 439.8 439.8 541.5639 540.6 540.6 538.5809 577.86
376.5 376.5 370.5335 370.59 370.59 366.1616 365.64 365.64 365.64 364.6708 364.68 364.68 355.5638 354.49 354.49 354.49 338.18 338.18 338.18 335.1115 334.75 334.75 335.2328 325.84 325.84 325.84 325.5333 331.5 331.5 331.5 351.2369 351.05 351.05 350.9638 352.64 352.64 352.64 350.7016 350.72 350.72 350.3244 358.02 358.02 358.02 372.9817 372.84 372.84 378.9235 379.64 379.64 379.64 383.1028 383.07 383.07 383.0253 383.02 383.02 383.02 382.5458 382.49 382.49 382.3583 384.92 384.92 384.92 413.3392 413.07 413.07 410.0778 468.29 468.29 468.29 616.1707 614.77 614.77 603.4167 824.29
376.5 376.5 370.5335 370.59 370.59 366.1616 365.64 365.64 365.64 364.6708 364.68 364.68 355.5638 354.49 354.49 354.49 338.18 338.18 338.18 335.1115 334.75 334.75 335.2328 325.84 325.84 325.84 330.9036 331.5 331.5 331.5 351.2369 351.05 351.05 350.9638 352.64 352.64 352.64 350.7016 350.72 350.72 350.3244 358.02 358.02 358.02 372.9817 372.84 372.84 378.9235 379.64 379.64 379.64 383.1028 383.07 383.07 383.0253 383.02 383.02 383.02 382.4849 382.49 382.49 382.3583 384.92 384.92 384.92 413.3392 413.07 413.07 410.0778 468.29 468.29 468.29 616.1707 614.77 614.77 603.4167 824.29
360.95 360.95 374.0642 373.94 373.94 397.6654 365.307 365.64 365.64 364.6708 364.68 364.68 355.5638 354.49 354.49 354.49 338.18 338.18 338.18 335.1115 334.75 334.75 335.2328 325.84 325.84 325.84 330.9036 331.5 331.5 330.4406 351.05 351.05 351.05 350.9638 352.64 352.64 352.64 350.7016 350.72 350.72 350.3244 358.02 358.02 358.02 372.9817 372.84 372.84 378.9235 379.64 379.64 379.64 383.1028 383.07 383.07 383.0253 383.02 383.02 383.02 382.4849 382.49 382.49 384.6639 384.92 384.92 384.92 413.3392 413.07 413.07 410.0778 468.29 468.29 468.29 616.1707 614.77 614.77 603.4167 824.29
360.95 360.2461 373.94 373.94 373.94 397.6654 400.46 400.46 400.46 401.6715 401.66 401.66 366.7965 362.69 362.69 362.69 332.92 332.92 332.92 335.6486 335.97 335.97 335.7939 339.22 339.22 339.22 348.9714 350.12 350.12 348.5924 378.31 378.31 353.9225 352.4725 352.64 352.64 352.64 350.7016 350.72 350.72 350.3244 358.02 358.02 358.02 372.9817 372.84 372.84 378.9235 379.64 379.64 379.64 383.1028 383.07 383.07 383.0253 383.02 383.02 383.02 382.4849 382.49 382.49 384.6639 384.92 384.92 384.92 413.07 413.07 413.07 410.0778 468.29 468.29 468.29 616.1707 614.77 614.77 603.4167 824.29
360.95 360.2461 373.94 373.94 373.94 400.7136 400.46 400.46 400.46 401.6715 401.66 401.66 366.7965 362.69 362.69 362.69 332.92 332.92 332.92 335.6486 335.97 335.97 335.7939 339.22 339.22 339.22 348.9714 350.12 350.12 348.5924 378.31 378.31 378.31 373.0049 372.38 372.38 372.4494 371.1 371.1 371.1 370.5153 381.89 381.89 381.89 383.4044 383.39 383.39 393.6871 394.9 394.9 394.9 408.1656 408.04 408.04 413.3988 414.03 414.03 414.03 408.114 408.17 408.17 417.7415 384.92 384.92 384.92 413.07 413.07 413.07 462.4712 468.29 468.29 468.29 616.1707 614.77 614.77 603.4167 824.29
360.95 360.2461 373.94 373.94 373.94 400.7136 400.46 400.46 400.395 401.66 401.66 401.66 366.7965 362.69 362.69 362.69 332.92 332.92 332.92 335.6486 335.97 335.97 335.7939 339.22 339.22 339.22 348.9714 350.12 350.12 348.5924 378.31 378.31 378.31 373.0049 372.38 372.38 372.4494 371.1 371.1 371.1 380.753 381.89 381.89 381.89 383.4044 383.39 383.39 393.6871 394.9 394.9 394.9 408.1656 408.04 408.04 413.3988 414.03 414.03 414.03 408.114 408.17 408.17 416.0069 416.93 416.93 416.93 432.74 432.74 432.74 474.8053 479.76 479.76 474.8625 570.14 570.14 570.14 563.321 695.98
360.95 360.2461 373.94 373.94 373.94 400.7136 400.46 400.46 400.395 401.66 401.66 401.66 362.3174 362.69 362.69 362.69 332.92 332.92 332.92 335.6486 335.97 335.97 335.7939 339.22 339.22 339.22 348.9714 350.12 350.12 348.5924 378.31 378.31 378.31 373.0049 372.38 372.38 372.4494 371.1 371.1 371.1 380.753 381.89 381.89 381.8087 383.39 383.39 383.39 393.6871 394.9 394.9 394.9 408.1656 408.04 408.04 413.3988 414.03 414.03 414.03 408.114 408.17 408.17 416.0069 416.93 416.93 416.93 432.74 432.74 432.74 474.8053 479.76 479.76 474.8625 570.14 570.14 570.14 563.321 695.98
348.85 348.9557 346.9 346.9 346.9 370.0795 369.86 369.86 369.7912 371.13 371.13 371.13 349.7172 349.92 349.92 350.7144 335.26 333.1666 332.92 335.6486 335.97 335.97 335.7939 339.22 339.22 339.22 348.9714 350.12 350.12 348.5924 378.31 378.31 378.31 373.0049 372.38 372.38 372.4494 371.1 371.1 371.1 380.753 381.89 381.89 381.8087 383.39 383.39 383.39 395.0101 394.9 394.9 394.9 408.1656 408.04 408.04 413.3988 414.03 414.03 414.03 408.114 408.17 408.17 416.0069 416.93 416.93 416.93 432.74 432.74 432.74 474.8053 479.76 479.76 474.8625 570.14 570.14 570.14 682.7196 695.98
348.85 348.9557 346.9 346.9 346.9 370.0795 369.86 369.86 369.7912 371.13 371.13 371.13 349.7172 349.92 349.92 350.7144 335.26 335.26 335.26 340.853 340.8 340.8 340.3594 348.93 348.93 348.93 357.3126 358.3 358.3 356.8293 385.44 385.44 385.44 394.6189 395.7 395.7 395.8918 392.16 392.16 392.16 407.1181 408.88 408.88 408.7949 410.45 386.2415 383.39 395.0101 394.9 394.9 394.9 408.1656 408.04 408.04 413.3988 414.03 414.03 414.03 408.114 408.17 408.17 416.0069 416.93 416.93 416.93 432.74 432.74 432.74 474.8053 479.76 479.76 474.8625 570.14 570.14 570.14 682.7196 695.98
348.85 348.9557 346.9 346.9 346.9 370.0795 369.86 369.86 369.7912 371.13 371.13 371.13 349.7172 349.92 349.92 350.7144 335.26 335.26 335.26 340.853 340.8 340.8 348.0733 348.93 348.93 348.93 357.3126 358.3 358.3 356.8293 385.44 385.44 385.44 394.6189 395.7 395.7 395.8918 392.16 392.16 392.16 407.1181 408.88 408.88 408.7949 410.45 410.45 410.45 414.3065 414.27 414.27 413.9113 420.89 420.89 420.89 419.7538 419.62 419.62 419.62 430.9776 430.87 430.87 455.4006 458.29 458.29 458.29 458.27 458.27 458.27 499.548 504.41 504.41 495.8278 662.79 662.79 662.79 841.2856 871.323
348.85 348.9557 346.9 346.9 346.9 370.0795 369.86 369.86 369.7912 371.13 371.13 371.13 349.7172 349.92 349.92 350.7144 335.26 335.26 335.26 340.853 340.8 340.8 348.0733 348.93 348.93 348.93 358.3896 358.3 358.3 356.8293 385.44 385.44 385.44 394.6189 395.7 395.7 395.8918 392.16 392.16 392.16 407.1181 408.88 408.88 408.7949 410.45 410.45 410.45 414.3065 414.27 414.27 413.9113 420.89 420.89 420.89 419.6078 419.62 419.62 419.62 430.9776 430.87 430.87 455.4006 458.29 458.29 458.29 458.27 458.27 458.27 499.548 504.41 504.41 495.8278 662.79 662.79 662.79 841.2856 862.31
348.85 347.1055 346.9 346.9 346.9 370.0795 369.86 369.86 369.7912 371.13 371.13 371.13 349.7172 349.92 349.92 350.7144 335.26 335.26 335.26 340.853 340.8 340.8 348.0733 348.93 348.93 348.93 358.3896 358.3 358.3 382.5801 385.44 385.44 385.44 394.6189 395.7 395.7 395.8918 392.16 392.16 392.16 407.1181 408.88 408.88 408.7949 410.45 410.45 410.45 414.3065 414.27 414.27 413.9113 420.89 420.89 420.89 419.6078 419.62 419.62 419.0104 430.87 430.87 430.87 455.4006 458.29 458.29 458.29 458.27 458.27 458.27 499.548 504.41 504.41 495.8278 662.79 662.79 662.79 841.2856 862.31
331.68 330.186 330.01 330.01 329.3451 342.28 342.28 342.28 342.0752 346.06 346.06 346.06 337.3677 337.45 337.45 337.21 341.88 341.88 341.88 349.5224 349.9187 340.8 348.0733 348.93 348.93 348.93 358.3896 358.3 358.3 382.5801 385.44 385.44 385.44 394.6189 395.7 395.7 395.8918 392.16 392.16 392.16 407.1181 408.88 408.88 408.7949 410.45 410.45 410.45 414.3065 414.27 414.27 413.9113 420.89 420.89 420.89 419.6078 419.62 419.62 419.0104 430.87 430.87 430.87 458.5522 458.29 458.29 458.29 458.27 458.27 458.27 499.548 504.41 504.41 495.8278 662.79 662.79 662.79 841.2856 862.31
331.68 330.186 330.01 330.01 329.3451 342.28 342.28 342.28 345.6617 346.06 346.06 346.06 337.3677 337.45 337.45 337.21 341.88 341.88 341.88 349.5224 349.45 349.45 361.4201 362.83 362.83 362.83 369.7455 369.68 369.68 375.674 376.38 376.38 376.38 398.873 398.66 398.66 412.4014 414.02 414.02 414.02 416.8023 417.13 417.13 416.2018 434.26 434.26 434.26 455.8344 455.63 455.63 456.0836 447.26 447.26 447.26 434.6708 434.79 434.79 433.2749 462.75 430.87 430.87 458.5522 458.29 458.29 458.29 458.27 458.27 458.27 499.548 504.41 504.41 495.8278 662.79 662.79 662.79 841.2856 862.31
331.68 330.186 330.01 330.01 329.3451 342.28 342.28 342.28 345.6617 346.06 346.06 346.5266 337.45 337.45 337.45 337.21 341.88 341.88 341.88 349.5224 349.45 349.45 361.4201 362.83 362.83 362.83 369.7455 369.68 369.68 375.674 376.38 376.38 376.38 398.873 398.66 398.66 412.4014 414.02 414.02 414.02 416.8023 417.13 417.13 416.2018 434.26 434.26 434.26 455.8344 455.63 455.63 456.0836 447.26 447.26 447.26 434.6708 434.79 434.79 433.2749 462.75 462.75 462.75 495.1166 494.81 494.81 496.35 466.39 466.39 466.39 474.3969 475.34 475.34 467.7109 616.13 616.13 616.13 841.0656 867.56
331.68 330.186 330.01 330.01 329.3451 342.28 342.28 342.28 345.6617 346.06 346.06 346.5266 337.45 337.45 337.45 341.4132 341.88 341.88 341.88 349.5224 349.45 349.45 361.4201 362.83 362.83 362.83 369.7455 369.68 369.68 375.674 376.38 376.38 376.38 398.873 398.66 398.66 412.4014 414.02 414.02 414.02 417.1598 417.13 417.13 416.2018 434.26 434.26 434.26 455.8344 455.63 455.63 456.0836 447.26 447.26 447.26 434.6708 434.79 434.79 433.2749 462.75 462.75 462.75 495.1166 494.81 494.81 496.35 466.39 466.39 466.39 475.4256 475.34 475.34 467.7109 616.13 616.13 616.13 841.0656 867.56
333.36 333.0379 333 333 332.2191 347.41 342.8206 342.28 345.6617 346.06 346.06 346.5266 337.45 337.45 337.45 341.4132 341.88 341.88 341.88 349.5224 349.45 349.45 361.4201 362.83 362.83 362.83 369.7455 369.68 369.68 375.674 376.38 376.38 376.38 398.873 398.66 398.66 412.4014 414.02 414.02 414.02 417.1598 417.13 417.13 432.4549 434.26 434.26 434.26 455.8344 455.63 455.63 456.0836 447.26 447.26 447.26 434.6708 434.79 434.79 433.2749 462.75 462.75 462.75 495.1166 494.81 494.81 496.35 466.39 466.39 466.39 475.4256 475.34 475.34 601.2943 616.13 616.13 616.13 841.0656 867.56
333.36 333.0379 333 333 332.2191 347.41 347.41 347.41 355.5243 356.48 356.48 356.9254 348.26 348.26 348.26 348.9846 349.07 349.07 348.5948 357.84 357.84 357.84 373.7554 375.63 375.63 375.63 395.1348 394.95 394.95 415.75 418.2 418.2 418.2 398.4731 398.66 398.66 412.4014 414.02 414.02 414.02 417.1598 417.13 417.13 432.4549 434.26 434.26 434.26 455.63 455.63 455.63 456.0836 447.26 447.26 447.26 434.6708 434.79 434.79 433.2749 462.75 462.75 462.75 495.1166 494.81 494.81 496.35 466.39 466.39 466.39 475.4256 475.34 475.34 601.2943 616.13 616.13 616.13 841.0656 867.56
333.36 333.0379 333 333 332.2191 347.41 347.41 347.41 355.5243 356.48 356.48 356.9254 348.26 348.26 348.26 348.9846 349.07 349.07 348.5948 357.84 357.84 357.84 375.8001 375.63 375.63 375.63 395.1348 394.95 394.95 415.75 418.2 418.2 418.2 432.4247 432.29 432.29 437.4878 438.1 438.1 438.1 457.9985 457.81 457.81 480.3188 482.97 482.97 482.97 486.68 486.68 486.68 487.1216 478.53 478.53 478.53 478.5199 478.52 478.52 477.7668 492.42 492.42 492.42 492.5714 492.4486 494.81 496.35 466.39 466.39 466.39 475.4256 475.34 475.34 601.2943 616.13 616.13 616.13 869.9643 867.56
333.36 332.9966 333 333 332.2191 347.41 347.41 347.41 355.5243 356.48 356.48 356.9254 348.26 348.26 348.26 348.9846 349.07 349.07 348.5948 357.84 357.84 357.84 375.8001 375.63 375.63 374.5831 394.95 394.95 394.95 415.75 418.2 418.2 418.2 432.4247 432.29 432.29 437.4878 438.1 438.1 438.1 457.9985 457.81 457.81 480.3188 482.97 482.97 482.97 486.68 486.68 486.68 479.3888 478.53 478.53 478.53 478.5199 478.52 478.52 477.7668 492.42 492.42 492.42 492.5714 492.57 492.57 494.414 458.54 458.54 458.54 466.0007 465.93 465.93 601.5193 617.49 617.49 617.49 746.6534 745.43
333.36 332.9966 333 333 345.8915 347.41 347.41 347.41 355.5243 356.48 356.48 356.9254 348.26 348.26 348.26 348.9846 349.07 349.07 348.5948 357.84 357.84 357.84 375.8001 375.63 375.63 374.5831 394.95 394.95 394.95 418.4223 418.2 418.2 418.2 432.4247 432.29 432.29 437.4878 438.1 438.1 438.1 457.9985 457.81 457.81 480.3188 482.97 482.97 482.97 486.68 486.68 486.68 479.3888 478.53 478.53 478.5305 478.52 478.52 478.52 477.7668 492.42 492.42 492.42 492.5714 492.57 492.57 494.414 458.54 458.54 458.54 466.0007 465.93 465.93 601.5193 617.49 617.49 617.49 746.6534 745.43
337.74 344.4435 344.38 344.38 350.3382 351.04 351.04 351.04 356.1036 356.7 356.7 357.4462 342.93 342.93 342.93 352.5025 353.63 353.63 348.5512 357.84 357.84 357.84 375.8001 375.63 375.63 374.5831 394.95 394.95 394.95 418.4223 418.2 418.2 418.2 432.4247 432.29 432.29 437.4878 438.1 438.1 438.1 457.9985 457.81 457.81 480.3188 482.97 482.97 482.97 486.68 486.68 486.68 479.3888 478.53 478.53 478.5305 478.52 478.52 478.52 490.9553 492.42 492.42 492.42 492.5714 492.57 492.57 494.414 458.54 458.54 458.54 466.0007 465.93 465.93 601.5193 617.49 617.49 617.49 746.6534 745.43
