Model and model input files/precip_1989.asc
ncols         625
nrows         453
xllcorner     138621.56993419
yllcorner     4094031.9406744
cellsize      1000
NODATA_value  -9999
[rows 34 to 67 of 453, columns 154 to 230 of 625]
554.23 628.2692 636.99 636.99 636.99 788.1417 786.71 786.71 882.1039 893.34 893.34 893.34 718.3603 697.75 697.75 699.5355 664.8 664.8 664.8 635.3207 635.6 635.6 638.8913 574.86 574.86 574.86 566.8945 566.97 566.97 553.1949 821.18 821.18 821.18 872.486 872 872 872 610.3416 612.82 612.82 517.623 506.41 506.41 506.41 483.54 483.54 483.54 469.3602 467.69 467.69 468.9596 444.26 444.26 444.26 571.6904 586.7 586.7 573.165 836.48 836.48 836.48 1224.953 1270.71 1270.71 1270.71 1474.298 1472.37 1472.37 1217.241 -9999 -9999 -9999 -9999 -9999 -9999 -9999 -9999
541.5481 628.2692 636.99 636.99 636.99 788.1417 786.71 786.71 882.1039 893.34 893.34 893.34 718.3603 697.75 697.75 699.5355 664.8 664.8 664.8 635.3207 635.6 635.6 638.8913 574.86 574.86 574.86 566.8945 566.97 566.97 553.1949 821.18 821.18 821.18 872.486 872 872 886.0443 612.82 612.82 612.82 517.623 506.41 506.41 506.41 483.54 483.54 483.54 469.3602 467.69 467.69 468.9596 444.26 444.26 444.26 571.6904 586.7 586.7 573.165 836.48 836.48 836.48 1224.953 1270.71 1270.71 1270.71 1474.298 1472.37 1472.37 1217.241 -9999 -9999 -9999 -9999 -9999 -9999 -9999 -9999
433.88 466.0865 469.88 469.88 469.88 529.8985 529.33 529.33 547.2672 549.38 549.38 549.38 528.1994 528.4 528.4 528.7658 521.65 521.65 521.65 536.7127 536.57 536.57 531.3881 632.2 632.2 632.2 639.2165 639.15 639.15 633.8342 737.25 737.25 737.25 668.519 669.17 669.17 674.6099 568.78 612.82 612.82 517.623 506.41 506.41 506.41 483.54 483.54 483.54 469.3602 467.69 467.69 468.9596 444.26 444.26 444.26 571.6904 586.7 586.7 573.165 836.48 836.48 836.48 1224.953 1270.71 1270.71 1259.782 1472.37 1472.37 1472.37 1217.241 -9999 -9999 -9999 -9999 -9999 -9999 -9999 -9999
433.88 466.0865 469.88 469.88 469.88 529.8985 529.33 529.33 547.2672 549.38 549.38 549.38 528.1994 528.4 528.4 528.7658 521.65 521.65 521.65 536.7127 536.57 536.57 531.3881 632.2 632.2 632.2 639.2165 639.15 639.15 633.8342 737.25 737.25 737.25 668.519 669.17 669.17 674.6099 568.78 568.78 568.78 435.2149 436.48 436.48 436.48 404.37 404.37 404.37 454.138 460 460 455.1215 550.03 550.03 550.03 838.2692 872.22 872.22 848.8066 1304.3 1304.3 1304.3 1441.375 1457.52 1457.52 1457.963 1449.35 1449.35 1449.35 1138.405 -9999 -9999 -9999 -9999 -9999 -9999 -9999 -9999
433.88 466.0865 469.88 469.88 469.88 529.8985 529.33 529.33 547.2672 549.38 549.38 549.38 528.1994 528.4 528.4 522.3613 521.65 521.65 521.65 536.7127 536.57 536.57 531.3881 632.2 632.2 632.2 639.2165 639.15 639.15 633.8342 737.25 737.25 737.25 668.519 669.17 669.17 674.6099 568.78 568.78 568.78 435.2149 436.48 436.48 436.48 404.37 404.37 404.37 454.138 460 460 455.1215 550.03 550.03 550.03 838.2692 872.22 872.22 848.8066 1304.3 1304.3 1304.3 1441.375 1457.52 1457.52 1457.963 1449.35 1449.35 1449.35 1098.456 -9999 -9999 -9999 -9999 -9999 -9999 -9999 -9999
433.88 466.0865 469.88 469.88 469.88 529.8985 529.33 529.33 547.2672 549.38 549.38 549.38 528.1994 528.4 528.4 522.3613 521.65 521.65 521.65 536.57 536.57 536.57 531.3881 632.2 632.2 632.2 639.2165 639.15 639.15 633.8342 737.25 737.25 737.25 668.519 669.17 669.17 674.6099 568.78 568.78 568.78 435.2149 436.48 436.48 438.22 404.37 404.37 404.37 454.138 460 460 455.1215 550.03 550.03 550.03 838.2692 872.22 872.22 848.8066 1304.3 1304.3 1304.3 1441.375 1457.52 1457.52 1457.963 1449.35 1449.35 1449.35 1098.456 -9999 -9999 -9999 -9999 -9999 -9999 -9999 -9999
365.15 408.1099 413.17 413.17 413.17 432.7151 432.53 432.53 457.7853 460.76 460.76 460.76 458.9327 458.95 458.95 472.3783 516.6247 521.65 521.65 536.57 536.57 536.57 531.3881 632.2 632.2 632.2 639.2165 639.15 639.15 633.8342 737.25 737.25 737.25 668.519 669.17 669.17 674.6099 568.78 568.78 568.78 435.2149 436.48 436.48 438.22 404.37 404.37 404.37 454.138 460 460 455.1215 550.03 550.03 550.03 838.2692 872.22 872.22 848.8066 1304.3 1304.3 1304.3 1441.375 1457.52 1457.52 1457.963 1449.35 1449.35 1449.35 1098.456 -9999 -9999 -9999 -9999 -9999 -9999 -9999 -9999
365.15 408.1099 413.17 413.17 413.17 432.7151 432.53 432.53 457.7853 460.76 460.76 460.76 458.9327 458.95 458.95 472.3783 473.96 473.96 473.96 508.15 508.15 508.15 573.1087 580.76 580.76 580.76 728.0754 726.68 726.68 725.5404 747.71 747.71 747.71 525.7173 527.82 527.82 529.5329 496.21 496.21 496.21 444.9444 445.43 445.43 443.114 488.17 488.17 488.17 533.3984 532.97 532.97 523.3528 710.45 710.45 710.45 1070.859 1113.31 1113.31 1102.961 1304.3 1304.3 1304.3 1441.375 1457.52 1457.52 1457.963 1449.35 1449.35 1449.35 1098.456 -9999 -9999 -9999 -9999 -9999 -9999 -9999 -9999
365.15 408.1099 413.17 413.17 413.17 432.7151 432.53 432.53 457.7853 460.76 460.76 460.76 458.9327 458.95 458.95 472.3783 473.96 473.96 473.96 508.15 508.15 508.15 573.1087 580.76 580.76 580.76 728.0754 726.68 726.68 725.5404 747.71 747.71 747.71 525.7173 527.82 527.82 529.5329 496.21 496.21 496.21 444.9444 445.43 445.43 443.114 488.17 488.17 488.17 533.3984 532.97 532.97 523.3528 710.45 710.45 710.45 1070.859 1113.31 1113.31 1092.112 1504.5 1504.5 1504.5 1635.572 1651.01 1651.01 1658.601 1510.93 1510.93 1510.93 1183.065 -9999 -9999 -9999 -9999 -9999 -9999 -9999 -9999
365.15 413.6292 413.17 413.17 413.17 432.7151 432.53 432.53 457.7853 460.76 460.76 460.76 458.9327 458.95 458.95 472.3783 473.96 473.96 473.96 508.15 508.15 508.15 573.1087 580.76 580.76 572.853 726.68 726.68 726.68 725.5404 747.71 747.71 747.71 525.7173 527.82 527.82 529.5329 496.21 496.21 496.21 444.9444 445.43 445.43 443.114 488.17 488.17 488.17 533.3984 532.97 532.97 691.748 710.45 710.45 710.45 1070.859 1113.31 1113.31 1092.112 1504.5 1504.5 1504.5 1635.572 1651.01 1651.01 1658.601 1510.93 1510.93 1510.93 1183.065 -9999 -9999 -9999 -9999 -9999 -9999 -9999 -9999
365.15 413.6292 413.17 413.17 412.1209 432.53 432.53 432.53 457.7853 460.76 460.76 460.76 458.9327 458.95 458.95 472.3783 473.96 473.96 473.96 508.15 508.15 508.15 573.1087 580.76 580.76 572.853 726.68 726.68 726.68 725.5404 747.71 747.71 747.71 525.7173 527.82 527.82 529.5329 496.21 496.21 496.21 444.9444 445.43 445.43 443.114 488.17 488.17 488.17 533.3984 532.97 532.97 691.748 710.45 710.45 710.45 1070.859 1113.31 1113.31 1092.112 1504.5 1504.5 1504.5 1635.572 1651.01 1651.01 1658.601 1510.93 1510.93 1510.93 1183.065 -9999 -9999 -9999 -9999 -9999 -9999 -9999 -9999
340.78 381.4452 381.06 381.06 379.2957 413.62 413.62 413.62 425.3932 426.78 426.78 426.78 431.7672 431.72 431.72 434.7259 435.08 435.08 435.08 468.31 468.31 468.31 512.9697 518.23 518.23 512.7083 620.13 620.13 620.13 575.8192 570.6 570.6 570.6 468.8159 528.375 527.82 529.5329 496.21 496.21 496.21 444.9444 445.43 445.43 443.114 488.17 488.17 488.17 533.3984 532.97 532.97 691.748 710.45 710.45 710.45 1117.162 1113.31 1113.31 1092.112 1504.5 1504.5 1504.5 1635.572 1651.01 1651.01 1658.601 1510.93 1510.93 1510.93 1183.065 -9999 -9999 -9999 -9999 -9999 -9999 -9999 -9999
340.78 381.4452 381.06 381.06 379.2957 413.62 413.62 413.62 426.9059 426.78 426.78 426.78 431.7672 431.72 431.72 434.7259 435.08 435.08 435.08 468.31 468.31 468.31 512.9697 518.23 518.23 512.7083 620.13 620.13 620.13 575.8192 570.6 570.6 570.6 468.8159 469.78 469.78 470.3175 459.86 459.86 459.86 442.1422 442.31 442.31 439.1893 499.9 499.9 499.9 560.1507 559.58 559.58 752.4969 775.22 775.22 775.22 1038.362 1035.87 1035.87 1017.19 1380.59 1380.59 1380.59 1561.376 1582.67 1582.67 1588.038 1483.61 1483.61 1483.61 1064.51 -9999 -9999 -9999 -9999 -9999 -9999 -9999 -9999
340.78 381.4452 381.06 381.06 379.2957 413.62 413.62 413.62 426.9059 426.78 426.78 426.78 431.7672 431.72 431.72 434.7259 435.08 435.08 435.08 468.31 468.31 468.31 512.9697 518.23 518.23 512.7083 620.13 620.13 620.13 575.8192 570.6 570.6 576.0632 469.78 469.78 469.78 470.3175 459.86 459.86 459.86 442.1422 442.31 442.31 439.1893 499.9 499.9 499.9 560.1507 559.58 559.58 752.4969 775.22 775.22 775.22 1038.362 1035.87 1035.87 1344.265 1380.59 1380.59 1380.59 1561.376 1582.67 1582.67 1588.038 1483.61 1483.61 1483.61 1064.51 -9999 -9999 -9999 -9999 -9999 -9999 -9999 -9999
340.78 381.4452 381.06 381.06 379.2957 413.62 413.62 413.62 426.9059 426.78 426.78 426.5123 431.72 431.72 431.72 434.7259 435.08 435.08 435.08 468.31 468.31 468.31 512.9697 518.23 518.23 512.7083 620.13 620.13 620.13 575.8192 570.6 570.6 576.0632 469.78 469.78 469.78 470.3175 459.86 459.86 459.86 442.1422 442.31 442.31 439.1893 499.9 499.9 499.9 560.1507 559.58 559.58 752.4969 775.22 775.22 775.22 1038.362 1035.87 1035.87 1344.265 1380.59 1380.59 1380.59 1561.376 1582.67 1582.67 1588.038 1483.61 1483.61 1483.61 1064.51 -9999 -9999 -9999 -9999 -9999 -9999 -9999 -9999
334.37 381.5065 381.06 381.06 379.2957 413.62 413.62 413.62 426.9059 426.78 426.78 426.5123 431.72 431.72 431.72 434.7259 435.08 435.08 435.08 468.31 468.31 468.31 512.9697 518.23 518.23 512.7083 620.13 620.13 620.13 575.8192 570.6 570.6 576.0632 469.78 469.78 469.78 460.9053 459.86 459.86 459.86 442.1422 442.31 442.31 439.1893 499.9 499.9 499.9 560.1507 559.58 559.58 752.4969 775.22 775.22 775.22 1038.362 1035.87 1035.87 1344.265 1380.59 1380.59 1380.59 1561.376 1582.67 1582.67 1588.038 1483.61 1483.61 1483.61 1064.51 -9999 -9999 -9999 -9999 -9999 -9999 -9999 -9999
334.37 384.0607 383.59 383.59 382.8948 396.42 396.42 396.42 427.6255 427.33 427.33 426.6434 440 440 440 458.2731 458.1 458.1 458.1 470.06 470.06 470.06 525.6788 532.23 532.23 527.0415 627.98 627.98 627.98 581.8174 576.38 576.38 579.8123 513.04 513.04 513.04 487.8652 484.9 484.9 484.9 484.3952 484.4 484.4 485.0004 473.32 473.32 473.32 554.6706 553.9 553.9 773.5126 799.38 799.38 800.6891 1038.362 1035.87 1035.87 1344.265 1380.59 1380.59 1380.59 1584.602 1582.67 1582.67 1588.038 1483.61 1483.61 1483.61 1064.51 -9999 -9999 -9999 -9999 -9999 -9999 -9999 -9999
334.37 384.0607 383.59 383.59 382.8948 396.42 396.42 396.42 427.6255 427.33 427.33 426.6434 440 440 440 458.2731 458.1 458.1 458.1 470.06 470.06 470.06 525.6788 532.23 532.23 527.0415 627.98 627.98 627.98 581.8174 576.38 576.38 579.8123 513.04 513.04 513.04 487.8652 484.9 484.9 484.9271 484.4 484.4 484.4 485.0004 473.32 473.32 473.32 554.6706 553.9 553.9 773.5126 799.38 799.38 799.38 1090.497 1087.74 1087.74 1284.889 1308.11 1308.11 1308.11 1450.771 1449.42 1449.42 1468.917 1089.62 1089.62 1089.62 745.1573 -9999 -9999 -9999 -9999 -9999 -9999 -9999 -9999
334.37 384.0607 383.59 383.59 382.8948 396.42 396.42 396.42 427.6255 427.33 427.33 426.6434 440 440 440 458.2731 458.1 458.1 457.4519 470.06 470.06 470.06 525.6788 532.23 532.23 527.0415 627.98 627.98 627.98 581.8174 576.38 576.38 579.8123 513.04 513.04 513.04 487.8652 484.9 484.9 484.9271 484.4 484.4 484.4 485.0004 473.32 473.32 473.32 554.6706 553.9 553.9 773.5126 799.38 799.38 799.38 1090.497 1087.74 1087.74 1284.889 1308.11 1308.11 1308.11 1450.771 1449.42 1449.42 1127.534 1089.62 1089.62 1089.62 745.1573 -9999 -9999 -9999 -9999 -9999 -9999 -9999 -9999
334.37 384.0607 383.59 383.59 382.8948 396.42 396.42 396.42 427.6255 427.33 427.33 426.6434 440 440 440 458.2731 458.1 458.1 457.4519 470.06 470.06 470.06 525.6788 532.23 532.23 527.0415 627.98 627.98 627.98 581.8174 576.38 576.38 579.8123 513.04 513.04 513.04 487.8652 484.9 484.9 484.9271 484.4 484.4 484.4 474.4875 473.32 473.32 473.32 554.6706 553.9 553.9 773.5126 799.38 799.38 799.38 1090.497 1087.74 1087.74 1284.889 1308.11 1308.11 1308.11 1450.771 1449.42 1449.42 1127.534 1089.62 1089.62 1089.62 745.1573 -9999 -9999 -9999 -9999 -9999 -9999 -9999 -9999
321.95 344.35 344.35 344.35 340.9243 407.57 407.57 407.57 459.8653 459.37 459.37 458.6396 472.85 472.85 472.85 468.0647 468.11 468.6524 457.4519 470.06 470.06 470.06 532.8245 532.23 532.23 527.0415 627.98 627.98 627.98 581.8174 576.38 576.38 579.8123 513.04 513.04 513.04 487.8652 484.9 484.9 484.9271 484.4 484.4 484.4 474.4875 473.32 473.32 473.32 554.6706 553.9 553.9 773.5126 799.38 799.38 799.38 1090.497 1087.74 1087.74 1284.889 1308.11 1308.11 1308.11 1450.771 1449.42 1449.42 1127.534 1089.62 1089.62 1089.62 745.1573 -9999 -9999 -9999 -9999 -9999 -9999 -9999 -9999
321.95 344.35 344.35 344.35 340.9243 407.57 407.57 407.57 459.8653 459.37 459.37 458.6396 472.85 472.85 472.85 468.0647 468.11 468.11 469.1656 448.63 448.63 448.63 482.4503 482.13 482.13 478.7525 544.46 544.46 544.46 566.9867 569.64 569.64 569.899 564.86 564.86 564.86 505.0543 498.01 498.01 498.5638 487.79 487.79 487.79 478.2265 477.1 477.1 477.1 515.3826 515.02 515.02 624.2448 637.11 637.11 637.11 804.132 802.55 802.55 1040.538 1068.57 1282.868 1308.11 1450.771 1449.42 1449.42 1127.534 1089.62 1089.62 1089.62 748.42 -9999 -9999 -9999 -9999 -9999 -9999 -9999 -9999
321.95 344.35 344.35 344.35 400.9082 407.57 407.57 407.57 459.8653 459.37 459.37 458.6396 472.85 472.85 472.85 468.0647 468.11 468.11 469.1656 448.63 448.63 448.63 482.4503 482.13 482.13 537.892 544.46 544.46 544.46 566.9867 569.64 569.64 569.899 564.86 564.86 564.86 505.0543 498.01 498.01 498.5638 487.79 487.79 487.79 478.2265 477.1 477.1 475.0452 515.02 515.02 515.02 624.2448 637.11 637.11 637.11 804.132 802.55 802.55 1040.538 1068.57 1068.57 1068.57 1322.859 1320.45 1320.45 1207.656 1194.37 1194.37 1194.37 752.71 -9999 -9999 -9999 -9999 -9999 -9999 -9999 -9999
321.95 344.35 344.35 344.35 400.9082 407.57 407.57 407.57 459.8653 459.37 459.37 458.6396 472.85 472.85 472.85 468.0647 468.11 468.11 469.1656 448.63 448.63 448.63 482.4503 482.13 482.13 537.892 544.46 544.46 544.46 566.9867 569.64 569.64 569.899 564.86 564.86 564.86 505.0543 498.01 498.01 498.5638 487.79 487.79 487.79 478.2265 477.1 477.1 475.0452 515.02 515.02 515.02 624.2448 637.11 637.11 637.11 804.132 802.55 802.55 1040.538 1068.57 1068.57 1068.57 1322.859 1320.45 1320.45 1207.656 1194.37 1194.37 1194.37 752.71 -9999 -9999 -9999 -9999 -9999 -9999 -9999 -9999
321.95 344.35 344.35 344.35 400.9082 407.57 407.57 404.7631 459.37 459.37 459.37 458.6396 472.85 472.85 472.85 468.0647 468.11 468.11 469.1656 448.63 448.63 448.63 482.4503 482.13 482.13 537.892 544.46 544.46 544.46 569.8808 569.64 569.64 569.899 564.86 564.86 564.86 505.0543 498.01 498.01 498.5638 487.79 487.79 487.79 478.2265 477.1 477.1 475.0452 515.02 515.02 515.02 638.2775 637.11 637.11 637.11 804.132 802.55 802.55 1040.538 1068.57 1068.57 1068.57 1322.859 1320.45 1320.45 1207.656 1194.37 1194.37 1194.37 752.71 -9999 -9999 -9999 -9999 -9999 -9999 -9999 -9999
331.88 354.56 354.56 354.56 374.4744 376.82 376.82 375.3759 403.47 403.47 403.47 402.3228 424.64 424.64 424.64 414.1607 414.26 414.26 414.4497 410.76 410.76 410.76 429.0634 428.89 428.89 461.338 465.16 465.16 465.16 481.7471 481.59 481.59 481.4236 484.66 484.66 556.4089 505.0543 498.01 498.01 498.5638 487.79 487.79 487.79 478.2265 477.1 477.1 475.0452 515.02 515.02 515.02 638.2775 637.11 637.11 637.11 804.132 802.55 802.55 1040.538 1068.57 1068.57 1068.57 1322.859 1320.45 1320.45 1207.656 1194.37 1194.37 1194.37 752.71 -9999 -9999 -9999 -9999 -9999 -9999 -9999 -9999
331.88 354.56 354.56 354.56 374.4744 376.82 376.82 375.3759 403.47 403.47 403.47 422.4092 424.64 424.64 424.64 414.1607 414.26 414.26 414.4497 410.76 410.76 410.76 429.0634 428.89 428.89 461.338 465.16 465.16 465.16 481.7471 481.59 481.59 484.3365 484.66 484.66 484.66 476.7604 475.83 475.83 476.6498 460.7 460.7 460.7 472.4911 473.88 473.88 472.8093 493.64 493.64 493.64 534.285 533.9 533.9 533.9 677.2074 675.85 675.85 988.8345 1025.7 1025.7 1025.7 1320.018 1317.23 1317.23 1329.433 1330.87 1330.87 1330.87 874.69 -9999 -9999 -9999 -9999 -9999 -9999 -9999 -9999
331.88 354.56 354.56 354.56 374.4744 376.82 376.82 375.3759 403.47 403.47 403.47 422.4092 424.64 424.64 424.64 414.1607 414.26 414.26 414.4497 410.76 410.76 410.76 429.0634 428.89 428.89 461.338 465.16 465.16 465.16 481.7471 481.59 481.59 484.3365 484.66 484.66 484.66 476.7604 475.83 475.83 476.6498 460.7 460.7 460.7 472.4911 473.88 473.88 472.8093 493.64 493.64 493.64 534.285 533.9 533.9 526.2081 675.85 675.85 675.85 988.8345 1025.7 1025.7 1025.7 1320.018 1317.23 1317.23 1329.433 1330.87 1330.87 1330.87 874.69 -9999 -9999 -9999 -9999 -9999 -9999 -9999 -9999
331.88 354.56 354.56 354.56 374.4744 376.82 376.82 375.3759 403.47 403.47 403.47 422.4092 424.64 424.64 425.2025 414.26 414.26 414.26 414.4497 410.76 410.76 410.76 429.0634 428.89 428.89 461.338 465.16 465.16 465.16 481.7471 481.59 481.59 484.3365 484.66 484.66 484.66 475.7455 475.83 475.83 476.6498 460.7 460.7 460.7 472.4911 473.88 473.88 472.8093 493.64 493.64 493.64 534.285 533.9 533.9 526.2081 675.85 675.85 675.85 988.8345 1025.7 1025.7 1025.7 1320.018 1317.23 1317.23 1329.433 1330.87 1330.87 1330.87 874.69 -9999 -9999 -9999 -9999 -9999 -9999 -9999 -9999
424.79 405.49 405.49 405.49 409.2743 409.72 409.72 409.7357 409.43 409.43 409.43 417.8037 418.79 418.79 425.2584 414.26 414.26 414.26 414.4497 410.76 410.76 410.76 429.0634 428.89 428.89 461.338 465.16 465.16 465.16 481.7471 481.59 481.59 484.3365 484.66 484.66 484.66 475.7455 475.83 475.83 476.6498 460.7 460.7 460.7 472.4911 473.88 473.88 472.8093 493.64 493.64 493.64 534.285 533.9 533.9 526.2081 675.85 675.85 675.85 1029.045 1025.7 1025.7 1025.7 1320.018 1317.23 1317.23 1329.433 1330.87 1330.87 1330.87 874.69 -9999 -9999 -9999 -9999 -9999 -9999 -9999 -9999
424.79 405.49 405.49 405.49 409.2743 409.72 409.72 409.7357 409.43 409.43 409.43 417.8037 418.79 418.79 418.8177 418.28 418.28 418.28 423.4688 424.08 424.08 424.08 429.3499 429.3 429.3 431.2592 431.49 431.49 431.49 437.9613 437.9 437.9 444.565 445.35 445.35 445.35 470.6799 470.44 470.44 469.373 490.13 490.13 490.13 513.6139 516.38 516.38 511.2333 611.36 611.36 611.36 546.849 547.46 547.46 544.5729 600.74 667.9352 675.85 1029.045 1025.7 1025.7 1025.7 1320.018 1317.23 1317.23 1329.433 1330.87 1330.87 1330.87 874.69 -9999 -9999 -9999 -9999 -9999 -9999 -9999 -9999
425.8358 405.49 405.49 405.49 409.2743 409.72 409.72 409.7357 409.43 409.43 409.43 417.8037 418.79 418.79 418.8177 418.28 418.28 418.28 423.4688 424.08 424.08 424.08 429.3499 429.3 429.3 431.2592 431.49 431.49 431.49 437.9613 437.9 437.9 444.565 445.35 445.35 445.35 470.6799 470.44 470.44 488.0552 490.13 490.13 490.13 513.6139 516.38 516.38 511.2333 611.36 611.36 611.36 546.849 547.46 547.46 544.5729 600.74 600.74 600.74 1131.427 1126.4 1126.4 1126.4 1446.643 1443.61 1443.61 1413.765 1410.25 1410.25 1410.25 1006.25 -9999 -9999 -9999 -9999 -9999 -9999 -9999 -9999
425.8358 405.49 405.49 405.49 409.2743 409.72 409.72 409.7357 409.43 409.43 409.43 417.8037 418.79 418.79 418.8177 418.28 418.28 418.28 423.4688 424.08 424.08 424.08 429.3499 429.3 429.3 431.2592 431.49 431.49 431.49 437.9613 437.9 437.9 444.565 445.35 445.35 445.35 470.6799 470.44 470.44 488.0552 490.13 490.13 490.13 513.6139 516.38 516.38 511.2333 611.36 611.36 611.36 546.849 547.46 547.46 544.5729 600.74 600.74 600.74 1131.427 1126.4 1126.4 1109.211 1443.61 1443.61 1443.61 1413.765 1410.25 1410.25 1410.25 1006.25 -9999 -9999 -9999 -9999 -9999 -9999 -9999 -9999
425.8358 405.49 405.49 405.49 409.2743 409.72 409.72 409.7357 409.43 409.43 409.43 417.8037 418.79 418.79 418.8177 418.28 418.28 418.28 423.4688 424.08 424.08 423.7971 429.3 429.3 429.3 431.2592 431.49 431.49 431.49 437.9613 437.9 437.9 444.565 445.35 445.35 445.35 470.6799 470.44 470.44 488.0552 490.13 490.13 490.13 513.6139 516.38 516.38 511.2333 611.36 611.36 611.36 546.849 547.46 547.46 544.5729 600.74 600.74 600.74 1131.427 1126.4 1126.4 1109.211 1443.61 1443.61 1443.61 1413.765 1410.25 1410.25 1410.25 1006.25 -9999 -9999 -9999 -9999 -9999 -9999 -9999 -9999
