Model and model input files/precip_1981.asc
ncols         625
nrows         453
xllcorner     138621.56993419
yllcorner     4094031.9406744
cellsize      1000
NODATA_value  -9999
[rows 102 to 135 of 453, columns 77 to 153 of 625]
416.99 416.99 445.914 382.0779 382.68 395.2942 396.78 396.78 396.78 401.8346 402.43 402.43 402.1422 407.74 407.74 407.74 449.4248 449.03 449.03 445.5858 512.59 512.59 512.59 550.379 554.83 554.83 554.83 496.9316 497.48 497.48 511.964 513.67 513.67 513.67 580.9473 580.31 580.31 578.8767 606.76 606.76 606.76 607.3254 607.32 607.32 605.1736 646.93 646.93 646.93 639.7924 639.86 639.86 639.86 802.9952 801.45 801.45 884.2654 894.02 894.02 894.02 886.71 886.71 886.71 981.2451 992.38 992.38 992.38 1288.03 1285.23 1285.23 1287.962 1234.82 1234.82 1234.82 951.8295 954.51 954.51 947.5421
416.99 416.99 445.914 445.64 445.64 410.1771 406 406 406 389.9951 388.11 388.11 387.6602 396.41 396.41 396.41 455.318 454.76 454.76 453.3604 480.59 480.59 480.59 476.2511 475.74 475.74 475.74 459.2033 459.36 457.2943 511.964 513.67 513.67 513.67 580.9473 580.31 580.31 578.8767 606.76 606.76 606.76 607.3254 607.32 607.32 605.1736 646.93 646.93 646.93 639.7924 639.86 639.86 639.86 802.9952 801.45 801.45 884.2654 894.02 894.02 894.02 886.71 886.71 886.71 981.2451 992.38 992.38 976.5112 1285.23 1285.23 1285.23 1287.962 1234.82 1234.82 1234.82 951.8295 954.51 954.51 947.5421
416.99 416.99 445.914 445.64 445.64 410.1771 406 406 406 387.9389 388.11 388.11 387.6602 396.41 396.41 396.41 455.318 454.76 454.76 453.3604 480.59 480.59 480.59 475.6936 475.74 475.74 475.74 459.2033 459.36 459.36 491.4681 495.25 495.25 495.25 558.6808 558.08 558.08 538.6846 536.4 536.4 536.4 554.0472 553.88 553.88 551.3034 601.43 601.43 601.43 618.1281 617.97 617.97 613.9579 692.01 692.01 692.01 889.9905 913.31 913.31 913.31 901.9219 886.71 886.71 981.2451 992.38 992.38 976.5112 1285.23 1285.23 1285.23 1287.962 1234.82 1234.82 1234.82 951.8295 954.51 954.51 947.5421
416.99 416.99 445.914 445.64 445.64 410.1771 406 406 406 387.9389 388.11 388.11 387.6602 396.41 396.41 396.41 455.318 454.76 454.76 453.3604 480.59 480.59 480.59 475.6936 475.74 475.74 475.74 459.2033 459.36 459.36 491.4681 495.25 495.25 495.25 558.6808 558.08 558.08 538.6846 536.4 536.4 536.4 554.0472 553.88 553.88 551.3034 601.43 601.43 601.43 618.1281 617.97 617.97 613.9579 692.01 692.01 692.01 889.9905 913.31 913.31 913.31 901.14 901.14 901.14 938.7053 943.13 943.13 939.4556 1010.94 1010.94 1010.94 1011.162 1006.85 1006.85 1006.85 955.8267 956.31 956.31 949.5496
416.99 416.99 445.914 445.64 445.64 410.1771 406 406 406 387.9389 388.11 388.11 395.5354 396.41 396.41 396.41 455.318 454.76 454.76 453.3604 480.59 480.59 480.59 475.6936 475.74 475.74 476.6276 459.36 459.36 459.36 491.4681 495.25 495.25 495.25 558.6808 558.08 558.08 538.6846 536.4 536.4 536.4 553.88 553.88 553.88 551.3034 601.43 601.43 601.43 618.1281 617.97 617.97 613.9579 692.01 692.01 692.01 915.4262 913.31 913.31 913.31 901.14 901.14 901.14 938.7053 943.13 943.13 939.4556 1010.94 1010.94 1010.94 1007.281 1006.85 1006.85 1006.85 955.8267 956.31 956.31 949.5496
411.51 411.51 425.6842 425.55 425.55 411.0929 409.39 409.39 409.39 478.5955 477.94 477.94 454.2593 451.47 451.47 395.8835 455.318 454.76 454.76 453.3604 480.59 480.59 480.59 475.6936 475.74 475.74 476.6276 459.36 459.36 459.36 491.4681 495.25 495.25 495.25 558.6808 558.08 558.08 538.6846 536.4 536.4 536.4 553.88 553.88 553.88 551.3034 601.43 601.43 601.43 618.1281 617.97 617.97 613.9579 692.01 692.01 692.01 915.4262 913.31 913.31 913.31 901.14 901.14 901.14 938.7053 943.13 943.13 939.4556 1010.94 1010.94 1010.94 1007.281 1006.85 1006.85 1006.85 955.8267 956.31 956.31 949.5496
411.51 410.7492 425.55 425.55 425.55 411.0929 409.39 409.39 409.39 478.5955 477.94 477.94 454.2593 451.47 451.47 451.47 423.8787 424.14 424.14 421.907 465.35 465.35 465.35 433.4478 433.75 433.75 433.3517 441.1 441.1 441.1 481.6265 486.4 486.4 486.4 459.8687 460.12 460.12 443.802 441.88 441.88 441.88 459.21 459.21 554.7853 551.3034 601.43 601.43 601.43 618.1281 617.97 617.97 613.9579 692.01 692.01 692.01 915.4262 913.31 913.31 913.31 901.14 901.14 901.14 938.7053 943.13 943.13 939.4556 1010.94 1010.94 1010.94 1007.281 1006.85 1006.85 1006.85 955.8267 956.31 956.31 949.5496
411.51 410.7492 425.55 425.55 425.55 411.0929 409.39 409.39 409.39 478.5955 477.94 477.94 454.2593 451.47 451.47 451.47 424.14 424.14 424.14 421.907 465.35 465.35 465.35 433.4478 433.75 433.75 433.3517 441.1 441.1 441.1 486.8332 486.4 486.4 486.4 459.8687 460.12 460.12 443.802 441.88 441.88 441.88 459.21 459.21 459.21 471.0369 472.43 472.43 472.43 511.0457 510.68 510.68 507.5387 568.65 568.65 568.65 680.7518 679.69 679.69 674.6847 772.06 772.06 772.06 832.4561 839.57 839.57 842.9974 776.32 776.32 776.32 782.1261 782.81 782.81 779.9993 834.68 834.68 957.4731 949.5496
411.51 410.7492 425.55 425.55 425.55 411.0929 409.39 409.39 409.39 478.5955 477.94 477.94 454.2593 451.47 451.47 451.47 424.14 424.14 424.14 421.907 465.35 465.35 465.35 433.4478 433.75 433.75 433.3517 441.1 441.1 441.1 486.8332 486.4 486.4 486.4 459.8687 460.12 460.12 443.802 441.88 441.88 441.88 459.21 459.21 459.21 471.0369 472.43 472.43 472.43 511.0457 510.68 510.68 507.5387 568.65 568.65 568.65 680.7518 679.69 679.69 674.6847 772.06 772.06 772.06 832.4561 839.57 839.57 842.9974 776.32 776.32 776.32 782.1261 782.81 782.81 779.9993 834.68 834.68 834.68 823.9146
411.51 410.7492 425.55 425.55 425.55 409.2355 409.39 409.39 409.39 478.5955 477.94 477.94 454.2593 451.47 451.47 451.47 424.14 424.14 424.14 461.0075 465.35 465.35 465.35 433.4478 433.75 433.75 433.3517 441.1 441.1 441.1 486.8332 486.4 486.4 487.824 460.12 460.12 460.12 443.802 441.88 441.88 441.88 459.21 459.21 459.21 471.0369 472.43 472.43 470.3573 510.68 510.68 510.68 507.5387 568.65 568.65 568.65 680.7518 679.69 679.69 674.6847 772.06 772.06 772.06 832.4561 839.57 839.57 842.9974 776.32 776.32 776.32 782.1261 782.81 782.81 779.9993 834.68 834.68 834.68 823.9146
423.05 422.2312 438.16 438.16 438.16 399.2111 399.58 399.58 399.58 430.9875 430.69 430.69 469.5435 474.12 474.12 474.12 471 471 471 475.8041 476.37 476.37 476.37 511.0889 510.76 510.76 513.5414 443.0315 441.1 441.1 486.8332 486.4 486.4 487.824 460.12 460.12 460.12 443.802 441.88 441.88 441.88 459.21 459.21 459.21 471.0369 472.43 472.43 470.3573 510.68 510.68 510.68 507.5387 568.65 568.65 568.65 680.7518 679.69 679.69 674.6847 772.06 772.06 772.06 840.2156 839.57 839.57 842.9974 776.32 776.32 776.32 782.1261 782.81 782.81 779.9993 834.68 834.68 834.68 1012.415
423.05 422.2312 438.16 438.16 438.16 399.2111 399.58 399.58 397.8942 430.69 430.69 430.69 469.5435 474.12 474.12 474.12 471 471 471 475.8041 476.37 476.37 474.5065 510.76 510.76 510.76 513.5414 459.43 459.43 459.43 491.1808 490.88 490.88 492.3512 463.73 463.73 463.73 485.532 488.1 488.1 488.1 471.04 471.04 471.04 490.8381 493.17 493.17 489.275 565.05 565.05 565.05 561.4882 630.78 630.78 630.78 668.2852 667.93 679.8024 674.6847 772.06 772.06 772.06 840.2156 839.57 839.57 842.9974 776.32 776.32 776.32 782.1261 782.81 782.81 779.9993 834.68 834.68 834.68 1012.415
423.05 422.2312 438.16 438.16 438.16 399.2111 399.58 399.58 397.8942 430.69 430.69 430.69 469.5435 474.12 474.12 474.12 471 471 471 475.8041 476.37 476.37 474.5065 510.76 510.76 510.76 513.5414 459.43 459.43 459.43 491.1808 490.88 490.88 492.3512 463.73 463.73 463.73 488.333 488.1 488.1 488.1 471.04 471.04 471.04 490.8381 493.17 493.17 489.275 565.05 565.05 565.05 623.8537 630.78 630.78 630.78 668.2852 667.93 667.93 667.4521 676.75 676.75 676.75 726.1681 725.7 725.7 869.7883 886.76 886.76 886.76 968.9492 978.63 978.63 979.9402 954.45 954.45 954.45 984.0173
423.05 422.2312 438.16 438.16 438.16 399.2111 399.58 399.58 397.8942 430.69 430.69 430.69 474.5353 474.12 474.12 474.12 471 471 471 475.8041 476.37 476.37 474.5065 510.76 510.76 510.76 513.5414 459.43 459.43 459.43 491.1808 490.88 490.88 492.3512 463.73 463.73 463.73 488.333 488.1 488.1 488.1 471.04 471.04 471.04 490.8381 493.17 493.17 489.275 565.05 565.05 565.05 623.8537 630.78 630.78 630.78 668.2852 667.93 667.93 667.4521 676.75 676.75 676.75 726.1681 725.7 725.7 869.7883 886.76 886.76 886.76 968.9492 978.63 978.63 979.9402 954.45 954.45 954.45 984.0173
427.82 427.9956 424.58 423.8441 438.16 399.2111 399.58 399.58 397.8942 430.69 430.69 430.69 474.5353 474.12 474.12 474.12 471 471 471 475.8041 476.37 476.37 474.5065 510.76 510.76 510.76 464.8389 459.43 459.43 459.43 491.1808 490.88 490.88 492.3512 463.73 463.73 463.73 488.333 488.1 488.1 489.0244 471.04 471.04 471.04 490.8381 493.17 493.17 489.275 565.05 565.05 565.05 623.8537 630.78 630.78 630.78 668.2852 667.93 667.93 667.4521 676.75 676.75 676.75 726.1681 725.7 725.7 869.7883 886.76 886.76 886.76 968.9492 978.63 978.63 979.9402 954.45 954.45 954.45 984.0173
427.82 424.9214 424.58 424.58 424.58 432.4344 432.36 432.36 429.7162 481.15 481.15 481.15 497.6664 497.51 497.51 497.51 505.26 505.26 505.26 533.4764 536.8 536.8 534.3524 581.97 581.97 581.97 554.6124 551.39 551.39 551.39 495.169 490.88 490.88 492.3512 463.73 463.73 463.73 488.333 488.1 488.1 489.0244 471.04 471.04 471.04 490.8381 493.17 493.17 489.275 565.05 565.05 565.05 623.8537 630.78 630.78 628.767 667.93 667.93 667.93 667.4521 676.75 676.75 676.75 726.1681 725.7 725.7 869.7883 886.76 886.76 886.76 979.5085 978.63 978.63 979.9402 954.45 954.45 954.45 984.0173
427.82 424.9214 424.58 424.58 424.58 432.4344 432.36 432.36 429.7162 481.15 481.15 481.15 497.6664 497.51 497.51 497.0901 505.26 505.26 505.26 533.4764 536.8 536.8 534.3524 581.97 581.97 581.97 554.6124 551.39 551.39 552.3741 533.23 533.23 533.23 532.2053 552.14 552.14 552.14 603.9305 603.44 603.44 604.1428 590.47 590.47 590.47 566.1273 563.26 563.26 560.2841 618.18 618.18 618.18 628.7992 630.05 630.05 629.5861 638.61 638.61 638.61 636.6967 673.92 673.92 673.92 732.1819 731.63 731.63 985.4441 1015.34 1015.34 1015.34 1307.487 1304.72 1322.39 979.9402 954.45 954.45 954.45 984.0173
427.82 424.9214 424.58 424.58 424.1584 432.36 432.36 432.36 429.7162 481.15 481.15 481.15 497.6664 497.51 497.51 497.0901 505.26 505.26 505.26 533.4764 536.8 536.8 534.3524 581.97 581.97 581.97 554.6124 551.39 551.39 552.3741 533.23 533.23 533.23 532.2053 552.14 552.14 552.14 603.9305 603.44 603.44 604.1428 590.47 590.47 590.47 562.9998 563.26 563.26 560.2841 618.18 618.18 618.18 628.7992 630.05 630.05 629.5861 638.61 638.61 638.61 670.1992 673.92 673.92 673.92 732.1819 731.63 731.63 985.4441 1015.34 1015.34 1015.34 1307.487 1304.72 1304.72 1304 1318 1318 1318 1256.262
427.82 424.9214 424.58 424.58 424.1584 432.36 432.36 432.36 429.7162 481.15 481.15 481.15 497.6664 497.51 497.51 497.0901 505.26 505.26 505.26 537.1016 536.8 536.8 534.3524 581.97 581.97 581.97 554.6124 551.39 551.39 552.3741 533.23 533.23 533.23 532.2053 552.14 552.14 552.14 603.9305 603.44 603.44 604.1428 590.47 590.47 590.47 562.9998 563.26 563.26 560.2841 618.18 618.18 618.18 628.7992 630.05 630.05 629.5861 638.61 638.61 638.61 670.1992 673.92 673.92 673.92 732.1819 731.63 731.63 985.4441 1015.34 1015.34 1015.34 1307.487 1304.72 1304.72 1316.601 1318 1318 1318 1256.262
428.11 424.7104 424.31 424.31 421.1931 481.83 481.83 481.83 481.1554 494.28 494.28 494.28 501.0542 500.99 500.99 497.4568 505.26 505.26 505.26 537.1016 536.8 536.8 534.3524 581.97 581.97 581.97 554.6124 551.39 551.39 552.3741 533.23 533.23 533.23 550.1474 552.14 552.14 552.14 603.9305 603.44 603.44 604.1428 590.47 590.47 590.47 562.9998 563.26 563.26 560.2841 618.18 618.18 618.18 628.7992 630.05 630.05 629.5861 638.61 638.61 638.61 670.1992 673.92 673.92 673.92 732.1819 731.63 731.63 985.4441 1015.34 1015.34 1015.34 1307.487 1304.72 1304.72 1316.601 1318 1318 1318 1256.262
428.11 424.7104 424.31 424.31 421.1931 481.83 481.83 481.83 492.9681 494.28 494.28 494.28 501.0542 500.99 500.99 500.7662 505.12 505.12 505.12 536.6285 536.33 536.33 534.162 576.34 576.34 576.34 582.1014 582.78 582.78 584.5265 550.55 550.55 550.55 555.032 555.56 555.56 555.56 623.019 622.38 622.38 622.0137 629.14 629.14 631.2355 562.9998 563.26 563.26 612.3928 618.18 618.18 618.18 628.7992 630.05 630.05 629.5861 638.61 638.61 638.61 670.1992 673.92 673.92 670.7928 731.63 731.63 731.63 985.4441 1015.34 1015.34 1015.34 1307.487 1304.72 1304.72 1316.601 1318 1318 1318 1256.262
428.11 424.7104 424.31 424.31 421.1931 481.83 481.83 481.83 492.9681 494.28 494.28 494.28 501.0542 500.99 500.99 500.7662 505.12 505.12 505.12 536.6285 536.33 536.33 572.124 576.34 576.34 576.34 582.1014 582.78 582.78 584.5265 550.55 550.55 550.55 555.032 555.56 555.56 551.9392 622.38 622.38 622.38 622.0137 629.14 629.14 629.14 598.1464 598.44 598.44 615.1874 617.16 617.16 617.16 679.748 687.12 687.12 686.6941 694.98 694.98 694.98 841.0812 858.29 858.29 857.0756 880.7 880.7 880.7 805.2921 796.41 796.41 796.41 1304.725 1299.91 1299.91 1489.284 1511.59 1511.59 1511.59 1246.479
428.11 424.7104 424.31 424.31 421.1931 481.83 481.83 481.83 492.9681 494.28 494.28 493.9164 500.99 500.99 500.99 500.7662 505.12 505.12 505.12 536.6285 536.33 536.33 572.124 576.34 576.34 576.34 582.1014 582.78 582.78 584.5265 550.55 550.55 550.55 555.032 555.56 555.56 551.9392 622.38 622.38 622.38 622.0137 629.14 629.14 629.14 598.1464 598.44 598.44 615.1874 617.16 617.16 617.16 687.789 687.12 687.12 686.6941 694.98 694.98 694.98 841.0812 858.29 858.29 857.0756 880.7 880.7 880.7 805.2921 796.41 796.41 796.41 1304.725 1299.91 1299.91 1489.284 1511.59 1511.59 1511.59 1568.812
432.3 424.2336 424.31 424.31 421.1931 481.83 481.83 481.83 492.9681 494.28 494.28 493.9164 500.99 500.99 500.99 500.7662 505.12 505.12 505.12 536.6285 536.33 536.33 572.124 576.34 576.34 576.34 582.8416 582.78 582.78 584.5265 550.55 550.55 550.55 555.032 555.56 555.56 551.9392 622.38 622.38 622.38 622.0137 629.14 629.14 629.14 598.1464 598.44 598.44 615.1874 617.16 617.16 617.16 687.789 687.12 687.12 686.6941 694.98 694.98 694.98 841.0812 858.29 858.29 857.0756 880.7 880.7 880.7 795.6039 796.41 796.41 796.41 1304.725 1299.91 1299.91 1489.284 1511.59 1511.59 1511.59 1568.812
432.3 432.96 432.96 432.96 432.96 480.4 480.4 480.4 495.7287 497.8 497.8 497.8 511.19 511.19 511.19 532.7207 535.63 535.63 535.63 538.31 538.31 538.31 550.8461 552.54 552.54 552.54 578.21 578.21 582.7354 582.7354 550.5706 550.5706 550.5706 555.146 555.7643 555.7643 555.7643 622.5228 622.38 622.38 628.3353 629.14 629.14 629.14 598.44 598.44 598.44 614.9316 617.16 617.16 617.16 687.12 687.12 687.12 687.12 694.98 694.98 694.98 838.8497 858.29 858.29 858.29 880.7 880.7 880.7 796.41 796.41 796.41 796.41 1299.91 1299.91 1299.91 1486.392 1511.59 1511.59 1511.59 1568.27
-9999 -9999 -9999 -9999 -9999 -9999 -9999 -9999 -9999 -9999 -9999 -9999 -9999 -9999 -9999 -9999 -9999 -9999 -9999 -9999 -9999 -9999 -9999 -9999 -9999 -9999 -9999 -9999 -9999 -9999 -9999 -9999 -9999 -9999 -9999 -9999 -9999 -9999 -9999 -9999 -9999 -9999 -9999 -9999 -9999 -9999 -9999 -9999 -9999 -9999 -9999 -9999 -9999 -9999 -9999 -9999 -9999 -9999 -9999 -9999 -9999 -9999 -9999 -9999 -9999 -9999 -9999 -9999 -9999 -9999 -9999 -9999 -9999 -9999 -9999 -9999 -9999
-9999 -9999 -9999 -9999 -9999 -9999 -9999 -9999 -9999 -9999 -9999 -9999 -9999 -9999 -9999 -9999 -9999 -9999 -9999 -9999 -9999 -9999 -9999 -9999 -9999 -9999 -9999 -9999 -9999 -9999 -9999 -9999 -9999 -9999 -9999 -9999 -9999 -9999 -9999 -9999 -9999 -9999 -9999 -9999 -9999 -9999 -9999 -9999 -9999 -9999 -9999 -9999 -9999 -9999 -9999 -9999 -9999 -9999 -9999 -9999 -9999 -9999 -9999 -9999 -9999 -9999 -9999 -9999 -9999 -9999 -9999 -9999 -9999 -9999 -9999 -9999 -9999
-9999 -9999 -9999 -9999 -9999 -9999 -9999 -9999 -9999 -9999 -9999 -9999 -9999 -9999 -9999 -9999 -9999 -9999 -9999 -9999 -9999 -9999 -9999 -9999 -9999 -9999 -9999 -9999 -9999 -9999 -9999 -9999 -9999 -9999 -9999 -9999 -9999 -9999 -9999 -9999 -9999 -9999 -9999 -9999 -9999 -9999 -9999 -9999 -9999 -9999 -9999 -9999 -9999 -9999 -9999 -9999 -9999 -9999 -9999 -9999 -9999 -9999 -9999 -9999 -9999 -9999 -9999 -9999 -9999 -9999 -9999 -9999 -9999 -9999 -9999 -9999 -9999
-9999 -9999 -9999 -9999 -9999 -9999 -9999 -9999 -9999 -9999 -9999 -9999 -9999 -9999 -9999 -9999 -9999 -9999 -9999 -9999 -9999 -9999 -9999 -9999 -9999 -9999 -9999 -9999 -9999 -9999 -9999 -9999 -9999 -9999 -9999 -9999 -9999 -9999 -9999 -9999 -9999 -9999 -9999 -9999 -9999 -9999 -9999 -9999 -9999 -9999 -9999 -9999 -9999 -9999 -9999 -9999 -9999 -9999 -9999 -9999 -9999 -9999 -9999 -9999 -9999 -9999 -9999 -9999 -9999 -9999 -9999 -9999 -9999 -9999 -9999 -9999 -9999
-9999 -9999 -9999 -9999 -9999 -9999 -9999 -9999 -9999 -9999 -9999 -9999 -9999 -9999 -9999 -9999 -9999 -9999 -9999 -9999 -9999 -9999 -9999 -9999 -9999 -9999 -9999 -9999 -9999 -9999 -9999 -9999 -9999 -9999 -9999 -9999 -9999 -9999 -9999 -9999 -9999 -9999 -9999 -9999 -9999 -9999 -9999 -9999 -9999 -9999 -9999 -9999 -9999 -9999 -9999 -9999 -9999 -9999 -9999 -9999 -9999 -9999 -9999 -9999 -9999 -9999 -9999 -9999 -9999 -9999 -9999 -9999 -9999 -9999 -9999 -9999 -9999
-9999 -9999 -9999 -9999 -9999 -9999 -9999 -9999 -9999 -9999 -9999 -9999 -9999 -9999 -9999 -9999 -9999 -9999 -9999 -9999 -9999 -9999 -9999 -9999 -9999 -9999 -9999 -9999 -9999 -9999 -9999 -9999 -9999 -9999 -9999 -9999 -9999 -9999 -9999 -9999 -9999 -9999 -9999 -9999 -9999 -9999 -9999 -9999 -9999 -9999 -9999 -9999 -9999 -9999 -9999 -9999 -9999 -9999 -9999 -9999 -9999 -9999 -9999 -9999 -9999 -9999 -9999 -9999 -9999 -9999 -9999 -9999 -9999 -9999 -9999 -9999 -9999
-9999 -9999 -9999 -9999 -9999 -9999 -9999 -9999 -9999 -9999 -9999 -9999 -9999 -9999 -9999 -9999 -9999 -9999 -9999 -9999 -9999 -9999 -9999 -9999 -9999 -9999 -9999 -9999 -9999 -9999 -9999 -9999 -9999 -9999 -9999 -9999 -9999 -9999 -9999 -9999 -9999 -9999 -9999 -9999 -9999 -9999 -9999 -9999 -9999 -9999 -9999 -9999 -9999 -9999 -9999 -9999 -9999 -9999 -9999 -9999 -9999 -9999 -9999 -9999 -9999 -9999 -9999 -9999 -9999 -9999 -9999 -9999 -9999 -9999 -9999 -9999 -9999
-9999 -9999 -9999 -9999 -9999 -9999 -9999 -9999 -9999 -9999 -9999 -9999 -9999 -9999 -9999 -9999 -9999 -9999 -9999 -9999 -9999 -9999 -9999 -9999 -9999 -9999 -9999 -9999 -9999 -9999 -9999 -9999 -9999 -9999 -9999 -9999 -9999 -9999 -9999 -9999 -9999 -9999 -9999 -9999 -9999 -9999 -9999 -9999 -9999 -9999 -9999 -9999 -9999 -9999 -9999 -9999 -9999 -9999 -9999 -9999 -9999 -9999 -9999 -9999 -9999 -9999 -9999 -9999 -9999 -9999 -9999 -9999 -9999 -9999 -9999 -9999 -9999
-9999 -9999 -9999 -9999 -9999 -9999 -9999 -9999 -9999 -9999 -9999 -9999 -9999 -9999 -9999 -9999 -9999 -9999 -9999 -9999 -9999 -9999 -9999 -9999 -9999 -9999 -9999 -9999 -9999 -9999 -9999 -9999 -9999 -9999 -9999 -9999 -9999 -9999 -9999 -9999 -9999 -9999 -9999 -9999 -9999 -9999 -9999 -9999 -9999 -9999 -9999 -9999 -9999 -9999 -9999 -9999 -9999 -9999 -9999 -9999 -9999 -9999 -9999 -9999 -9999 -9999 -9999 -9999 -9999 -9999 -9999 -9999 -9999 -9999 -9999 -9999 -9999
