Model and model input files/precip_1983.asc
ncols         625
nrows         453
xllcorner     138621.56993419
yllcorner     4094031.9406744
cellsize      1000
NODATA_value  -9999
[rows 34 to 67 of 453, columns 0 to 76 of 625]
-9999 -9999 -9999 -9999 -9999 -9999 -9999 -9999 -9999 -9999 -9999 -9999 -9999 -9999 -9999 -9999 -9999 535.59 535.2871 535.29 535.29 537.9652 485.92 485.92 485.92 527.0092 526.62 526.62 529.8577 466.87 466.87 466.87 366.146 367.1 367.1 368.2553 345.78 345.78 345.78 346.2141 346.21 346.21 346.21 361.1717 361.03 361.03 390.0874 393.51 393.51 393.51 429.45 429.45 429.45 462.578 466.48 466.48 463.9576 513.03 513.03 513.03 497.7856 495.99 495.99 495.99 452.0034 452.42 452.42 453.4279 433.82 433.82 433.82 433.5575 433.56 433.56 433.4955 434.75 434.75
-9999 -9999 -9999 -9999 -9999 -9999 -9999 -9999 -9999 -9999 -9999 -9999 -9999 -9999 -9999 -9999 -9999 478.27 486.3768 486.3 486.3 486.5986 480.79 480.79 480.79 511.3696 511.08 524.9825 529.8577 466.87 466.87 466.87 366.146 367.1 367.1 368.2553 345.78 345.78 345.78 346.2141 346.21 346.21 345.4069 361.03 361.03 361.03 390.0874 393.51 393.51 393.51 429.45 429.45 429.45 462.578 466.48 466.48 463.9576 513.03 513.03 513.03 497.7856 495.99 495.99 498.351 452.42 452.42 452.42 453.4279 433.82 433.82 433.82 433.5575 433.56 433.56 433.4955 434.75 434.75
-9999 -9999 -9999 -9999 -9999 -9999 -9999 -9999 -9999 -9999 -9999 -9999 -9999 -9999 -9999 -9999 -9999 478.27 486.3768 486.3 486.3 481.3706 480.79 480.79 480.79 511.3696 511.08 511.08 513.4177 467.94 467.94 467.94 493.068 492.83 492.83 496.0341 433.7 433.7 433.7 380.9807 381.48 381.48 381.8339 374.95 374.95 374.95 405.3782 405.09 405.09 394.7303 429.45 429.45 429.45 462.578 466.48 466.48 463.9576 513.03 513.03 513.03 497.7856 495.99 495.99 498.351 452.42 452.42 452.42 435.78 433.82 433.82 433.82 433.5575 433.56 433.56 433.4955 434.75 434.75
-9999 -9999 -9999 -9999 -9999 -9999 -9999 -9999 -9999 -9999 -9999 -9999 -9999 -9999 -9999 -9999 -9999 478.27 486.3768 486.3 486.3 481.3706 480.79 480.79 480.79 511.08 511.08 511.08 513.4177 467.94 467.94 467.94 493.068 492.83 492.83 496.0341 433.7 433.7 433.7 380.9807 381.48 381.48 381.8339 374.95 374.95 374.95 405.3782 405.09 405.09 405.09 417.58 417.58 417.58 438.2906 440.73 440.73 440.1079 452.21 452.21 452.21 479.9523 483.22 483.22 483.984 469.12 469.12 469.12 442.4333 439.29 439.29 439.8774 428.45 428.1731 433.56 433.4955 434.75 434.75
-9999 -9999 -9999 -9999 -9999 -9999 -9999 -9999 -9999 -9999 -9999 -9999 -9999 -9999 -9999 -9999 -9999 478.27 486.3768 486.3 486.3 481.3706 480.79 480.79 480.79 511.08 511.08 511.08 472.4859 467.94 467.94 467.94 493.068 492.83 492.83 496.0341 433.7 433.7 433.7 380.9807 381.48 381.48 381.8339 374.95 374.95 374.95 405.3782 405.09 405.09 404.4132 417.58 417.58 417.58 438.2906 440.73 440.73 440.1079 452.21 452.21 452.21 479.9523 483.22 483.22 483.984 469.12 469.12 469.12 442.4333 439.29 439.29 439.8774 428.45 428.45 428.45 435.4907 436.32 436.32
-9999 -9999 -9999 -9999 -9999 -9999 -9999 -9999 -9999 -9999 -9999 -9999 -9999 -9999 -9999 -9999 -9999 478.27 486.3768 486.3 486.3 481.3706 480.79 480.79 480.79 511.08 511.08 511.08 472.4859 467.94 467.94 466.5913 492.83 492.83 492.83 496.0341 433.7 433.7 433.7 380.9807 381.48 381.48 381.8339 374.95 374.95 374.95 405.3782 405.09 405.09 404.4132 417.58 417.58 417.58 440.9514 440.73 440.73 440.1079 452.21 452.21 452.21 479.9523 483.22 483.22 483.984 469.12 469.12 469.12 442.4333 439.29 439.29 439.8774 428.45 428.45 428.45 435.4907 436.32 436.32
-9999 -9999 -9999 -9999 -9999 -9999 -9999 -9999 -9999 -9999 -9999 -9999 -9999 -9999 -9999 -9999 -9999 496.88 557.1004 556.53 556.53 500.9559 494.41 494.41 494.41 466.22 466.22 466.22 514.8339 520.56 520.56 516.1025 602.82 602.82 602.82 580.3828 577.74 432.3226 433.7 380.9807 381.48 381.48 381.8339 374.95 374.95 374.95 405.3782 405.09 405.09 404.4132 417.58 417.58 417.58 440.9514 440.73 440.73 451.0003 452.21 452.21 452.21 479.9523 483.22 483.22 483.984 469.12 469.12 469.12 442.4333 439.29 439.29 439.8774 428.45 428.45 428.45 435.4907 436.32 436.32
-9999 -9999 -9999 -9999 -9999 -9999 -9999 -9999 -9999 -9999 -9999 -9999 -9999 -9999 -9999 -9999 -9999 493.6477 556.53 556.53 556.53 500.9559 494.41 494.41 494.41 466.22 466.22 466.22 514.8339 520.56 520.56 516.1025 602.82 602.82 602.82 580.3828 577.74 577.74 584.2495 457.61 457.61 457.61 459.622 420.48 420.48 420.48 422.277 422.26 422.26 421.2705 440.52 440.52 440.52 432.3728 432.45 432.45 444.3932 445.8 445.8 451.5345 483.5165 483.22 483.22 483.984 469.12 469.12 469.12 442.4333 439.29 439.29 439.8774 428.45 428.45 428.45 435.4907 436.32 436.32
-9999 -9999 -9999 -9999 -9999 -9999 -9999 -9999 -9999 -9999 -9999 -9999 -9999 -9999 -9999 -9999 -9999 493.6477 556.53 556.53 556.53 493.816 494.41 494.41 494.41 466.22 466.22 466.22 514.8339 520.56 520.56 516.1025 602.82 602.82 602.82 580.3828 577.74 577.74 584.2495 457.61 457.61 457.61 459.622 420.48 420.48 420.48 422.277 422.26 422.26 421.2705 440.52 440.52 440.52 432.3728 432.45 432.45 444.3932 445.8 445.8 445.8 452.14 452.08 452.08 452.9735 435.59 435.59 435.59 433.6039 433.37 433.37 433.3684 433.4 433.4 433.4 430.1525 429.77 429.77
-9999 -9999 -9999 -9999 -9999 -9999 -9999 -9999 -9999 -9999 -9999 -9999 -9999 -9999 -9999 -9999 -9999 493.6477 556.53 556.53 556.53 493.816 494.41 494.41 494.41 466.22 466.22 466.22 514.8339 520.56 520.56 516.1025 602.82 602.82 602.82 580.3828 577.74 577.74 584.2495 457.61 457.61 457.61 424.3926 420.48 420.48 420.48 422.277 422.26 422.26 421.2705 440.52 440.52 440.52 432.3728 432.45 432.45 444.3932 445.8 445.8 445.8 452.14 452.08 452.08 437.3276 435.59 435.59 435.59 433.6039 433.37 433.37 433.3684 433.4 433.4 433.4 430.1525 429.77 429.77
-9999 -9999 -9999 -9999 -9999 -9999 -9999 -9999 -9999 -9999 -9999 -9999 -9999 -9999 -9999 -9999 -9999 415.4079 487.43 487.43 487.43 538.5543 538.07 538.07 541.6193 466.1593 466.22 466.22 514.8339 520.56 520.56 516.1025 602.82 602.82 602.82 580.3828 577.74 577.74 584.2495 457.61 457.61 457.61 424.3926 420.48 420.48 420.3835 422.26 422.26 422.26 421.2705 440.52 440.52 440.52 432.3728 432.45 432.45 444.3932 445.8 445.8 445.8 452.14 452.08 452.08 437.3276 435.59 435.59 435.59 433.3488 433.37 433.37 433.3684 433.4 433.4 433.4 430.1525 429.77 429.77
-9999 -9999 -9999 -9999 -9999 -9999 -9999 -9999 -9999 -9999 -9999 -9999 -9999 -9999 -9999 -9999 -9999 415.4079 487.43 487.43 487.43 538.5543 538.07 538.07 541.6193 472.57 472.57 472.57 579.6038 578.59 578.59 575.1101 642.81 642.81 642.81 636.4224 635.67 635.67 638.1133 590.58 590.58 590.58 584.434 583.71 583.71 586.3387 541.3199 422.26 422.26 438.5959 440.52 440.52 440.52 432.3728 432.45 432.45 444.3932 445.8 445.8 445.8 452.14 452.08 452.08 437.3276 435.59 435.59 435.59 433.3488 433.37 433.37 433.3968 433.4 433.4 433.4 430.1525 429.77 429.77
-9999 -9999 -9999 -9999 -9999 -9999 -9999 -9999 -9999 -9999 -9999 -9999 -9999 -9999 -9999 -9999 -9999 415.4079 487.43 487.43 487.43 538.5543 538.07 538.07 541.6193 472.57 472.57 472.57 579.6038 578.59 578.59 636.0428 642.81 642.81 642.81 636.4224 635.67 635.67 638.1133 590.58 590.58 590.58 584.434 583.71 583.71 586.3387 535.2 535.2 535.2 502.6893 498.86 498.86 500.2477 473.25 473.25 473.25 460.3853 458.87 458.87 458.87 432.8737 433.12 433.12 418.2871 416.54 416.54 416.54 413.8243 413.85 413.85 433.5835 433.4 433.4 433.4 429.7353 429.77 429.77
-9999 -9999 -9999 -9999 -9999 -9999 -9999 -9999 -9999 -9999 -9999 -9999 -9999 -9999 -9999 -9999 -9999 415.4079 487.43 487.43 487.43 538.5543 538.07 538.07 541.6193 472.57 472.57 472.57 579.6038 578.59 578.59 636.0428 642.81 642.81 642.81 635.6017 635.67 635.67 638.1133 590.58 590.58 590.58 584.434 583.71 583.71 586.3387 535.2 535.2 535.2 502.6893 498.86 498.86 500.2477 473.25 473.25 473.25 460.3853 458.87 458.87 458.87 432.8737 433.12 433.12 418.2871 416.54 416.54 416.54 413.8243 413.85 413.85 413.689 413.67 413.67 413.67 417.789 417.75 417.75
-9999 -9999 -9999 -9999 -9999 -9999 -9999 -9999 -9999 -9999 -9999 -9999 -9999 -9999 -9999 -9999 -9999 480.2308 487.43 487.43 487.43 538.5543 538.07 538.07 541.6193 472.57 472.57 472.57 579.6038 578.59 578.59 636.0428 642.81 642.81 642.81 635.6017 635.67 635.67 638.1133 590.58 590.58 590.58 584.434 583.71 583.71 586.3387 535.2 535.2 535.2 502.6893 498.86 498.86 500.2477 473.25 473.25 473.25 458.7325 458.87 458.87 458.87 432.8737 433.12 433.12 418.2871 416.54 416.54 416.54 413.8243 413.85 413.85 413.689 413.67 413.67 413.67 417.789 417.75 417.75
-9999 -9999 -9999 -9999 -9999 -9999 -9999 -9999 -9999 -9999 -9999 -9999 -9999 -9999 -9999 -9999 -9999 430.8934 437.08 437.08 438.7089 407.02 407.02 407.02 407.0725 406.05 406.05 465.5605 579.6038 578.59 578.59 636.0428 642.81 642.81 642.81 635.6017 635.67 635.67 595.3314 590.58 590.58 590.58 584.434 583.71 583.71 586.3387 535.2 535.2 535.2 502.6893 498.86 498.86 500.2477 473.25 473.25 473.25 458.7325 458.87 458.87 460.2653 433.12 433.12 433.12 418.2871 416.54 416.54 416.54 413.8243 413.85 413.85 413.689 413.67 413.67 413.67 417.789 417.75 417.75
-9999 -9999 -9999 -9999 -9999 -9999 -9999 -9999 -9999 -9999 -9999 -9999 -9999 -9999 -9999 -9999 -9999 430.8934 437.08 437.08 438.7089 407.02 407.02 407.02 406.1522 406.05 406.05 406.05 456.8916 456.41 456.41 518.828 526.18 526.18 526.18 563.0088 562.66 562.66 573.6996 575 575 575 596.4027 596.2 596.2 596.8053 585.03 585.03 585.03 574.4019 573.15 573.15 573.9206 558.93 558.93 558.93 531.1166 458.1766 458.87 460.2653 433.12 433.12 433.12 416.3815 416.54 416.54 416.54 413.8243 413.85 413.85 413.689 413.67 413.67 413.67 417.789 417.75 417.75
-9999 -9999 -9999 -9999 -9999 -9999 -9999 -9999 -9999 -9999 -9999 -9999 -9999 -9999 -9999 -9999 -9999 430.8934 437.08 437.08 438.7089 407.02 407.02 407.02 406.1522 406.05 406.05 406.05 456.8916 456.41 456.41 518.828 526.18 526.18 526.18 563.0088 562.66 562.66 573.6996 575 575 575 596.4027 596.2 596.2 586.2071 585.03 585.03 585.03 574.4019 573.15 573.15 573.9206 558.93 558.93 558.93 531.1166 531.38 531.38 532.8729 503.83 503.83 503.83 503.1233 503.13 503.13 503.13 445.1508 445.7 445.7 432.9695 431.47 431.47 431.47 467.7739 467.43 467.43
-9999 -9999 -9999 -9999 -9999 -9999 -9999 -9999 -9999 -9999 -9999 -9999 -9999 -9999 -9999 -9999 -9999 430.8934 437.08 437.08 438.7089 407.02 407.02 407.02 406.1522 406.05 406.05 403.3211 456.41 456.41 456.41 518.828 526.18 526.18 526.18 563.0088 562.66 562.66 573.6996 575 575 575 596.4027 596.2 596.2 586.2071 585.03 585.03 585.03 574.4019 573.15 573.15 573.9206 558.93 558.93 558.93 531.1166 531.38 531.38 532.8729 503.83 503.83 503.83 503.1233 503.13 503.13 506.242 445.7 445.7 445.7 432.9695 431.47 431.47 431.47 467.7739 467.43 467.43
-9999 -9999 -9999 -9999 -9999 -9999 -9999 -9999 -9999 -9999 -9999 -9999 -9999 -9999 -9999 -9999 -9999 430.8934 437.08 437.08 438.7089 407.02 407.02 407.02 406.1522 406.05 406.05 403.3211 456.41 456.41 456.41 526.8472 526.18 526.18 526.18 563.0088 562.66 562.66 573.6996 575 575 575 596.4027 596.2 596.2 586.2071 585.03 585.03 585.03 573.0364 573.15 573.15 573.9206 558.93 558.93 558.93 531.1166 531.38 531.38 532.8729 503.83 503.83 503.83 503.1233 503.13 503.13 506.242 445.7 445.7 445.7 431.3339 431.47 431.47 431.47 467.7739 467.43 467.43
-9999 -9999 -9999 -9999 -9999 -9999 -9999 -9999 -9999 -9999 -9999 -9999 -9999 -9999 -9999 -9999 -9999 448.3336 445.87 445.87 449.7411 374.43 374.43 374.43 375.1815 375.27 375.27 374.8571 382.89 382.89 382.89 425.5844 425.18 425.18 425.18 446.1183 445.92 550.3585 573.6996 575 575 575 596.4027 596.2 596.2 586.2071 585.03 585.03 585.03 573.0364 573.15 573.15 560.4284 558.93 558.93 558.93 531.1166 531.38 531.38 532.8729 503.83 503.83 503.83 503.1233 503.13 503.13 506.242 445.7 445.7 445.7 431.3339 431.47 431.47 431.47 467.7739 467.43 467.43
-9999 -9999 -9999 -9999 -9999 -9999 -9999 -9999 -9999 -9999 -9999 -9999 -9999 -9999 -9999 -9999 -9999 445.6464 445.87 445.87 449.7411 374.43 374.43 374.43 375.1815 375.27 375.27 374.8571 382.89 382.89 382.89 425.5844 425.18 425.18 424.0562 445.92 445.92 445.92 428.2422 426.16 426.16 426.16 453.5898 453.33 453.33 505.3256 511.45 511.45 511.45 528.3602 528.2 528.2 527.9137 527.88 527.88 527.88 536.91 536.91 536.91 538.7025 503.83 503.83 503.83 503.1233 503.13 503.13 506.242 445.7 445.7 445.7 431.3339 431.47 431.47 429.5214 467.43 467.43 467.43
-9999 -9999 -9999 -9999 -9999 -9999 -9999 -9999 -9999 -9999 -9999 -9999 -9999 -9999 -9999 -9999 -9999 445.6464 445.87 445.87 381.958 374.43 374.43 374.43 375.1815 375.27 375.27 374.8571 382.89 382.89 382.89 425.5844 425.18 425.18 424.0562 445.92 445.92 445.92 425.971 426.16 426.16 426.16 453.5898 453.33 453.33 505.3256 511.45 511.45 511.45 528.3602 528.2 528.2 527.9137 527.88 527.88 527.88 536.91 536.91 536.91 537.2947 529.81 529.81 529.81 491.4365 491.8 491.8 494.8074 436.3 436.3 436.3 436.5423 436.54 436.54 429.5888 564.82 564.82 564.82
-9999 -9999 -9999 -9999 -9999 -9999 -9999 -9999 -9999 -9999 -9999 -9999 -9999 -9999 -9999 -9999 -9999 445.6464 445.87 445.87 381.958 374.43 374.43 374.43 375.278 375.27 375.27 374.8571 382.89 382.89 382.89 425.5844 425.18 425.18 424.0562 445.92 445.92 445.92 425.971 426.16 426.16 424.6877 453.33 453.33 453.33 505.3256 511.45 511.45 511.45 528.3602 528.2 528.2 527.9137 527.88 527.88 527.88 536.91 536.91 536.91 530.5582 529.81 529.81 529.81 491.4365 491.8 491.8 494.8074 436.3 436.3 436.3 436.5423 436.54 436.54 429.5888 564.82 564.82 564.82
-9999 -9999 -9999 -9999 -9999 -9999 -9999 -9999 -9999 -9999 -9999 -9999 -9999 -9999 -9999 -9999 -9999 485.3797 485.6 485.6 478.2283 477.36 477.36 477.36 447.9111 374.5727 375.27 374.8571 382.89 382.89 382.89 425.5844 425.18 425.18 424.0562 445.92 445.92 445.92 425.971 426.16 426.16 424.6877 453.33 453.33 453.33 505.3256 511.45 511.45 511.45 528.3602 528.2 528.2 527.9137 527.88 527.88 527.88 536.91 536.91 536.91 530.5582 529.81 529.81 531.8697 491.8 491.8 491.8 494.8074 436.3 436.3 436.3 436.5423 436.54 436.54 429.5888 564.82 564.82 564.82
-9999 -9999 -9999 -9999 -9999 -9999 -9999 -9999 -9999 -9999 -9999 -9999 -9999 -9999 -9999 -9999 -9999 485.3797 485.6 485.6 478.2283 477.36 477.36 477.36 447.9111 448.19 448.19 433.5987 431.88 431.88 431.88 405.5506 405.8 405.8 405.0907 418.89 418.89 418.89 442.1604 441.94 441.94 439.4767 487.4 487.4 487.4 473.2055 473.34 511.8145 511.45 528.3602 528.2 528.2 527.9137 527.88 527.88 527.88 536.91 536.91 536.91 530.5582 529.81 529.81 531.8697 491.8 491.8 491.8 494.8074 436.3 436.3 436.3 436.5423 436.54 436.54 429.5888 564.82 564.82 564.82
-9999 -9999 -9999 -9999 -9999 -9999 -9999 -9999 -9999 -9999 -9999 -9999 -9999 -9999 -9999 -9999 -9999 485.3797 485.6 485.6 478.2283 477.36 477.36 477.36 447.9111 448.19 448.19 433.5987 431.88 431.88 431.88 405.8 405.8 405.8 405.0907 418.89 418.89 418.89 442.1604 441.94 441.94 439.4767 487.4 487.4 487.4 473.2055 473.34 473.34 474.8459 445.55 445.55 445.55 450.1842 450.73 450.73 450.73 448.53 448.53 448.53 431.5143 429.51 429.51 430.6404 408.65 408.65 408.65 401.5914 400.76 400.76 400.76 433.3398 436.54 436.54 429.5888 564.82 564.82 564.82
-9999 -9999 -9999 -9999 -9999 -9999 -9999 -9999 -9999 -9999 -9999 -9999 -9999 -9999 -9999 -9999 -9999 485.3797 485.6 485.6 478.2283 477.36 477.36 477.36 447.9111 448.19 448.19 433.5987 431.88 431.88 431.88 405.8 405.8 405.8 405.0907 418.89 418.89 418.89 442.1604 441.94 441.94 439.4767 487.4 487.4 487.4 473.2055 473.34 473.34 474.8459 445.55 445.55 445.55 450.1842 450.73 450.73 450.73 448.53 448.53 448.53 431.5143 429.51 429.51 430.6404 408.65 408.65 408.65 401.5914 400.76 400.76 400.4912 405.72 405.72 405.72 401.8304 477.5 477.5 477.5
-9999 -9999 -9999 -9999 -9999 -9999 -9999 -9999 -9999 -9999 -9999 -9999 -9999 -9999 -9999 -9999 -9999 485.6 485.6 485.6 478.2283 477.36 477.36 477.36 447.9111 448.19 448.19 433.5987 431.88 431.88 431.88 405.8 405.8 405.8 417.5107 418.89 418.89 418.89 442.1604 441.94 441.94 439.4767 487.4 487.4 487.4 473.2055 473.34 473.34 474.8459 445.55 445.55 445.55 450.7795 450.73 450.73 450.73 448.53 448.53 448.53 431.5143 429.51 429.51 430.6404 408.65 408.65 408.65 401.5914 400.76 400.76 400.4912 405.72 405.72 405.72 401.8304 477.5 477.5 477.5
-9999 -9999 -9999 -9999 -9999 -9999 -9999 -9999 -9999 -9999 -9999 -9999 -9999 -9999 -9999 -9999 -9999 563.49 563.49 563.49 601.6514 601.29 601.29 601.29 657.7043 657.17 657.17 619.2558 614.79 614.79 614.79 561.57 561.57 561.57 664.0499 418.89 418.89 418.89 441.94 441.94 441.94 439.4767 487.4 487.4 487.4 473.2055 473.34 473.34 474.8459 445.55 445.55 445.55 450.7795 450.73 450.73 450.8492 448.53 448.53 448.53 431.5143 429.51 429.51 430.6404 408.65 408.65 408.65 401.5914 400.76 400.76 400.4912 405.72 405.72 405.72 469.9362 477.5 477.5 477.5
-9999 -9999 -9999 -9999 -9999 -9999 -9999 -9999 -9999 -9999 -9999 -9999 -9999 -9999 -9999 -9999 -9999 563.49 563.49 563.49 601.6514 601.29 601.29 601.29 657.7043 657.17 657.17 619.2558 614.79 614.79 614.79 561.57 561.57 561.57 650.9072 661.43 661.43 661.43 654.73 654.73 654.73 654.426 660.34 660.34 660.34 608.3273 608.82 608.82 610.6169 575.66 575.66 575.66 541.9507 542.27 542.27 544.9274 493.23 453.2403 448.53 431.5143 429.51 429.51 430.6404 408.65 408.65 408.65 401.5914 400.76 400.76 400.4912 405.72 405.72 405.72 469.9362 477.5 477.5 476.7067
-9999 -9999 -9999 -9999 -9999 -9999 -9999 -9999 -9999 -9999 -9999 -9999 -9999 -9999 -9999 -9999 -9999 563.49 563.49 563.49 601.6514 601.29 601.29 598.262 657.17 657.17 657.17 619.2558 614.79 614.79 614.79 561.57 561.57 561.57 650.9072 661.43 661.43 661.43 654.73 654.73 654.73 659.7488 660.34 660.34 660.34 608.3273 608.82 608.82 610.6169 575.66 575.66 575.66 541.9507 542.27 542.27 544.9274 493.23 493.23 493.23 432.212 432.79 432.79 433.5373 419 419 419 419.0895 419.1 419.1 415.205 490.98 490.98 490.98 506.2423 508.04 508.04 507.9739
-9999 -9999 -9999 -9999 -9999 -9999 -9999 -9999 -9999 -9999 -9999 -9999 -9999 -9999 -9999 -9999 -9999 563.49 563.49 563.49 601.6514 601.29 601.29 598.262 657.17 657.17 657.17 614.3847 614.79 614.79 614.79 561.57 561.57 561.57 650.9072 661.43 661.43 661.43 654.73 654.73 654.73 659.7488 660.34 660.34 663.1318 608.82 608.82 608.82 610.6169 575.66 575.66 575.66 541.9507 542.27 542.27 544.9274 493.23 493.23 493.23 432.212 432.79 432.79 420.4531 419 419 419 419.0895 419.1 419.1 415.205 490.98 490.98 490.98 506.2423 508.04 508.04 507.9739
-9999 -9999 -9999 -9999 -9999 -9999 -9999 -9999 -9999 -9999 -9999 -9999 -9999 -9999 -9999 -9999 -9999 563.49 563.49 563.49 601.6514 601.29 601.29 598.262 657.17 657.17 657.17 614.3847 614.79 614.79 614.79 561.57 561.57 561.57 650.9072 661.43 661.43 661.43 654.73 654.73 654.73 659.7488 660.34 660.34 663.1318 608.82 608.82 608.82 610.6169 575.66 575.66 575.66 541.9507 542.27 542.27 544.9274 493.23 493.23 493.23 432.212 432.79 432.79 420.4531 419 419 419 419.0895 419.1 419.1 415.205 490.98 490.98 490.98 506.2423 508.04 508.04 507.9739
