Model and model input files/precip_2009.asc
ncols         625
nrows         453
xllcorner     138621.56993419
yllcorner     4094031.9406744
cellsize      1000
NODATA_value  -9999
[rows 102 to 135 of 453, columns 0 to 76 of 625]
-9999 -9999 -9999 -9999 -9999 -9999 -9999 -9999 -9999 -9999 -9999 -9999 -9999 -9999 -9999 -9999 -9999 225.06 224.7652 230.5 230.5 230.5 246.8145 246.66 246.66 245.9085 245.82 245.82 245.82 249.8816 250.36 250.36 250.0148 256.73 256.73 256.73 261.2121 261.74 261.74 261.3742 268.49 268.49 268.49 267.5135 286.51 286.51 286.51 294.0615 293.99 293.99 298.2752 298.78 298.78 298.78 351.6609 351.16 351.16 347.4227 420.13 420.13 420.13 380.1403 375.43 375.43 377.5579 336.16 336.16 336.16 320.8146 320.96 320.96 320.96 315.5992 315.65 315.65 328.3805 329.88
-9999 -9999 -9999 -9999 -9999 -9999 -9999 -9999 -9999 -9999 -9999 -9999 -9999 -9999 -9999 -9999 -9999 225.06 224.7652 230.5 230.5 230.5 246.8145 246.66 246.66 245.9085 245.82 245.82 245.82 249.8816 250.36 250.36 250.0148 256.73 256.73 256.73 261.2121 261.74 261.74 261.3742 268.49 268.49 268.49 267.5135 286.51 286.51 286.51 294.0615 293.99 293.99 298.2752 298.78 298.78 298.78 351.6609 351.16 351.16 347.4227 420.13 420.13 420.13 380.1403 375.43 375.43 377.5579 336.16 336.16 336.16 320.8146 320.96 320.96 320.96 315.5992 315.65 315.65 328.3805 329.88
-9999 -9999 -9999 -9999 -9999 -9999 -9999 -9999 -9999 -9999 -9999 -9999 -9999 -9999 -9999 -9999 -9999 225.06 224.7652 230.5 230.5 230.5 246.8145 246.66 246.66 245.9085 245.82 245.82 245.82 250.4034 250.36 250.36 250.0148 256.73 256.73 256.73 261.2121 261.74 261.74 261.3742 268.49 268.49 268.49 284.6111 286.51 286.51 286.51 294.0615 293.99 293.99 298.2752 298.78 298.78 298.78 351.6609 351.16 351.16 412.8623 420.13 420.13 420.13 380.1403 375.43 375.43 377.5579 336.16 336.16 336.16 320.8146 320.96 320.96 321.2477 315.65 315.65 315.65 328.3805 329.88
-9999 -9999 -9999 -9999 -9999 -9999 -9999 -9999 -9999 -9999 -9999 -9999 -9999 -9999 -9999 -9999 -9999 227.63 228.5604 228.67 228.67 228.67 234.9394 234.88 234.88 244.7119 245.87 245.87 245.87 254.3503 254.27 254.27 263.8335 264.96 264.96 264.96 270.1309 270.74 270.74 270.6305 272.76 272.76 272.76 284.5703 286.51 286.51 286.51 294.0615 293.99 293.99 298.2752 298.78 298.78 298.78 351.6609 351.16 351.16 412.8623 420.13 420.13 420.13 380.1403 375.43 375.43 377.5579 336.16 336.16 336.16 320.8146 320.96 320.96 321.2477 315.65 315.65 315.65 328.3805 329.88
-9999 -9999 -9999 -9999 -9999 -9999 -9999 -9999 -9999 -9999 -9999 -9999 -9999 -9999 -9999 -9999 -9999 227.63 228.5604 228.67 228.67 228.67 234.9394 234.88 234.88 244.7119 245.87 245.87 245.87 254.3503 254.27 254.27 263.8335 264.96 264.96 264.96 270.1309 270.74 270.74 270.6305 272.76 272.76 272.76 283.7818 285.08 285.08 284.0569 303.96 303.96 303.96 317.4152 319 319 319 394.6667 393.95 393.95 439.7459 445.14 445.14 445.14 389.1497 389.68 389.68 392.3471 340.46 336.6131 336.16 320.8146 320.96 320.96 321.2477 315.65 315.65 315.65 330.0161 329.88
-9999 -9999 -9999 -9999 -9999 -9999 -9999 -9999 -9999 -9999 -9999 -9999 -9999 -9999 -9999 -9999 -9999 227.63 228.5604 228.67 228.67 228.3335 234.88 234.88 234.88 244.7119 245.87 245.87 245.87 254.3503 254.27 254.27 263.8335 264.96 264.96 264.96 270.7953 270.74 270.74 270.6305 272.76 272.76 272.76 283.7818 285.08 285.08 284.0569 303.96 303.96 303.96 317.4152 319 319 319 394.6667 393.95 393.95 439.7459 445.14 445.14 445.14 389.1497 389.68 389.68 392.3471 340.46 340.46 340.46 325.5488 325.69 325.69 325.903 321.76 321.76 321.76 323.9911 323.97
-9999 -9999 -9999 -9999 -9999 -9999 -9999 -9999 -9999 -9999 -9999 -9999 -9999 -9999 -9999 -9999 -9999 227.63 228.5604 228.67 228.67 228.3335 234.88 234.88 234.88 244.7119 245.87 245.87 245.87 254.3503 254.27 254.27 263.8335 264.96 264.96 264.96 270.7953 270.74 270.74 270.6305 272.76 272.76 272.76 283.7818 285.08 285.08 284.0569 303.96 303.96 303.96 319.1438 319 319 319 394.6667 393.95 393.95 439.7459 445.14 445.14 445.14 389.1497 389.68 389.68 345.6465 340.46 340.46 340.46 325.5488 325.69 325.69 325.903 321.76 321.76 321.76 323.9911 323.97
-9999 -9999 -9999 -9999 -9999 -9999 -9999 -9999 -9999 -9999 -9999 -9999 -9999 -9999 -9999 -9999 -9999 233.17 235.7107 236.01 236.01 235.3733 247.76 236.2372 234.88 245.9751 245.87 245.87 245.87 254.3503 254.27 254.27 263.8335 264.96 264.96 264.96 270.7953 270.74 270.74 272.5471 272.76 272.76 272.76 283.7818 285.08 285.08 284.0569 303.96 303.96 303.96 319.1438 319 319 319 394.6667 393.95 393.95 439.7459 445.14 445.14 445.14 389.1497 389.68 389.68 345.6465 340.46 340.46 340.46 325.5488 325.69 325.69 325.903 321.76 321.76 321.76 323.9911 323.97
-9999 -9999 -9999 -9999 -9999 -9999 -9999 -9999 -9999 -9999 -9999 -9999 -9999 -9999 -9999 -9999 -9999 233.17 235.7107 236.01 236.01 235.3733 247.76 247.76 247.76 252.8684 252.82 252.82 252.82 260.1696 260.1 260.1 270.2093 271.4 271.4 271.4 268.4218 268.45 268.45 271.447 271.8 271.8 271.8 304.3464 308.18 287.5142 284.0569 303.96 303.96 303.96 319.1438 319 319 314.9387 393.95 393.95 393.95 439.7459 445.14 445.14 445.14 389.1497 389.68 389.68 345.6465 340.46 340.46 340.46 325.69 325.69 325.69 325.903 321.76 321.76 321.76 323.9911 323.97
-9999 -9999 -9999 -9999 -9999 -9999 -9999 -9999 -9999 -9999 -9999 -9999 -9999 -9999 -9999 -9999 -9999 233.17 235.7107 236.01 236.01 235.3733 247.76 247.76 247.76 252.8684 252.82 252.82 252.4255 260.1 260.1 260.1 270.2093 271.4 271.4 271.4 268.4218 268.45 268.45 271.447 271.8 271.8 271.8 308.5279 308.18 308.18 304.7331 371.79 371.79 371.79 394.7373 394.52 394.52 393.4617 414.05 414.05 414.05 401.2032 399.69 399.69 399.69 363.5577 363.9 363.9 342.9747 340.51 340.51 340.51 330.72 325.6419 325.69 325.903 321.76 321.76 321.76 323.9911 323.97
-9999 -9999 -9999 -9999 -9999 -9999 -9999 -9999 -9999 -9999 -9999 -9999 -9999 -9999 -9999 -9999 -9999 233.17 236.0372 236.01 236.01 235.3733 247.76 247.76 247.76 252.8684 252.82 252.82 252.4255 260.1 260.1 260.1 270.2093 271.4 271.4 271.4 268.4218 268.45 268.45 271.447 271.8 271.8 271.8 308.5279 308.18 308.18 304.7331 371.79 371.79 371.79 394.7373 394.52 394.52 393.4617 414.05 414.05 414.05 399.5527 399.69 399.69 399.69 363.5577 363.9 363.9 342.9747 340.51 340.51 340.51 330.72 330.72 330.72 321.3712 320.27 320.27 320.27 324.5707 324.53
-9999 -9999 -9999 -9999 -9999 -9999 -9999 -9999 -9999 -9999 -9999 -9999 -9999 -9999 -9999 -9999 -9999 233.17 236.0372 236.01 236.01 235.3733 247.76 247.76 247.76 252.8684 252.82 252.82 252.4255 260.1 260.1 260.1 271.5081 271.4 271.4 271.4 268.4218 268.45 268.45 271.447 271.8 271.8 271.8 308.5279 308.18 308.18 365.0871 371.79 371.79 371.79 394.7373 394.52 394.52 393.4617 414.05 414.05 414.05 399.5527 399.69 399.69 399.69 363.5577 363.9 363.9 342.9747 340.51 340.51 340.51 330.72 330.72 330.72 321.3712 320.27 320.27 320.27 324.5707 324.53
-9999 -9999 -9999 -9999 -9999 -9999 -9999 -9999 -9999 -9999 -9999 -9999 -9999 -9999 -9999 -9999 -9999 249.35 237.4977 237.61 237.61 236.2054 236.04 236.04 236.04 252.2435 252.09 252.09 251.3736 265.31 265.31 265.31 264.785 271.4632 271.4 271.4 268.4218 268.45 268.45 271.447 271.8 271.8 271.8 308.5279 308.18 308.18 365.0871 371.79 371.79 371.79 394.7373 394.52 394.52 393.4617 414.05 414.05 414.05 399.5527 399.69 399.69 401.6294 363.9 363.9 363.9 342.9747 340.51 340.51 340.51 330.72 330.72 330.72 321.3712 320.27 320.27 320.27 324.5707 324.53
-9999 -9999 -9999 -9999 -9999 -9999 -9999 -9999 -9999 -9999 -9999 -9999 -9999 -9999 -9999 -9999 -9999 249.35 237.4977 237.61 237.61 236.2054 236.04 236.04 236.04 252.2435 252.09 252.09 251.3736 265.31 265.31 265.31 264.785 264.79 264.79 264.9585 261.68 261.68 261.68 260.7407 260.63 260.63 260.63 302.1634 301.77 301.77 372.0965 380.38 380.38 380.38 469.26 469.26 469.26 470.0549 454.59 454.59 414.05 399.5527 399.69 399.69 401.6294 363.9 363.9 363.9 342.9747 340.51 340.51 340.51 330.72 330.72 330.72 321.3712 320.27 320.27 320.27 324.53 324.53
-9999 -9999 -9999 -9999 -9999 -9999 -9999 -9999 -9999 -9999 -9999 -9999 -9999 -9999 -9999 -9999 -9999 249.35 237.4977 237.61 237.61 236.2054 236.04 236.04 236.04 252.09 252.09 252.09 251.3736 265.31 265.31 265.31 264.785 264.79 264.79 264.9585 261.68 261.68 261.68 260.7407 260.63 260.63 260.63 302.1634 301.77 301.77 372.0965 380.38 380.38 380.38 469.26 469.26 469.26 470.0549 454.59 454.59 454.59 392.8754 393.46 393.46 395.1962 361.42 361.42 361.42 339.9365 340.14 340.14 340.14 327.09 327.09 327.09 325.5154 325.33 325.33 325.33 331.17 331.17
-9999 -9999 -9999 -9999 -9999 -9999 -9999 -9999 -9999 -9999 -9999 -9999 -9999 -9999 -9999 -9999 -9999 249.35 237.4977 237.61 237.61 236.2054 236.04 236.04 236.04 252.09 252.09 252.09 251.3736 265.31 265.31 265.31 264.785 264.79 264.79 264.9585 261.68 261.68 261.68 260.62 260.63 260.63 260.63 302.1634 301.77 301.77 372.0965 380.38 380.38 380.38 469.26 469.26 469.26 470.0549 454.59 454.59 454.59 392.8754 393.46 393.46 395.1962 361.42 361.42 361.42 339.9365 340.14 340.14 340.14 327.09 327.09 327.09 325.5154 325.33 325.33 325.33 331.17 331.17
-9999 -9999 -9999 -9999 -9999 -9999 -9999 -9999 -9999 -9999 -9999 -9999 -9999 -9999 -9999 -9999 -9999 244.57 263.7012 263.52 263.52 235.9577 236.04 236.04 236.04 252.09 252.09 252.09 263.9169 265.31 265.31 265.31 264.785 264.79 264.79 264.9585 261.68 261.68 261.68 260.62 260.63 260.63 260.63 302.1634 301.77 301.77 372.0965 380.38 380.38 380.38 469.26 469.26 469.26 456.1359 454.59 454.59 454.59 392.8754 393.46 393.46 395.1962 361.42 361.42 361.42 339.9365 340.14 340.14 340.8472 327.09 327.09 327.09 325.5154 325.33 325.33 325.33 331.17 331.17
-9999 -9999 -9999 -9999 -9999 -9999 -9999 -9999 -9999 -9999 -9999 -9999 -9999 -9999 -9999 -9999 -9999 243.5432 263.52 263.52 263.52 252.5161 251.22 251.22 251.22 254.05 254.05 254.05 267.2726 268.83 268.83 268.83 268.1839 268.19 268.19 268.2301 267.45 267.45 267.45 255.8501 255.96 255.96 254.1848 300.3948 301.77 301.77 372.0965 380.38 380.38 380.38 469.26 469.26 469.26 456.1359 454.59 454.59 454.59 392.8754 393.46 393.46 395.1962 361.42 361.42 361.42 339.9365 340.14 340.14 340.8472 327.09 327.09 327.09 325.5154 325.33 325.33 325.33 331.17 331.17
-9999 -9999 -9999 -9999 -9999 -9999 -9999 -9999 -9999 -9999 -9999 -9999 -9999 -9999 -9999 -9999 -9999 243.5432 263.52 263.52 263.52 252.5161 251.22 251.22 251.22 254.05 254.05 254.05 267.2726 268.83 268.83 268.8647 268.19 268.19 268.19 268.2301 267.45 267.45 267.45 255.8501 255.96 255.96 254.1848 288.72 288.72 288.72 344.5446 351.12 351.12 351.12 479.84 479.84 479.84 466.0449 464.42 464.42 467.3196 410.91 410.91 410.91 413.0553 371.32 371.32 371.32 353.3902 353.56 354.2872 340.8472 327.09 327.09 327.09 325.5154 325.33 325.33 325.33 331.17 331.17
-9999 -9999 -9999 -9999 -9999 -9999 -9999 -9999 -9999 -9999 -9999 -9999 -9999 -9999 -9999 -9999 -9999 243.5432 263.52 263.52 263.52 251.1024 251.22 251.22 251.22 254.05 254.05 254.05 267.2726 268.83 268.83 268.8647 268.19 268.19 268.19 268.2301 267.45 267.45 267.45 255.8501 255.96 255.96 254.1848 288.72 288.72 288.72 351.7167 351.12 351.12 351.12 479.84 479.84 479.84 466.0449 464.42 464.42 467.3196 410.91 410.91 410.91 413.0553 371.32 371.32 371.32 353.3902 353.56 353.56 354.2059 341.64 341.64 341.64 345.6379 345.6 345.6 345.6 335.48 335.48
-9999 -9999 -9999 -9999 -9999 -9999 -9999 -9999 -9999 -9999 -9999 -9999 -9999 -9999 -9999 -9999 -9999 243.5432 263.52 263.52 263.52 251.1024 251.22 251.22 251.22 254.05 254.05 254.05 267.2726 268.83 268.83 268.8647 268.19 268.19 268.19 267.528 267.45 267.45 267.45 255.8501 255.96 255.96 254.1848 288.72 288.72 288.72 351.7167 351.12 351.12 351.12 479.84 479.84 479.84 466.0449 464.42 464.42 467.3196 410.91 410.91 410.91 375.4918 371.32 371.32 371.32 353.3902 353.56 353.56 354.2059 341.64 341.64 341.64 345.6379 345.6 345.6 345.6 335.48 335.48
-9999 -9999 -9999 -9999 -9999 -9999 -9999 -9999 -9999 -9999 -9999 -9999 -9999 -9999 -9999 -9999 -9999 259.0915 300.5 300.5 300.5 273.4841 273.74 274.9603 251.0667 254.05 254.05 254.05 267.2726 268.83 268.83 268.8647 268.19 268.19 268.19 267.528 267.45 267.45 267.45 255.8501 255.96 255.96 254.1848 288.72 288.72 288.72 351.7167 351.12 351.12 344.145 479.84 479.84 479.84 466.0449 464.42 464.42 467.3196 410.91 410.91 410.91 375.4918 371.32 371.32 371.32 353.3902 353.56 353.56 354.2059 341.64 341.64 341.64 345.6379 345.6 345.6 346.1484 335.48 335.48
-9999 -9999 -9999 -9999 -9999 -9999 -9999 -9999 -9999 -9999 -9999 -9999 -9999 -9999 -9999 -9999 -9999 259.0915 300.5 300.5 300.5 273.4841 273.74 273.74 273.617 276.01 276.01 276.01 291.0486 292.82 292.82 291.8495 310.73 310.73 310.73 298.6526 297.23 297.23 299.1136 262.47 262.47 262.47 261.1272 287.25 287.25 287.25 335.4263 334.97 334.97 328.6555 451.5 451.5 451.5 463.0586 464.42 464.42 467.3196 410.91 410.91 410.91 375.4918 371.32 371.32 372.2824 353.56 353.56 353.56 354.2059 341.64 341.64 341.64 345.6379 345.6 345.6 346.1484 335.48 335.48
-9999 -9999 -9999 -9999 -9999 -9999 -9999 -9999 -9999 -9999 -9999 -9999 -9999 -9999 -9999 -9999 -9999 259.0915 300.5 300.5 300.5 273.4841 273.74 273.74 273.617 276.01 276.01 276.01 292.9807 292.82 292.82 291.8495 310.73 310.73 310.73 298.6526 297.23 297.23 299.1136 262.47 262.47 262.47 261.1272 287.25 287.25 287.25 335.4263 334.97 334.97 328.6555 451.5 451.5 451.5 479.8889 479.62 479.62 482.765 421.58 421.58 421.58 392.8268 389.44 389.44 390.5059 369.77 369.77 369.77 370.3124 359.76 359.76 359.76 349.7249 349.82 349.82 350.1576 343.59 343.59
-9999 -9999 -9999 -9999 -9999 -9999 -9999 -9999 -9999 -9999 -9999 -9999 -9999 -9999 -9999 -9999 -9999 295.8241 300.5 300.5 300.5 273.74 273.74 273.74 273.74 276.01 276.01 276.01 292.82 292.82 292.82 292.82 310.73 310.73 310.73 298.837 297.23 297.23 297.23 262.47 262.47 262.47 284.3002 287.25 287.25 287.25 334.97 334.97 334.97 334.97 451.5 451.5 451.5 479.62 479.62 479.62 479.62 421.58 421.58 421.58 393.2659 389.44 389.44 389.44 369.77 369.77 369.77 369.6838 359.76 359.76 359.76 349.82 349.82 349.82 349.82 343.59 343.59
-9999 -9999 -9999 -9999 -9999 -9999 -9999 -9999 -9999 -9999 -9999 -9999 -9999 -9999 -9999 -9999 -9999 -9999 -9999 -9999 -9999 -9999 -9999 -9999 -9999 -9999 -9999 -9999 -9999 -9999 -9999 -9999 -9999 -9999 -9999 -9999 -9999 -9999 -9999 -9999 -9999 -9999 -9999 -9999 -9999 -9999 -9999 -9999 -9999 -9999 -9999 -9999 -9999 -9999 -9999 -9999 -9999 -9999 -9999 -9999 -9999 -9999 -9999 -9999 -9999 -9999 -9999 -9999 -9999 -9999 -9999 -9999 -9999 -9999 -9999 -9999 -9999
-9999 -9999 -9999 -9999 -9999 -9999 -9999 -9999 -9999 -9999 -9999 -9999 -9999 -9999 -9999 -9999 -9999 -9999 -9999 -9999 -9999 -9999 -9999 -9999 -9999 -9999 -9999 -9999 -9999 -9999 -9999 -9999 -9999 -9999 -9999 -9999 -9999 -9999 -9999 -9999 -9999 -9999 -9999 -9999 -9999 -9999 -9999 -9999 -9999 -9999 -9999 -9999 -9999 -9999 -9999 -9999 -9999 -9999 -9999 -9999 -9999 -9999 -9999 -9999 -9999 -9999 -9999 -9999 -9999 -9999 -9999 -9999 -9999 -9999 -9999 -9999 -9999
-9999 -9999 -9999 -9999 -9999 -9999 -9999 -9999 -9999 -9999 -9999 -9999 -9999 -9999 -9999 -9999 -9999 -9999 -9999 -9999 -9999 -9999 -9999 -9999 -9999 -9999 -9999 -9999 -9999 -9999 -9999 -9999 -9999 -9999 -9999 -9999 -9999 -9999 -9999 -9999 -9999 -9999 -9999 -9999 -9999 -9999 -9999 -9999 -9999 -9999 -9999 -9999 -9999 -9999 -9999 -9999 -9999 -9999 -9999 -9999 -9999 -9999 -9999 -9999 -9999 -9999 -9999 -9999 -9999 -9999 -9999 -9999 -9999 -9999 -9999 -9999 -9999
-9999 -9999 -9999 -9999 -9999 -9999 -9999 -9999 -9999 -9999 -9999 -9999 -9999 -9999 -9999 -9999 -9999 -9999 -9999 -9999 -9999 -9999 -9999 -9999 -9999 -9999 -9999 -9999 -9999 -9999 -9999 -9999 -9999 -9999 -9999 -9999 -9999 -9999 -9999 -9999 -9999 -9999 -9999 -9999 -9999 -9999 -9999 -9999 -9999 -9999 -9999 -9999 -9999 -9999 -9999 -9999 -9999 -9999 -9999 -9999 -9999 -9999 -9999 -9999 -9999 -9999 -9999 -9999 -9999 -9999 -9999 -9999 -9999 -9999 -9999 -9999 -9999
-9999 -9999 -9999 -9999 -9999 -9999 -9999 -9999 -9999 -9999 -9999 -9999 -9999 -9999 -9999 -9999 -9999 -9999 -9999 -9999 -9999 -9999 -9999 -9999 -9999 -9999 -9999 -9999 -9999 -9999 -9999 -9999 -9999 -9999 -9999 -9999 -9999 -9999 -9999 -9999 -9999 -9999 -9999 -9999 -9999 -9999 -9999 -9999 -9999 -9999 -9999 -9999 -9999 -9999 -9999 -9999 -9999 -9999 -9999 -9999 -9999 -9999 -9999 -9999 -9999 -9999 -9999 -9999 -9999 -9999 -9999 -9999 -9999 -9999 -9999 -9999 -9999
-9999 -9999 -9999 -9999 -9999 -9999 -9999 -9999 -9999 -9999 -9999 -9999 -9999 -9999 -9999 -9999 -9999 -9999 -9999 -9999 -9999 -9999 -9999 -9999 -9999 -9999 -9999 -9999 -9999 -9999 -9999 -9999 -9999 -9999 -9999 -9999 -9999 -9999 -9999 -9999 -9999 -9999 -9999 -9999 -9999 -9999 -9999 -9999 -9999 -9999 -9999 -9999 -9999 -9999 -9999 -9999 -9999 -9999 -9999 -9999 -9999 -9999 -9999 -9999 -9999 -9999 -9999 -9999 -9999 -9999 -9999 -9999 -9999 -9999 -9999 -9999 -9999
-9999 -9999 -9999 -9999 -9999 -9999 -9999 -9999 -9999 -9999 -9999 -9999 -9999 -9999 -9999 -9999 -9999 -9999 -9999 -9999 -9999 -9999 -9999 -9999 -9999 -9999 -9999 -9999 -9999 -9999 -9999 -9999 -9999 -9999 -9999 -9999 -9999 -9999 -9999 -9999 -9999 -9999 -9999 -9999 -9999 -9999 -9999 -9999 -9999 -9999 -9999 -9999 -9999 -9999 -9999 -9999 -9999 -9999 -9999 -9999 -9999 -9999 -9999 -9999 -9999 -9999 -9999 -9999 -9999 -9999 -9999 -9999 -9999 -9999 -9999 -9999 -9999
-9999 -9999 -9999 -9999 -9999 -9999 -9999 -9999 -9999 -9999 -9999 -9999 -9999 -9999 -9999 -9999 -9999 -9999 -9999 -9999 -9999 -9999 -9999 -9999 -9999 -9999 -9999 -9999 -9999 -9999 -9999 -9999 -9999 -9999 -9999 -9999 -9999 -9999 -9999 -9999 -9999 -9999 -9999 -9999 -9999 -9999 -9999 -9999 -9999 -9999 -9999 -9999 -9999 -9999 -9999 -9999 -9999 -9999 -9999 -9999 -9999 -9999 -9999 -9999 -9999 -9999 -9999 -9999 -9999 -9999 -9999 -9999 -9999 -9999 -9999 -9999 -9999
-9999 -9999 -9999 -9999 -9999 -9999 -9999 -9999 -9999 -9999 -9999 -9999 -9999 -9999 -9999 -9999 -9999 -9999 -9999 -9999 -9999 -9999 -9999 -9999 -9999 -9999 -9999 -9999 -9999 -9999 -9999 -9999 -9999 -9999 -9999 -9999 -9999 -9999 -9999 -9999 -9999 -9999 -9999 -9999 -9999 -9999 -9999 -9999 -9999 -9999 -9999 -9999 -9999 -9999 -9999 -9999 -9999 -9999 -9999 -9999 -9999 -9999 -9999 -9999 -9999 -9999 -9999 -9999 -9999 -9999 -9999 -9999 -9999 -9999 -9999 -9999 -9999
