Model and model input files/precip_2004.asc
ncols         625
nrows         453
xllcorner     138621.56993419
yllcorner     4094031.9406744
cellsize      1000
NODATA_value  -9999
[rows 34 to 67 of 453, columns 154 to 230 of 625]
633.8 721.5448 731.88 731.88 731.88 900.9111 899.31 899.31 1004.178 1016.53 1016.53 1016.53 823.0405 800.25 800.25 802.6104 756.69 756.69 756.69 735.0853 735.29 735.29 738.3126 679.51 679.51 679.51 668.738 668.84 668.84 656.0707 904.49 904.49 904.49 952.6966 952.24 952.24 952.24 727.8445 729.97 729.97 654.231 645.31 645.31 645.31 621.49 621.49 621.49 607.5965 605.96 605.96 606.4965 596.06 596.06 596.06 700.4896 712.79 712.79 701.8837 914.06 914.06 914.06 1239.784 1278.15 1278.15 1278.15 1468.049 1466.25 1466.25 1279.873 -9999 -9999 -9999 -9999 -9999 -9999 -9999 -9999
618.0443 721.5448 731.88 731.88 731.88 900.9111 899.31 899.31 1004.178 1016.53 1016.53 1016.53 823.0405 800.25 800.25 802.6104 756.69 756.69 756.69 735.0853 735.29 735.29 738.3126 679.51 679.51 679.51 668.738 668.84 668.84 656.0707 904.49 904.49 904.49 952.6966 952.24 952.24 964.2842 729.97 729.97 729.97 654.231 645.31 645.31 645.31 621.49 621.49 621.49 607.5965 605.96 605.96 606.4965 596.06 596.06 596.06 700.4896 712.79 712.79 701.8837 914.06 914.06 914.06 1239.784 1278.15 1278.15 1278.15 1468.049 1466.25 1466.25 1279.873 -9999 -9999 -9999 -9999 -9999 -9999 -9999 -9999
484.28 527.8304 532.96 532.96 532.96 605.386 604.7 604.7 622.2168 624.28 624.28 624.28 607.9049 608.06 608.06 608.066 607.95 607.95 607.95 633.2092 632.97 632.97 627.9051 726.44 726.44 726.44 729.2971 729.27 729.27 724.3715 819.67 819.67 819.67 774.5123 774.94 774.94 778.492 709.39 729.97 729.97 654.231 645.31 645.31 645.31 621.49 621.49 621.49 607.5965 605.96 605.96 606.4965 596.06 596.06 596.06 700.4896 712.79 712.79 701.8837 914.06 914.06 914.06 1239.784 1278.15 1278.15 1267.957 1466.25 1466.25 1466.25 1279.873 -9999 -9999 -9999 -9999 -9999 -9999 -9999 -9999
484.28 527.8304 532.96 532.96 532.96 605.386 604.7 604.7 622.2168 624.28 624.28 624.28 607.9049 608.06 608.06 608.066 607.95 607.95 607.95 633.2092 632.97 632.97 627.9051 726.44 726.44 726.44 729.2971 729.27 729.27 724.3715 819.67 819.67 819.67 774.5123 774.94 774.94 778.492 709.39 709.39 709.39 617.4996 618.37 618.37 618.37 572.44 572.44 572.44 600.6207 603.94 603.94 600.3788 669.66 669.66 669.66 900.4106 927.59 927.59 908.2408 1284.67 1284.67 1284.67 1419.401 1435.27 1435.27 1433.633 1465.48 1465.48 1465.48 1197.307 -9999 -9999 -9999 -9999 -9999 -9999 -9999 -9999
484.28 527.8304 532.96 532.96 532.96 605.386 604.7 604.7 622.2168 624.28 624.28 624.28 607.9049 608.06 608.06 607.9616 607.95 607.95 607.95 633.2092 632.97 632.97 627.9051 726.44 726.44 726.44 729.2971 729.27 729.27 724.3715 819.67 819.67 819.67 774.5123 774.94 774.94 778.492 709.39 709.39 709.39 617.4996 618.37 618.37 618.37 572.44 572.44 572.44 600.6207 603.94 603.94 600.3788 669.66 669.66 669.66 900.4106 927.59 927.59 908.2408 1284.67 1284.67 1284.67 1419.401 1435.27 1435.27 1433.633 1465.48 1465.48 1465.48 1162.854 -9999 -9999 -9999 -9999 -9999 -9999 -9999 -9999
484.28 527.8304 532.96 532.96 532.96 605.386 604.7 604.7 622.2168 624.28 624.28 624.28 607.9049 608.06 608.06 607.9616 607.95 607.95 607.95 632.97 632.97 632.97 627.9051 726.44 726.44 726.44 729.2971 729.27 729.27 724.3715 819.67 819.67 819.67 774.5123 774.94 774.94 778.492 709.39 709.39 709.39 617.4996 618.37 618.37 620.8588 572.44 572.44 572.44 600.6207 603.94 603.94 600.3788 669.66 669.66 669.66 900.4106 927.59 927.59 908.2408 1284.67 1284.67 1284.67 1419.401 1435.27 1435.27 1433.633 1465.48 1465.48 1465.48 1162.854 -9999 -9999 -9999 -9999 -9999 -9999 -9999 -9999
393.78 447.377 453.69 453.69 453.69 483.3812 483.1 483.1 520.5311 524.94 524.94 524.94 527.6658 527.64 527.64 550.2383 602.1491 607.95 607.95 632.97 632.97 632.97 627.9051 726.44 726.44 726.44 729.2971 729.27 729.27 724.3715 819.67 819.67 819.67 774.5123 774.94 774.94 778.492 709.39 709.39 709.39 617.4996 618.37 618.37 620.8588 572.44 572.44 572.44 600.6207 603.94 603.94 600.3788 669.66 669.66 669.66 900.4106 927.59 927.59 908.2408 1284.67 1284.67 1284.67 1419.401 1435.27 1435.27 1433.633 1465.48 1465.48 1465.48 1162.854 -9999 -9999 -9999 -9999 -9999 -9999 -9999 -9999
393.78 447.377 453.69 453.69 453.69 483.3812 483.1 483.1 520.5311 524.94 524.94 524.94 527.6658 527.64 527.64 550.2383 552.9 552.9 552.9 598.68 598.68 598.68 668.246 676.44 676.44 676.44 810.0051 808.74 808.74 807.7982 826.12 826.12 826.12 645.3074 647.02 647.02 647.1588 644.46 644.46 644.46 610.0642 610.39 610.39 608.5455 644.43 644.43 644.43 660.4215 660.27 660.27 652.8425 797.34 797.34 797.34 1093.461 1128.34 1128.34 1119.869 1284.67 1284.67 1284.67 1419.401 1435.27 1435.27 1433.633 1465.48 1465.48 1465.48 1162.854 -9999 -9999 -9999 -9999 -9999 -9999 -9999 -9999
393.78 447.377 453.69 453.69 453.69 483.3812 483.1 483.1 520.5311 524.94 524.94 524.94 527.6658 527.64 527.64 550.2383 552.9 552.9 552.9 598.68 598.68 598.68 668.246 676.44 676.44 676.44 810.0051 808.74 808.74 807.7982 826.12 826.12 826.12 645.3074 647.02 647.02 647.1588 644.46 644.46 644.46 610.0642 610.39 610.39 608.5455 644.43 644.43 644.43 660.4215 660.27 660.27 652.8425 797.34 797.34 797.34 1093.461 1128.34 1128.34 1110.359 1460.16 1460.16 1460.16 1566.388 1578.9 1578.9 1583.564 1492.82 1492.82 1492.82 1215.857 -9999 -9999 -9999 -9999 -9999 -9999 -9999 -9999
393.78 454.2629 453.69 453.69 453.69 483.3812 483.1 483.1 520.5311 524.94 524.94 524.94 527.6658 527.64 527.64 550.2383 552.9 552.9 552.9 598.68 598.68 598.68 668.246 676.44 676.44 669.271 808.74 808.74 808.74 807.7982 826.12 826.12 826.12 645.3074 647.02 647.02 647.1588 644.46 644.46 644.46 610.0642 610.39 610.39 608.5455 644.43 644.43 644.43 660.4215 660.27 660.27 782.8963 797.34 797.34 797.34 1093.461 1128.34 1128.34 1110.359 1460.16 1460.16 1460.16 1566.388 1578.9 1578.9 1583.564 1492.82 1492.82 1492.82 1215.857 -9999 -9999 -9999 -9999 -9999 -9999 -9999 -9999
393.78 454.2629 453.69 453.69 452.0963 483.1 483.1 483.1 520.5311 524.94 524.94 524.94 527.6658 527.64 527.64 550.2383 552.9 552.9 552.9 598.68 598.68 598.68 668.246 676.44 676.44 669.271 808.74 808.74 808.74 807.7982 826.12 826.12 826.12 645.3074 647.02 647.02 647.1588 644.46 644.46 644.46 610.0642 610.39 610.39 608.5455 644.43 644.43 644.43 660.4215 660.27 660.27 782.8963 797.34 797.34 797.34 1093.461 1128.34 1128.34 1110.359 1460.16 1460.16 1460.16 1566.388 1578.9 1578.9 1583.564 1492.82 1492.82 1492.82 1215.857 -9999 -9999 -9999 -9999 -9999 -9999 -9999 -9999
368.99 408.2014 407.83 407.83 405.8689 444.02 444.02 444.02 460.5258 462.47 462.47 462.47 477.25 477.11 477.11 491.2809 492.95 492.95 492.95 542.16 542.16 542.16 589.4946 595.07 595.07 588.9094 708.76 708.76 708.76 665.0308 659.88 659.88 659.88 579.0342 647.6628 647.02 647.1588 644.46 644.46 644.46 610.0642 610.39 610.39 608.5455 644.43 644.43 644.43 660.4215 660.27 660.27 782.8963 797.34 797.34 797.34 1131.505 1128.34 1128.34 1110.359 1460.16 1460.16 1460.16 1566.388 1578.9 1578.9 1583.564 1492.82 1492.82 1492.82 1215.857 -9999 -9999 -9999 -9999 -9999 -9999 -9999 -9999
368.99 408.2014 407.83 407.83 405.8689 444.02 444.02 444.02 462.6464 462.47 462.47 462.47 477.25 477.11 477.11 491.2809 492.95 492.95 492.95 542.16 542.16 542.16 589.4946 595.07 595.07 588.9094 708.76 708.76 708.76 665.0308 659.88 659.88 659.88 579.0342 579.8 579.8 579.5789 583.88 583.88 583.88 576.6515 576.72 576.72 573.7711 631.14 631.14 631.14 681.7292 681.25 681.25 838.1761 856.66 856.66 856.66 1082.186 1080.05 1080.05 1064.904 1359.56 1359.56 1359.56 1507.442 1524.86 1524.86 1528.053 1465.93 1465.93 1465.93 1101.397 -9999 -9999 -9999 -9999 -9999 -9999 -9999 -9999
368.99 408.2014 407.83 407.83 405.8689 444.02 444.02 444.02 462.6464 462.47 462.47 462.47 477.25 477.11 477.11 491.2809 492.95 492.95 492.95 542.16 542.16 542.16 589.4946 595.07 595.07 588.9094 708.76 708.76 708.76 665.0308 659.88 659.88 664.2194 579.8 579.8 579.8 579.5789 583.88 583.88 583.88 576.6515 576.72 576.72 573.7711 631.14 631.14 631.14 681.7292 681.25 681.25 838.1761 856.66 856.66 856.66 1082.186 1080.05 1080.05 1330.107 1359.56 1359.56 1359.56 1507.442 1524.86 1524.86 1528.053 1465.93 1465.93 1465.93 1101.397 -9999 -9999 -9999 -9999 -9999 -9999 -9999 -9999
368.99 408.2014 407.83 407.83 405.8689 444.02 444.02 444.02 462.6464 462.47 462.47 461.6767 477.11 477.11 477.11 491.2809 492.95 492.95 492.95 542.16 542.16 542.16 589.4946 595.07 595.07 588.9094 708.76 708.76 708.76 665.0308 659.88 659.88 664.2194 579.8 579.8 579.8 579.5789 583.88 583.88 583.88 576.6515 576.72 576.72 573.7711 631.14 631.14 631.14 681.7292 681.25 681.25 838.1761 856.66 856.66 856.66 1082.186 1080.05 1080.05 1330.107 1359.56 1359.56 1359.56 1507.442 1524.86 1524.86 1528.053 1465.93 1465.93 1465.93 1101.397 -9999 -9999 -9999 -9999 -9999 -9999 -9999 -9999
374 408.1535 407.83 407.83 405.8689 444.02 444.02 444.02 462.6464 462.47 462.47 461.6767 477.11 477.11 477.11 491.2809 492.95 492.95 492.95 542.16 542.16 542.16 589.4946 595.07 595.07 588.9094 708.76 708.76 708.76 665.0308 659.88 659.88 664.2194 579.8 579.8 579.8 583.4501 583.88 583.88 583.88 576.6515 576.72 576.72 573.7711 631.14 631.14 631.14 681.7292 681.25 681.25 838.1761 856.66 856.66 856.66 1082.186 1080.05 1080.05 1330.107 1359.56 1359.56 1359.56 1507.442 1524.86 1524.86 1528.053 1465.93 1465.93 1465.93 1101.397 -9999 -9999 -9999 -9999 -9999 -9999 -9999 -9999
374 415.705 415.31 415.31 414.8369 424.04 424.04 424.04 453.5394 453.26 453.26 452.3898 469.32 469.32 469.32 496.7296 496.47 496.47 496.47 516.09 516.09 516.09 584.7793 592.87 592.87 587.332 695.07 695.07 695.07 664.1607 660.52 660.52 663.5095 605.35 605.35 605.35 593.7377 592.37 592.37 592.37 609.1893 609.03 609.03 609.327 603.55 603.55 603.55 673.9165 673.25 673.25 857.3281 879.01 879.01 880.2211 1082.186 1080.05 1080.05 1330.107 1359.56 1359.56 1359.56 1526.441 1524.86 1524.86 1528.053 1465.93 1465.93 1465.93 1101.397 -9999 -9999 -9999 -9999 -9999 -9999 -9999 -9999
374 415.705 415.31 415.31 414.8369 424.04 424.04 424.04 453.5394 453.26 453.26 452.3898 469.32 469.32 469.32 496.7296 496.47 496.47 496.47 516.09 516.09 516.09 584.7793 592.87 592.87 587.332 695.07 695.07 695.07 664.1607 660.52 660.52 663.5095 605.35 605.35 605.35 593.7377 592.37 592.37 591.4672 609.03 609.03 609.03 609.327 603.55 603.55 603.55 673.9165 673.25 673.25 857.3281 879.01 879.01 879.01 1122.304 1120 1120 1275.03 1293.29 1293.29 1293.29 1424.361 1423.12 1423.12 1439.133 1127.61 1127.61 1127.61 805.4889 -9999 -9999 -9999 -9999 -9999 -9999 -9999 -9999
374 415.705 415.31 415.31 414.8369 424.04 424.04 424.04 453.5394 453.26 453.26 452.3898 469.32 469.32 469.32 496.7296 496.47 496.47 495.4068 516.09 516.09 516.09 584.7793 592.87 592.87 587.332 695.07 695.07 695.07 664.1607 660.52 660.52 663.5095 605.35 605.35 605.35 593.7377 592.37 592.37 591.4672 609.03 609.03 609.03 609.327 603.55 603.55 603.55 673.9165 673.25 673.25 857.3281 879.01 879.01 879.01 1122.304 1120 1120 1275.03 1293.29 1293.29 1293.29 1424.361 1423.12 1423.12 1158.749 1127.61 1127.61 1127.61 805.4889 -9999 -9999 -9999 -9999 -9999 -9999 -9999 -9999
374 415.705 415.31 415.31 414.8369 424.04 424.04 424.04 453.5394 453.26 453.26 452.3898 469.32 469.32 469.32 496.7296 496.47 496.47 495.4068 516.09 516.09 516.09 584.7793 592.87 592.87 587.332 695.07 695.07 695.07 664.1607 660.52 660.52 663.5095 605.35 605.35 605.35 593.7377 592.37 592.37 591.4672 609.03 609.03 609.03 604.1274 603.55 603.55 603.55 673.9165 673.25 673.25 857.3281 879.01 879.01 879.01 1122.304 1120 1120 1275.03 1293.29 1293.29 1293.29 1424.361 1423.12 1423.12 1158.749 1127.61 1127.61 1127.61 805.4889 -9999 -9999 -9999 -9999 -9999 -9999 -9999 -9999
364.82 376.04 376.04 376.04 373.0754 430.75 430.75 430.75 481.1777 480.7 480.7 479.9105 495.27 495.27 495.27 495.8253 495.82 495.7848 495.4068 516.09 516.09 516.09 593.6042 592.87 592.87 587.332 695.07 695.07 695.07 664.1607 660.52 660.52 663.5095 605.35 605.35 605.35 593.7377 592.37 592.37 591.4672 609.03 609.03 609.03 604.1274 603.55 603.55 603.55 673.9165 673.25 673.25 857.3281 879.01 879.01 879.01 1122.304 1120 1120 1275.03 1293.29 1293.29 1293.29 1424.361 1423.12 1423.12 1158.749 1127.61 1127.61 1127.61 805.4889 -9999 -9999 -9999 -9999 -9999 -9999 -9999 -9999
364.82 376.04 376.04 376.04 373.0754 430.75 430.75 430.75 481.1777 480.7 480.7 479.9105 495.27 495.27 495.27 495.8253 495.82 495.82 497.0842 472.49 472.49 472.49 514.9825 514.58 514.58 510.3355 592.91 592.91 592.91 631.6115 636.17 636.17 635.749 643.94 643.94 643.94 604.1292 599.44 599.44 599.1382 605.01 605.01 605.01 595.0618 593.89 593.89 593.89 620.0579 619.81 619.81 715.9106 727.23 727.23 727.23 874.2223 872.83 872.83 1064.217 1086.76 1271.527 1293.29 1424.361 1423.12 1423.12 1158.749 1127.61 1127.61 1127.61 808.54 -9999 -9999 -9999 -9999 -9999 -9999 -9999 -9999
364.82 376.04 376.04 376.04 424.9849 430.75 430.75 430.75 481.1777 480.7 480.7 479.9105 495.27 495.27 495.27 495.8253 495.82 495.82 497.0842 472.49 472.49 472.49 514.9825 514.58 514.58 584.6559 592.91 592.91 592.91 631.6115 636.17 636.17 635.749 643.94 643.94 643.94 604.1292 599.44 599.44 599.1382 605.01 605.01 605.01 595.0618 593.89 593.89 592.4855 619.81 619.81 619.81 715.9106 727.23 727.23 727.23 874.2223 872.83 872.83 1064.217 1086.76 1086.76 1086.76 1343.825 1341.39 1341.39 1280.958 1273.84 1273.84 1273.84 807.74 -9999 -9999 -9999 -9999 -9999 -9999 -9999 -9999
364.82 376.04 376.04 376.04 424.9849 430.75 430.75 430.75 481.1777 480.7 480.7 479.9105 495.27 495.27 495.27 495.8253 495.82 495.82 497.0842 472.49 472.49 472.49 514.9825 514.58 514.58 584.6559 592.91 592.91 592.91 631.6115 636.17 636.17 635.749 643.94 643.94 643.94 604.1292 599.44 599.44 599.1382 605.01 605.01 605.01 595.0618 593.89 593.89 592.4855 619.81 619.81 619.81 715.9106 727.23 727.23 727.23 874.2223 872.83 872.83 1064.217 1086.76 1086.76 1086.76 1343.825 1341.39 1341.39 1280.958 1273.84 1273.84 1273.84 807.74 -9999 -9999 -9999 -9999 -9999 -9999 -9999 -9999
364.82 376.04 376.04 376.04 424.9849 430.75 430.75 428.0433 480.7 480.7 480.7 479.9105 495.27 495.27 495.27 495.8253 495.82 495.82 497.0842 472.49 472.49 472.49 514.9825 514.58 514.58 584.6559 592.91 592.91 592.91 636.5837 636.17 636.17 635.749 643.94 643.94 643.94 604.1292 599.44 599.44 599.1382 605.01 605.01 605.01 595.0618 593.89 593.89 592.4855 619.81 619.81 619.81 728.2572 727.23 727.23 727.23 874.2223 872.83 872.83 1064.217 1086.76 1086.76 1086.76 1343.825 1341.39 1341.39 1280.958 1273.84 1273.84 1273.84 807.74 -9999 -9999 -9999 -9999 -9999 -9999 -9999 -9999
359.34 373.69 373.69 373.69 391.3767 393.46 393.46 391.9281 421.73 421.73 421.73 420.6035 442.52 442.52 442.52 431.4956 431.6 431.6 432.0037 424.15 424.15 424.15 438.9603 438.82 438.82 487.0403 492.72 492.72 492.72 524.9856 524.68 524.68 523.6163 544.31 544.31 633.4415 604.1292 599.44 599.44 599.1382 605.01 605.01 605.01 595.0618 593.89 593.89 592.4855 619.81 619.81 619.81 728.2572 727.23 727.23 727.23 874.2223 872.83 872.83 1064.217 1086.76 1086.76 1086.76 1343.825 1341.39 1341.39 1280.958 1273.84 1273.84 1273.84 807.74 -9999 -9999 -9999 -9999 -9999 -9999 -9999 -9999
359.34 373.69 373.69 373.69 391.3767 393.46 393.46 391.9281 421.73 421.73 421.73 440.3293 442.52 442.52 442.52 431.4956 431.6 431.6 432.0037 424.15 424.15 424.15 438.9603 438.82 438.82 487.0403 492.72 492.72 492.72 524.9856 524.68 524.68 542.2415 544.31 544.31 544.31 572.7412 576.09 576.09 575.8966 579.66 579.66 579.66 582.2634 582.57 582.57 582.2302 588.84 588.84 588.84 624.3665 624.03 624.03 624.03 749.7407 748.55 748.55 1011.713 1042.71 1042.71 1042.71 1303.258 1300.79 1300.79 1331.681 1335.32 1335.32 1335.32 911.9 -9999 -9999 -9999 -9999 -9999 -9999 -9999 -9999
359.34 373.69 373.69 373.69 391.3767 393.46 393.46 391.9281 421.73 421.73 421.73 440.3293 442.52 442.52 442.52 431.4956 431.6 431.6 432.0037 424.15 424.15 424.15 438.9603 438.82 438.82 487.0403 492.72 492.72 492.72 524.9856 524.68 524.68 542.2415 544.31 544.31 544.31 572.7412 576.09 576.09 575.8966 579.66 579.66 579.66 582.2634 582.57 582.57 582.2302 588.84 588.84 588.84 624.3665 624.03 624.03 617.2826 748.55 748.55 748.55 1011.713 1042.71 1042.71 1042.71 1303.258 1300.79 1300.79 1331.681 1335.32 1335.32 1335.32 911.9 -9999 -9999 -9999 -9999 -9999 -9999 -9999 -9999
359.34 373.69 373.69 373.69 391.3767 393.46 393.46 391.9281 421.73 421.73 421.73 440.3293 442.52 442.52 443.1117 431.6 431.6 431.6 432.0037 424.15 424.15 424.15 438.9603 438.82 438.82 487.0403 492.72 492.72 492.72 524.9856 524.68 524.68 542.2415 544.31 544.31 544.31 576.3939 576.09 576.09 575.8966 579.66 579.66 579.66 582.2634 582.57 582.57 582.2302 588.84 588.84 588.84 624.3665 624.03 624.03 617.2826 748.55 748.55 748.55 1011.713 1042.71 1042.71 1042.71 1303.258 1300.79 1300.79 1331.681 1335.32 1335.32 1335.32 911.9 -9999 -9999 -9999 -9999 -9999 -9999 -9999 -9999
447.65 420.66 420.66 420.66 422.4224 422.63 422.63 422.6343 422.55 422.55 422.55 431.0758 432.08 432.08 443.2115 431.6 431.6 431.6 432.0037 424.15 424.15 424.15 438.9603 438.82 438.82 487.0403 492.72 492.72 492.72 524.9856 524.68 524.68 542.2415 544.31 544.31 544.31 576.3939 576.09 576.09 575.8966 579.66 579.66 579.66 582.2634 582.57 582.57 582.2302 588.84 588.84 588.84 624.3665 624.03 624.03 617.2826 748.55 748.55 748.55 1045.523 1042.71 1042.71 1042.71 1303.258 1300.79 1300.79 1331.681 1335.32 1335.32 1335.32 911.9 -9999 -9999 -9999 -9999 -9999 -9999 -9999 -9999
447.65 420.66 420.66 420.66 422.4224 422.63 422.63 422.6343 422.55 422.55 422.55 431.0758 432.08 432.08 432.0719 432.23 432.23 432.23 436.4526 436.95 436.95 436.95 438.1514 438.14 438.14 446.3616 447.33 447.33 447.33 469.9442 469.73 469.73 491.6931 494.28 494.28 494.28 536.2072 535.81 535.81 533.4891 578.64 578.64 578.64 599.0822 601.49 601.49 597.1626 681.35 681.35 681.35 620.2008 620.78 620.78 618.0864 670.49 740.3244 748.55 1045.523 1042.71 1042.71 1042.71 1303.258 1300.79 1300.79 1331.681 1335.32 1335.32 1335.32 911.9 -9999 -9999 -9999 -9999 -9999 -9999 -9999 -9999
449.1125 420.66 420.66 420.66 422.4224 422.63 422.63 422.6343 422.55 422.55 422.55 431.0758 432.08 432.08 432.0719 432.23 432.23 432.23 436.4526 436.95 436.95 436.95 438.1514 438.14 438.14 446.3616 447.33 447.33 447.33 469.9442 469.73 469.73 491.6931 494.28 494.28 494.28 536.2072 535.81 535.81 574.1268 578.64 578.64 578.64 599.0822 601.49 601.49 597.1626 681.35 681.35 681.35 620.2008 620.78 620.78 618.0864 670.49 670.49 670.49 1130.437 1126.08 1126.08 1126.08 1388.001 1385.52 1385.52 1356.033 1352.56 1352.56 1352.56 1001.3 -9999 -9999 -9999 -9999 -9999 -9999 -9999 -9999
449.1125 420.66 420.66 420.66 422.4224 422.63 422.63 422.6343 422.55 422.55 422.55 431.0758 432.08 432.08 432.0719 432.23 432.23 432.23 436.4526 436.95 436.95 436.95 438.1514 438.14 438.14 446.3616 447.33 447.33 447.33 469.9442 469.73 469.73 491.6931 494.28 494.28 494.28 536.2072 535.81 535.81 574.1268 578.64 578.64 578.64 599.0822 601.49 601.49 597.1626 681.35 681.35 681.35 620.2008 620.78 620.78 618.0864 670.49 670.49 670.49 1130.437 1126.08 1126.08 1112.022 1385.52 1385.52 1385.52 1356.033 1352.56 1352.56 1352.56 1001.3 -9999 -9999 -9999 -9999 -9999 -9999 -9999 -9999
449.1125 420.66 420.66 420.66 422.4224 422.63 422.63 422.6343 422.55 422.55 422.55 431.0758 432.08 432.08 432.0719 432.23 432.23 432.23 436.4526 436.95 436.95 436.8855 438.14 438.14 438.14 446.3616 447.33 447.33 447.33 469.9442 469.73 469.73 491.6931 494.28 494.28 494.28 536.2072 535.81 535.81 574.1268 578.64 578.64 578.64 599.0822 601.49 601.49 597.1626 681.35 681.35 681.35 620.2008 620.78 620.78 618.0864 670.49 670.49 670.49 1130.437 1126.08 1126.08 1112.022 1385.52 1385.52 1385.52 1356.033 1352.56 1352.56 1352.56 1001.3 -9999 -9999 -9999 -9999 -9999 -9999 -9999 -9999
