Model and model input files/precip_2005.asc
ncols         625
nrows         453
xllcorner     138621.56993419
yllcorner     4094031.9406744
cellsize      1000
NODATA_value  -9999
[rows 68 to 101 of 453, columns 77 to 153 of 625]
451.11 451.11 451.11 472.5721 475.1 475.1 475.4409 468.81 468.81 468.81 460.651 459.69 459.69 459.69 444.7182 444.86 444.86 433.4983 432.16 432.16 432.16 446.0819 445.95 445.95 479.3016 483.23 483.23 483.23 454.0739 454.35 454.35 455.3942 435.08 435.08 435.08 407.4483 407.71 407.71 407.7566 406.85 406.85 406.85 456.9041 456.43 456.43 456.43 463.921 463.85 463.85 464.0558 464.08 464.08 464.08 456.48 456.48 456.48 477.5395 480.02 480.02 476.281 549.02 549.02 549.02 633.6247 643.59 643.59 643.59 679.48 679.14 679.14 680.8123 648.28 648.28 648.28 658.2242 658.13 658.13
451.11 451.11 451.11 472.5721 475.1 475.1 475.4409 468.81 468.81 468.81 459.6028 459.69 459.69 459.69 444.7182 444.86 444.86 433.4983 432.16 432.16 432.16 446.0819 445.95 445.95 479.3016 483.23 483.23 483.23 454.35 454.35 454.35 455.3942 435.08 435.08 435.08 407.4483 407.71 407.71 407.7566 406.85 406.85 406.85 456.9041 456.43 456.43 456.0279 463.85 463.85 463.85 464.0558 464.08 464.08 464.08 456.48 456.48 456.48 477.5395 480.02 480.02 476.281 549.02 549.02 549.02 633.6247 643.59 643.59 643.59 679.48 679.14 679.14 680.8123 648.28 648.28 648.28 658.2242 658.13 658.13
508.27 508.27 508.27 549.6822 554.56 554.56 554.9171 547.97 547.97 547.97 534.1794 534.31 534.31 534.31 517.0162 517.18 452.4807 433.4983 432.16 432.16 432.16 446.0819 445.95 445.95 479.3016 483.23 483.23 483.23 454.35 454.35 454.35 455.3942 435.08 435.08 435.08 407.4483 407.71 407.71 407.7566 406.85 406.85 406.85 456.9041 456.43 456.43 456.0279 463.85 463.85 463.85 464.0558 464.08 464.08 464.08 456.48 456.48 456.48 477.5395 480.02 480.02 476.281 549.02 549.02 549.02 633.6247 643.59 643.59 641.6636 679.14 679.14 679.14 680.8123 648.28 648.28 648.28 658.2242 658.13 658.13
508.27 508.27 508.27 549.6822 554.56 554.56 554.9171 547.97 547.97 547.97 534.1794 534.31 534.31 535.2382 517.18 517.18 517.18 518.7009 518.88 518.88 518.88 567.4601 567 567 520.1216 514.6 514.6 514.6 481.44 481.44 481.44 450.7365 447.12 447.12 447.12 432.2895 432.43 432.43 432.2696 435.39 435.39 435.39 447.3836 447.27 455.4648 456.0279 463.85 463.85 463.85 464.0822 464.08 464.08 464.08 456.48 456.48 456.48 477.5395 480.02 480.02 476.281 549.02 549.02 549.02 633.6247 643.59 643.59 641.6636 679.14 679.14 679.14 680.8123 648.28 648.28 648.28 658.2242 658.13 658.13
508.27 508.27 508.27 549.6822 554.56 554.56 554.9171 547.97 547.97 547.97 534.1794 534.31 534.31 535.2382 517.18 517.18 517.18 518.7009 518.88 518.88 518.88 567.4601 567 567 520.1216 514.6 514.6 514.6 481.44 481.44 481.44 450.7365 447.12 447.12 447.12 432.2895 432.43 432.43 432.2696 435.39 435.39 435.39 447.3836 447.27 447.27 444.1678 504.52 504.52 504.52 522.7224 522.55 522.55 522.55 590.06 590.06 590.06 631.4454 636.32 636.32 640.564 558 558 558 593.9371 598.17 598.17 597.8443 604.18 604.18 604.18 604.9836 589.35 589.35 589.35 609.7734 609.58 658.5942
508.27 508.27 508.27 549.6822 554.56 554.56 554.9171 547.97 547.97 547.97 534.1794 534.31 534.31 535.2382 517.18 517.18 517.18 518.8962 518.88 518.88 518.88 567.4601 567 567 520.1216 514.6 514.6 514.6 481.44 481.44 481.44 450.7365 447.12 447.12 447.12 432.43 432.43 432.43 432.2696 435.39 435.39 435.39 447.3836 447.27 447.27 444.1678 504.52 504.52 504.52 522.7224 522.55 522.55 518.8918 590.06 590.06 590.06 631.4454 636.32 636.32 640.564 558 558 558 593.9371 598.17 598.17 597.8443 604.18 604.18 604.18 590.9127 589.35 589.35 589.35 609.7734 609.58 609.58
508.27 508.27 508.27 549.6822 554.56 554.56 554.9171 547.97 547.97 547.97 534.1794 534.31 534.31 535.2382 517.18 517.18 517.18 518.8962 518.88 518.88 518.88 567.4601 567 567 520.1216 514.6 514.6 514.6 481.44 481.44 481.44 450.7365 447.12 447.12 447.12 432.43 432.43 432.43 432.2696 435.39 435.39 435.39 447.3836 447.27 447.27 444.1678 504.52 504.52 504.52 522.7224 522.55 522.55 518.8918 590.06 590.06 590.06 631.4454 636.32 636.32 640.564 558 558 558 593.9371 598.17 598.17 597.8443 604.18 604.18 604.18 590.9127 589.35 589.35 589.35 609.7734 609.58 609.58
472.14 472.14 472.14 477.2585 477.21 477.21 476.4991 490.33 490.33 490.33 553.1147 552.52 552.52 553.381 536.63 536.63 536.63 569.4005 569.09 569.09 566.2316 621.84 621.84 621.84 616.5975 615.98 615.98 615.98 491.2483 481.44 481.44 450.7365 447.12 447.12 447.12 432.43 432.43 432.43 435.0781 435.39 435.39 435.39 447.3836 447.27 447.27 444.1678 504.52 504.52 504.52 522.7224 522.55 522.55 518.8918 590.06 590.06 590.06 636.7624 636.32 636.32 640.564 558 558 558 593.9371 598.17 598.17 597.8443 604.18 604.18 604.18 590.9127 589.35 589.35 588.2538 609.58 609.58 609.58
472.14 472.14 472.14 477.2585 477.21 477.21 488.9475 490.33 490.33 490.33 553.1147 552.52 552.52 553.381 536.63 536.63 536.63 569.4005 569.09 569.09 566.2316 621.84 621.84 621.84 616.5975 615.98 615.98 615.98 574.52 574.52 574.52 543.9775 540.38 540.38 540.38 505.32 505.32 505.32 471.2079 467.19 467.19 467.19 463.9897 464.02 464.02 464.3446 458.03 458.03 458.03 464.0975 464.04 464.04 462.409 494.14 494.14 494.14 543.0028 542.54 626.4379 640.564 558 558 558 593.9371 598.17 598.17 597.8443 604.18 604.18 604.18 590.9127 589.35 589.35 588.2538 609.58 609.58 609.58
472.14 472.14 472.14 477.2585 477.21 477.21 488.9475 490.33 490.33 490.33 553.1147 552.52 552.52 553.381 536.63 536.63 536.63 569.4005 569.09 569.09 566.2316 621.84 621.84 621.84 615.924 615.98 615.98 615.98 574.52 574.52 574.52 543.9775 540.38 540.38 540.38 505.32 505.32 505.32 471.2079 467.19 467.19 467.3618 464.02 464.02 464.02 464.3446 458.03 458.03 458.03 464.0975 464.04 464.04 462.409 494.14 494.14 494.14 543.0028 542.54 542.54 553.4634 554.75 554.75 554.75 623.6003 631.71 631.71 632.3261 620.34 620.34 620.34 606.9922 605.42 605.42 606.1878 591.25 591.25 591.25
472.14 472.14 472.14 477.2585 477.21 477.21 488.9475 490.33 490.33 490.33 552.52 552.52 552.52 553.381 536.63 536.63 536.63 569.4005 569.09 569.09 566.2316 621.84 621.84 621.84 615.924 615.98 615.98 615.98 574.52 574.52 574.52 543.9775 540.38 540.38 540.38 505.32 505.32 505.32 471.2079 467.19 467.19 467.3618 464.02 464.02 464.02 464.3446 458.03 458.03 458.03 464.0975 464.04 464.04 462.409 494.14 494.14 494.14 543.0028 542.54 542.54 553.4634 554.75 554.75 554.75 623.6003 631.71 631.71 632.3261 620.34 620.34 620.34 606.9922 605.42 605.42 606.1878 591.25 591.25 591.25
436.93 436.93 436.93 423.9066 424.03 477.7185 488.9475 490.33 490.33 490.33 552.52 552.52 552.52 553.381 536.63 536.63 536.63 569.4005 569.09 569.09 566.2316 621.84 621.84 621.84 615.924 615.98 615.98 618.2266 574.52 574.52 574.52 543.9775 540.38 540.38 540.38 505.32 505.32 505.32 471.2079 467.19 467.19 467.3618 464.02 464.02 464.02 458.6612 458.03 458.03 458.03 464.0975 464.04 464.04 462.409 494.14 494.14 494.14 543.0028 542.54 542.54 553.4634 554.75 554.75 554.75 632.4459 631.71 631.71 632.3261 620.34 620.34 620.34 606.9922 605.42 605.42 606.1878 591.25 591.25 591.25
436.93 436.93 436.93 423.9066 424.03 424.03 445.4563 447.98 447.98 447.98 543.96 543.96 543.96 575.5313 579.25 579.25 579.25 545.3994 545.72 545.72 545.6593 546.84 546.84 546.84 605.0514 604.5 604.5 603.6346 620.47 620.47 620.47 597.6033 539.8586 540.38 540.38 505.32 505.32 505.32 471.2079 467.19 467.19 467.3618 464.02 464.02 464.02 458.6612 458.03 458.03 458.03 464.0975 464.04 464.04 462.409 494.14 494.14 494.14 543.0028 542.54 542.54 553.4634 554.75 554.75 554.75 632.4459 631.71 631.71 632.3261 620.34 620.34 620.34 606.9922 605.42 605.42 606.1878 591.25 591.25 591.25
436.93 436.93 436.93 423.9066 424.03 424.03 445.4563 447.98 447.98 447.98 543.96 543.96 543.96 575.5313 579.25 579.25 579.25 545.3994 545.72 545.72 545.6593 546.84 546.84 546.84 605.0514 604.5 604.5 603.6346 620.47 620.47 620.47 594.6655 594.91 594.91 594.91 567.61 567.61 567.61 567.5385 567.53 567.53 568.8641 542.91 542.91 542.91 517.2969 514.28 514.28 514.9005 502.83 502.83 502.83 502.61 506.89 506.89 506.89 523.2651 523.11 523.11 603.9662 613.49 613.49 613.49 689.6514 688.93 688.93 668.4073 665.99 665.99 665.99 670.4274 670.95 670.95 605.5612 591.25 591.25 591.25
436.93 436.93 436.93 423.9066 424.03 424.03 445.4563 447.98 447.98 447.98 543.96 543.96 543.96 575.5313 579.25 579.25 581.0669 545.72 545.72 545.72 545.6593 546.84 546.84 546.84 605.0514 604.5 604.5 603.6346 620.47 620.47 620.47 594.6655 594.91 594.91 596.3893 567.61 567.61 567.61 567.5385 567.53 567.53 568.8641 542.91 542.91 542.91 517.2969 514.28 514.28 514.9005 502.83 502.83 502.83 502.61 506.89 506.89 506.89 523.2651 523.11 523.11 603.9662 613.49 613.49 613.49 689.6514 688.93 688.93 668.4073 665.99 665.99 665.99 670.4274 670.95 670.95 672.4402 643.45 643.45 643.45
436.93 436.93 437.629 424.03 424.03 424.03 445.4563 447.98 447.98 447.98 543.96 543.96 543.96 575.5313 579.25 579.25 581.0669 545.72 545.72 545.72 545.6593 546.84 546.84 546.84 605.0514 604.5 604.5 603.6346 620.47 620.47 620.47 594.6655 594.91 594.91 596.3893 567.61 567.61 567.61 567.5385 567.53 567.53 568.8641 542.91 542.91 542.91 517.2969 514.28 514.28 514.9005 502.83 502.83 502.83 506.4622 506.89 506.89 506.89 523.2651 523.11 523.11 603.9662 613.49 613.49 613.49 689.6514 688.93 688.93 668.4073 665.99 665.99 665.99 670.4274 670.95 670.95 672.4402 643.45 643.45 643.45
397.5 397.5 398.0115 388.06 388.06 388.06 417.8421 421.35 421.35 421.35 462.94 462.94 462.94 496.2111 500.13 500.13 497.6596 545.72 545.72 545.72 546.722 546.84 546.84 546.84 605.0514 604.5 604.5 603.6346 620.47 620.47 620.47 594.6655 594.91 594.91 596.3893 567.61 567.61 567.61 567.5385 567.53 567.53 568.8641 542.91 542.91 542.91 517.2969 514.28 514.28 514.9005 502.83 502.83 502.83 506.4622 506.89 506.89 506.89 523.2651 523.11 523.11 603.9662 613.49 613.49 613.49 689.6514 688.93 688.93 668.4073 665.99 665.99 665.99 670.9974 670.95 670.95 672.4402 643.45 643.45 643.45
397.5 397.5 398.0115 388.06 388.06 388.06 421.6683 421.35 421.35 421.35 462.94 462.94 462.94 496.2111 500.13 500.13 498.3153 533.62 533.62 533.62 528.959 528.41 528.41 528.41 586.4094 585.86 585.86 583.3023 633.06 633.06 633.06 616.0388 616.2 616.2 615.1509 635.56 635.56 635.56 617.7917 617.96 617.96 617.6983 622.79 622.79 622.79 516.5331 514.28 514.28 514.9005 502.83 502.83 502.83 506.4622 506.89 506.89 506.0111 523.11 523.11 523.11 603.9662 613.49 613.49 613.49 689.6514 688.93 688.93 668.4073 665.99 665.99 665.99 670.9974 670.95 670.95 672.4402 643.45 643.45 643.45
397.5 397.5 398.0115 388.06 388.06 388.06 421.6683 421.35 421.35 421.35 462.94 462.94 462.94 496.2111 500.13 500.13 498.3153 533.62 533.62 533.62 528.959 528.41 528.41 525.2969 585.86 585.86 585.86 583.3023 633.06 633.06 633.06 616.0388 616.2 616.2 615.1509 635.56 635.56 635.56 617.7917 617.96 617.96 617.6983 622.79 622.79 622.79 594.3141 590.96 590.96 592.9937 553.43 553.43 553.43 600.3173 605.84 605.84 608.544 555.94 555.94 555.94 585.1763 588.62 588.62 588.62 640.9557 640.46 640.46 709.3909 717.51 717.51 717.51 726.5859 726.5 726.5 652.8365 644.16 644.16 644.16
397.5 397.5 398.0115 388.06 388.06 388.06 421.6683 421.35 421.35 419.0963 462.94 462.94 462.94 496.2111 500.13 500.13 498.3153 533.62 533.62 533.62 528.959 528.41 528.41 525.2969 585.86 585.86 585.86 583.3023 633.06 633.06 633.06 616.0388 616.2 616.2 615.1509 635.56 635.56 635.56 617.7917 617.96 617.96 622.281 622.79 622.79 622.79 594.3141 590.96 590.96 592.9937 553.43 553.43 553.43 600.3173 605.84 605.84 608.544 555.94 555.94 555.94 588.9325 588.62 588.62 588.62 640.9557 640.46 640.46 709.3909 717.51 717.51 717.51 726.5859 726.5 726.5 652.8365 644.16 644.16 644.16
378.14 378.14 377.6025 388.06 388.06 388.06 421.6683 421.35 421.35 419.0963 462.94 462.94 462.94 496.2111 500.13 500.13 498.3153 533.62 533.62 533.62 528.959 528.41 528.41 525.2969 585.86 585.86 585.86 628.0863 633.06 633.06 633.06 616.0388 616.2 616.2 615.1509 635.56 635.56 635.56 617.7917 617.96 617.96 622.281 622.79 622.79 622.79 594.3141 590.96 590.96 592.9937 553.43 553.43 553.43 600.3173 605.84 605.84 608.544 555.94 555.94 555.94 588.9325 588.62 588.62 588.62 640.9557 640.46 640.46 709.3909 717.51 717.51 717.51 726.5859 726.5 726.5 652.8365 644.16 644.16 644.16
378.14 378.14 377.7087 386.1 386.1 386.1 414.5999 414.33 414.33 412.5017 448.07 448.07 448.07 508.7043 508.13 508.13 505.4353 557.86 557.86 557.86 569.0518 570.37 570.37 572.1202 538.07 538.07 538.07 579.1512 583.99 633.5292 633.06 616.0388 616.2 616.2 615.1509 635.56 635.56 635.56 617.7917 617.96 617.96 622.281 622.79 622.79 622.79 590.6556 590.96 590.96 592.9937 553.43 553.43 553.43 600.3173 605.84 605.84 608.544 555.94 555.94 555.94 588.9325 588.62 588.62 588.62 640.9557 640.46 640.46 709.3909 717.51 717.51 717.51 726.5859 726.5 726.5 652.8365 644.16 644.16 644.16
378.14 378.14 377.7087 386.1 386.1 386.1 414.5999 414.33 414.33 412.5017 448.07 448.07 448.07 508.7043 508.13 508.13 505.4353 557.86 557.86 557.86 569.0518 570.37 570.37 572.1202 538.07 538.07 538.07 579.1512 583.99 583.99 580.1757 654.38 654.38 654.38 652.1036 696.39 696.39 696.39 689.3635 689.43 689.43 635.9135 629.61 629.61 629.61 628.136 628.15 628.15 629.9539 594.86 594.86 594.86 576.2787 574.09 574.09 574.73 562.28 562.28 562.28 588.9325 588.62 588.62 585.8109 640.46 640.46 640.46 709.3909 717.51 717.51 717.51 726.5859 726.5 726.5 652.8365 644.16 644.16 644.16
378.14 378.14 385.2612 386.1 386.1 386.1 414.5999 414.33 414.33 412.5017 448.07 448.07 448.07 508.7043 508.13 508.13 552.6197 557.86 557.86 557.86 569.0518 570.37 570.37 572.1202 538.07 538.07 538.07 579.1512 583.99 583.99 580.1757 654.38 654.38 654.38 652.1036 696.39 696.39 696.39 689.3635 689.43 689.43 635.9135 629.61 629.61 629.61 628.136 628.15 628.15 598.3679 594.86 594.86 594.86 576.2787 574.09 574.09 574.73 562.28 562.28 562.28 610.4766 610.02 610.02 604.2166 717.12 717.12 717.12 788.511 796.92 796.92 796.92 778.0411 778.22 778.22 682.0389 670.71 670.71 670.71
378.14 378.14 385.2612 386.1 386.1 386.1 414.5999 414.33 414.33 412.5017 448.07 448.07 448.07 508.7043 508.13 508.13 552.6197 557.86 557.86 557.86 569.0518 570.37 570.37 572.1202 538.07 538.07 538.07 579.1512 583.99 583.99 580.1757 654.38 654.38 654.38 691.9632 696.39 696.39 696.39 689.3635 689.43 689.43 635.9135 629.61 629.61 629.61 628.136 628.15 628.15 598.3679 594.86 594.86 594.86 576.2787 574.09 574.09 574.73 562.28 562.28 562.28 610.4766 610.02 610.02 604.2166 717.12 717.12 717.12 797.683 796.92 796.92 796.92 778.0411 778.22 778.22 682.0389 670.71 670.71 670.71
366.81 366.81 389.9182 392.64 392.64 390.5278 431.62 431.62 431.62 428.1899 494.92 494.92 494.92 521.946 509.5589 508.13 552.6197 557.86 557.86 557.86 570.4896 570.37 570.37 572.1202 538.07 538.07 538.07 579.1512 583.99 583.99 580.1757 654.38 654.38 654.38 691.9632 696.39 696.39 696.39 689.3635 689.43 689.43 635.9135 629.61 629.61 629.61 628.136 628.15 628.15 598.3679 594.86 594.86 594.86 573.8914 574.09 574.09 574.73 562.28 562.28 562.28 610.4766 610.02 610.02 604.2166 717.12 717.12 717.12 797.683 796.92 796.92 796.92 778.0411 778.22 778.22 682.0389 670.71 670.71 670.71
366.81 366.81 389.9182 392.64 392.64 390.5278 431.62 431.62 431.62 428.1899 494.92 494.92 494.92 521.946 521.69 521.69 529.4643 530.38 530.38 530.38 550.2381 550.05 550.05 549.578 558.76 558.76 558.76 520.309 515.78 515.78 513.4922 558 558 558 635.1614 644.25 644.25 641.4144 696.58 696.58 696.58 652.1261 629.4448 629.61 629.61 628.136 628.15 628.15 598.3679 594.86 594.86 594.86 573.8914 574.09 574.09 574.73 562.28 562.28 562.28 610.4766 610.02 610.02 604.2166 717.12 717.12 717.12 797.683 796.92 796.92 796.92 778.0411 778.22 778.22 682.0389 670.71 670.71 670.71
366.81 366.81 389.9182 392.64 392.64 390.5278 431.62 431.62 431.62 488.2498 494.92 494.92 494.92 521.946 521.69 521.69 529.4643 530.38 530.38 530.38 550.2381 550.05 550.05 557.8422 558.76 558.76 558.76 520.309 515.78 515.78 513.4922 558 558 558 635.1614 644.25 644.25 641.4144 696.58 696.58 696.58 652.1261 646.89 646.89 646.89 673.8958 673.64 673.64 665.8925 664.98 664.98 664.98 639.4583 639.7 639.7 639.8702 636.56 636.56 636.56 672.1471 671.81 671.81 665.8591 781.63 781.63 781.63 910.8641 909.64 909.64 906.7144 963.63 963.63 963.63 819.5148 669.4494 670.71 670.71
366.81 366.81 389.9182 392.64 392.64 390.5278 431.62 431.62 431.62 488.2498 494.92 494.92 494.92 521.946 521.69 521.69 529.4643 530.38 530.38 530.38 550.2381 550.05 550.05 557.8422 558.76 558.76 558.76 520.309 515.78 515.78 513.4922 558 558 558 635.1614 644.25 644.25 641.4144 696.58 696.58 696.58 646.4149 646.89 646.89 646.89 673.8958 673.64 673.64 665.8925 664.98 664.98 664.98 639.4583 639.7 639.7 636.8909 636.56 636.56 636.56 672.1471 671.81 671.81 665.8591 781.63 781.63 781.63 910.8641 909.64 909.64 906.7144 963.63 963.63 963.63 819.5148 802.54 802.54 802.54
366.81 366.81 389.9182 392.64 392.64 390.5278 431.62 431.62 431.62 488.2498 494.92 494.92 494.92 521.946 521.69 521.69 529.4643 530.38 530.38 530.38 550.2381 550.05 550.05 557.8422 558.76 558.76 558.76 515.369 515.78 515.78 513.4922 558 558 558 635.1614 644.25 644.25 641.4144 696.58 696.58 696.58 646.4149 646.89 646.89 646.89 673.8958 673.64 673.64 665.8925 664.98 664.98 664.98 639.4583 639.7 639.7 636.8909 636.56 636.56 636.56 672.1471 671.81 671.81 665.8591 781.63 781.63 781.63 910.8641 909.64 909.64 906.7144 963.63 963.63 963.63 800.9996 802.54 802.54 802.54
420.09 420.09 393.7075 390.6 390.6 389.6425 408.27 408.27 408.27 430.0273 432.59 432.59 431.7664 447.79 447.79 447.79 473.0721 524.655 530.38 530.38 550.2381 550.05 550.05 557.8422 558.76 558.76 558.76 515.369 515.78 515.78 513.4922 558 558 558 635.1614 644.25 644.25 641.4144 696.58 696.58 696.58 646.4149 646.89 646.89 646.89 673.8958 673.64 673.64 665.8925 664.98 664.98 664.98 639.4583 639.7 639.7 636.8909 636.56 636.56 636.56 671.81 671.81 671.81 665.8591 781.63 781.63 781.63 910.8641 909.64 909.64 906.7144 963.63 963.63 963.63 800.9996 802.54 802.54 802.54
420.09 420.09 393.7075 390.6 390.6 389.6425 408.27 408.27 408.27 430.0273 432.59 432.59 431.7664 447.79 447.79 447.79 476.3202 476.05 476.05 476.05 518.7343 518.33 518.33 553.4709 557.61 557.61 557.61 516.4097 516.8 516.8 531.8745 533.65 533.65 533.65 586.6923 592.94 592.94 591.7598 614.72 614.72 614.72 615.3863 615.38 615.38 614.0497 639.93 639.93 639.93 633.4172 632.65 632.65 632.65 742.4096 741.37 741.37 793.2582 635.0031 636.56 636.56 671.81 671.81 671.81 665.8591 781.63 781.63 781.63 910.8641 909.64 909.64 906.7144 963.63 963.63 963.63 800.9996 802.54 802.54 802.54
420.09 420.09 390.318 390.6 390.6 389.6425 408.27 408.27 408.27 430.0273 432.59 432.59 431.7664 447.79 447.79 447.79 476.3202 476.05 476.05 476.05 518.7343 518.33 518.33 553.4709 557.61 557.61 557.61 516.4097 516.8 516.8 531.8745 533.65 533.65 533.65 586.6923 592.94 592.94 591.7598 614.72 614.72 614.72 615.3863 615.38 615.38 614.0497 639.93 639.93 639.93 633.4172 632.65 632.65 632.65 742.4096 741.37 741.37 793.2582 799.37 799.37 799.37 799.62 799.62 799.62 795.4459 876.65 876.65 876.65 1104.064 1101.91 1101.91 1105.662 1032.67 1032.67 1032.67 797.9366 800.16 800.16 794.2855
420.09 420.09 390.318 390.6 390.6 389.6425 408.27 408.27 408.27 430.0273 432.59 432.59 431.7664 447.79 447.79 447.79 476.3202 476.05 476.05 476.05 518.7343 518.33 518.33 553.4709 557.61 557.61 557.61 516.4097 516.8 516.8 531.8745 533.65 533.65 533.65 586.6923 592.94 592.94 591.7598 614.72 614.72 614.72 615.3863 615.38 615.38 614.0497 639.93 639.93 639.93 632.5804 632.65 632.65 632.65 742.4096 741.37 741.37 793.2582 799.37 799.37 799.37 799.62 799.62 799.62 868.533 876.65 876.65 876.65 1104.064 1101.91 1101.91 1105.662 1032.67 1032.67 1032.67 797.9366 800.16 800.16 794.2855
