Model and model input files/precip_1985.asc
ncols         625
nrows         453
xllcorner     138621.56993419
yllcorner     4094031.9406744
cellsize      1000
NODATA_value  -9999
[rows 68 to 101 of 453, columns 77 to 153 of 625]
461.06 461.06 461.06 488.5966 491.84 491.84 491.6937 494.54 494.54 494.54 495.5151 495.63 495.63 495.63 488.6438 488.71 488.71 473.0183 471.17 471.17 471.17 493.8246 493.61 493.61 538.5828 543.88 543.88 543.88 508.515 508.85 508.85 510.2768 482.52 482.52 482.52 451.0923 451.39 451.39 451.5683 448.1 448.1 448.1 496.1148 495.66 495.66 495.66 496.9119 496.9 496.9 495.1555 494.95 494.95 494.95 484.68 484.68 484.68 511.1788 514.3 514.3 509.0042 612.03 612.03 612.03 714.6256 726.71 726.71 726.71 761.8831 761.55 761.55 764.2177 712.32 712.32 712.32 715.2679 715.24 715.24
461.06 461.06 461.06 488.5966 491.84 491.84 491.6937 494.54 494.54 494.54 495.6404 495.63 495.63 495.63 488.6438 488.71 488.71 473.0183 471.17 471.17 471.17 493.8246 493.61 493.61 538.5828 543.88 543.88 543.88 508.85 508.85 508.85 510.2768 482.52 482.52 482.52 451.0923 451.39 451.39 451.5683 448.1 448.1 448.1 496.1148 495.66 495.66 495.5928 496.9 496.9 496.9 495.1555 494.95 494.95 494.95 484.68 484.68 484.68 511.1788 514.3 514.3 509.0042 612.03 612.03 612.03 714.6256 726.71 726.71 726.71 761.8831 761.55 761.55 764.2177 712.32 712.32 712.32 715.2679 715.24 715.24
525.68 525.68 525.68 576.2173 582.17 582.17 582.4019 577.89 577.89 577.89 577.5366 577.54 577.54 577.54 563.6384 563.77 496.6194 473.0183 471.17 471.17 471.17 493.8246 493.61 493.61 538.5828 543.88 543.88 543.88 508.85 508.85 508.85 510.2768 482.52 482.52 482.52 451.0923 451.39 451.39 451.5683 448.1 448.1 448.1 496.1148 495.66 495.66 495.5928 496.9 496.9 496.9 495.1555 494.95 494.95 494.95 484.68 484.68 484.68 511.1788 514.3 514.3 509.0042 612.03 612.03 612.03 714.6256 726.71 726.71 724.8221 761.55 761.55 761.55 764.2177 712.32 712.32 712.32 715.2679 715.24 715.24
525.68 525.68 525.68 576.2173 582.17 582.17 582.4019 577.89 577.89 577.89 577.5366 577.54 577.54 578.2861 563.77 563.77 563.77 570.927 571.77 571.77 571.77 642.5403 641.87 641.87 586.3049 579.76 579.76 579.76 535.9 535.9 535.9 504.9818 501.34 501.34 501.34 484.4803 484.64 484.64 484.8172 481.37 481.37 481.37 485.1559 485.12 494.5493 495.5928 496.9 496.9 496.9 494.9314 494.95 494.95 494.95 484.68 484.68 484.68 511.1788 514.3 514.3 509.0042 612.03 612.03 612.03 714.6256 726.71 726.71 724.8221 761.55 761.55 761.55 764.2177 712.32 712.32 712.32 715.2679 715.24 715.24
525.68 525.68 525.68 576.2173 582.17 582.17 582.4019 577.89 577.89 577.89 577.5366 577.54 577.54 578.2861 563.77 563.77 563.77 570.927 571.77 571.77 571.77 642.5403 641.87 641.87 586.3049 579.76 579.76 579.76 535.9 535.9 535.9 504.9818 501.34 501.34 501.34 484.4803 484.64 484.64 484.8172 481.37 481.37 481.37 485.1559 485.12 485.12 481.5967 550.14 550.14 550.14 573.6426 573.42 573.42 573.42 675.73 675.73 675.73 751.6747 760.62 760.62 766.0745 659.96 659.96 659.96 700.4507 705.22 705.22 705.9379 691.97 691.97 691.97 693.4856 664 664 664 674.5095 674.41 715.6304
525.68 525.68 525.68 576.2173 582.17 582.17 582.4019 577.89 577.89 577.89 577.5366 577.54 577.54 578.2861 563.77 563.77 563.77 571.8465 571.77 571.77 571.77 642.5403 641.87 641.87 586.3049 579.76 579.76 579.76 535.9 535.9 535.9 504.9818 501.34 501.34 501.34 484.64 484.64 484.64 484.8172 481.37 481.37 481.37 485.1559 485.12 485.12 481.5967 550.14 550.14 550.14 573.6426 573.42 573.42 567.876 675.73 675.73 675.73 751.6747 760.62 760.62 766.0745 659.96 659.96 659.96 700.4507 705.22 705.22 705.9379 691.97 691.97 691.97 666.9473 664 664 664 674.5095 674.41 674.41
525.68 525.68 525.68 576.2173 582.17 582.17 582.4019 577.89 577.89 577.89 577.5366 577.54 577.54 578.2861 563.77 563.77 563.77 571.8465 571.77 571.77 571.77 642.5403 641.87 641.87 586.3049 579.76 579.76 579.76 535.9 535.9 535.9 504.9818 501.34 501.34 501.34 484.64 484.64 484.64 484.8172 481.37 481.37 481.37 485.1559 485.12 485.12 481.5967 550.14 550.14 550.14 573.6426 573.42 573.42 567.876 675.73 675.73 675.73 751.6747 760.62 760.62 766.0745 659.96 659.96 659.96 700.4507 705.22 705.22 705.9379 691.97 691.97 691.97 666.9473 664 664 664 674.5095 674.41 674.41
487.17 487.17 487.17 492.6519 492.6 492.6 491.7048 509.12 509.12 509.12 594.0242 593.22 593.22 593.738 583.66 583.66 583.66 635.8342 635.34 635.34 630.4957 724.74 724.74 724.74 719.5422 718.93 718.93 718.93 548.7084 535.9 535.9 504.9818 501.34 501.34 501.34 484.64 484.64 484.64 481.7146 481.37 481.37 481.37 485.1559 485.12 485.12 481.5967 550.14 550.14 550.14 573.6426 573.42 573.42 567.876 675.73 675.73 675.73 761.4318 760.62 760.62 766.0745 659.96 659.96 659.96 700.4507 705.22 705.22 705.9379 691.97 691.97 691.97 666.9473 664 664 663.4359 674.41 674.41 674.41
487.17 487.17 487.17 492.6519 492.6 492.6 507.3792 509.12 509.12 509.12 594.0242 593.22 593.22 593.738 583.66 583.66 583.66 635.8342 635.34 635.34 630.4957 724.74 724.74 724.74 719.5422 718.93 718.93 718.93 657.45 657.45 657.45 621.0298 616.74 616.74 616.74 579.8 579.8 579.8 544.6055 540.46 540.46 540.46 529.2538 529.36 529.36 530.6003 506.47 506.47 506.47 514.6979 514.62 514.62 511.4051 573.95 573.95 573.95 641.207 640.57 747.9697 766.0745 659.96 659.96 659.96 700.4507 705.22 705.22 705.9379 691.97 691.97 691.97 666.9473 664 664 663.4359 674.41 674.41 674.41
487.17 487.17 487.17 492.6519 492.6 492.6 507.3792 509.12 509.12 509.12 594.0242 593.22 593.22 593.738 583.66 583.66 583.66 635.8342 635.34 635.34 630.4957 724.74 724.74 724.74 718.8745 718.93 718.93 718.93 657.45 657.45 657.45 621.0298 616.74 616.74 616.74 579.8 579.8 579.8 544.6055 540.46 540.46 541.0615 529.36 529.36 529.36 530.6003 506.47 506.47 506.47 514.6979 514.62 514.62 511.4051 573.95 573.95 573.95 641.207 640.57 640.57 652.4954 653.9 653.9 653.9 728.2344 736.99 736.99 738.2574 713.6 713.6 713.6 688.0495 685.04 685.04 686.2229 663.21 663.21 663.21
487.17 487.17 487.17 492.6519 492.6 492.6 507.3792 509.12 509.12 509.12 593.22 593.22 593.22 593.738 583.66 583.66 583.66 635.8342 635.34 635.34 630.4957 724.74 724.74 724.74 718.8745 718.93 718.93 718.93 657.45 657.45 657.45 621.0298 616.74 616.74 616.74 579.8 579.8 579.8 544.6055 540.46 540.46 541.0615 529.36 529.36 529.36 530.6003 506.47 506.47 506.47 514.6979 514.62 514.62 511.4051 573.95 573.95 573.95 641.207 640.57 640.57 652.4954 653.9 653.9 653.9 728.2344 736.99 736.99 738.2574 713.6 713.6 713.6 688.0495 685.04 685.04 686.2229 663.21 663.21 663.21
456.12 456.12 456.12 445.9941 446.09 493.0448 507.3792 509.12 509.12 509.12 593.22 593.22 593.22 593.738 583.66 583.66 583.66 635.8342 635.34 635.34 630.4957 724.74 724.74 724.74 718.8745 718.93 718.93 722.2614 657.45 657.45 657.45 621.0298 616.74 616.74 616.74 579.8 579.8 579.8 544.6055 540.46 540.46 541.0615 529.36 529.36 529.36 508.882 506.47 506.47 506.47 514.6979 514.62 514.62 511.4051 573.95 573.95 573.95 641.207 640.57 640.57 652.4954 653.9 653.9 653.9 737.7845 736.99 736.99 738.2574 713.6 713.6 713.6 688.0495 685.04 685.04 686.2229 663.21 663.21 663.21
456.12 456.12 456.12 445.9941 446.09 446.09 465.8344 468.16 468.16 468.16 580.2 580.2 580.2 626.47 631.92 631.92 631.92 608.9222 609.14 609.14 607.7328 635.11 635.11 635.11 712.9069 712.17 712.17 711.6774 721.26 721.26 721.26 688.0515 616.0955 616.74 616.74 579.8 579.8 579.8 544.6055 540.46 540.46 541.0615 529.36 529.36 529.36 508.882 506.47 506.47 506.47 514.6979 514.62 514.62 511.4051 573.95 573.95 573.95 641.207 640.57 640.57 652.4954 653.9 653.9 653.9 737.7845 736.99 736.99 738.2574 713.6 713.6 713.6 688.0495 685.04 685.04 686.2229 663.21 663.21 663.21
456.12 456.12 456.12 445.9941 446.09 446.09 465.8344 468.16 468.16 468.16 580.2 580.2 580.2 626.47 631.92 631.92 631.92 608.9222 609.14 609.14 607.7328 635.11 635.11 635.11 712.9069 712.17 712.17 711.6774 721.26 721.26 721.26 683.785 684.14 684.14 684.14 656.4 656.4 656.4 661.2847 661.86 661.86 663.659 628.66 628.66 628.66 593.9307 589.84 589.84 590.733 573.36 573.36 573.36 572.8788 582.24 582.24 582.24 608.4987 608.25 608.25 709.1547 721.04 721.04 721.04 779.0596 778.51 778.51 751.886 748.75 748.75 748.75 740.0543 739.03 739.03 685.7066 663.21 663.21 663.21
456.12 456.12 456.12 445.9941 446.09 446.09 465.8344 468.16 468.16 468.16 580.2 580.2 580.2 626.47 631.92 631.92 633.1544 609.14 609.14 609.14 607.7328 635.11 635.11 635.11 712.9069 712.17 712.17 711.6774 721.26 721.26 721.26 683.785 684.14 684.14 685.6432 656.4 656.4 656.4 661.2847 661.86 661.86 663.659 628.66 628.66 628.66 593.9307 589.84 589.84 590.733 573.36 573.36 573.36 572.8788 582.24 582.24 582.24 608.4987 608.25 608.25 709.1547 721.04 721.04 721.04 779.0596 778.51 778.51 751.886 748.75 748.75 748.75 740.0543 739.03 739.03 740.8188 706.02 706.02 706.02
456.12 456.12 456.6635 446.09 446.09 446.09 465.8344 468.16 468.16 468.16 580.2 580.2 580.2 626.47 631.92 631.92 633.1544 609.14 609.14 609.14 607.7328 635.11 635.11 635.11 712.9069 712.17 712.17 711.6774 721.26 721.26 721.26 683.785 684.14 684.14 685.6432 656.4 656.4 656.4 661.2847 661.86 661.86 663.659 628.66 628.66 628.66 593.9307 589.84 589.84 590.733 573.36 573.36 573.36 581.3043 582.24 582.24 582.24 608.4987 608.25 608.25 709.1547 721.04 721.04 721.04 779.0596 778.51 778.51 751.886 748.75 748.75 748.75 740.0543 739.03 739.03 740.8188 706.02 706.02 706.02
435.02 435.02 435.2156 431.41 431.41 431.41 453.2478 455.82 455.82 455.82 487.59 487.59 487.59 535.1483 540.75 540.75 537.0441 609.14 609.14 609.14 632.3734 635.11 635.11 635.11 712.9069 712.17 712.17 711.6774 721.26 721.26 721.26 683.785 684.14 684.14 685.6432 656.4 656.4 656.4 661.2847 661.86 661.86 663.659 628.66 628.66 628.66 593.9307 589.84 589.84 590.733 573.36 573.36 573.36 581.3043 582.24 582.24 582.24 608.4987 608.25 608.25 709.1547 721.04 721.04 721.04 779.0596 778.51 778.51 751.886 748.75 748.75 748.75 738.9371 739.03 739.03 740.8188 706.02 706.02 706.02
435.02 435.02 435.2156 431.41 431.41 431.41 456.0534 455.82 455.82 455.82 487.59 487.59 487.59 535.1483 540.75 540.75 537.4939 600.84 600.84 600.84 606.8429 607.55 607.55 607.55 687.9515 687.19 687.19 684.3636 739.35 739.35 739.35 711.1226 711.39 711.39 710.0971 735.25 735.25 735.25 726.2144 726.3 726.3 726.5254 722.14 722.14 722.14 593.0368 589.84 589.84 590.733 573.36 573.36 573.36 581.3043 582.24 582.24 580.8306 608.25 608.25 608.25 709.1547 721.04 721.04 721.04 779.0596 778.51 778.51 751.886 748.75 748.75 748.75 738.9371 739.03 739.03 740.8188 706.02 706.02 706.02
435.02 435.02 435.2156 431.41 431.41 431.41 456.0534 455.82 455.82 455.82 487.59 487.59 487.59 535.1483 540.75 540.75 537.4939 600.84 600.84 600.84 606.8429 607.55 607.55 603.2345 687.19 687.19 687.19 684.3636 739.35 739.35 739.35 711.1226 711.39 711.39 710.0971 735.25 735.25 735.25 726.2144 726.3 726.3 726.5254 722.14 722.14 722.14 680.4504 675.54 675.54 677.7996 633.84 633.84 633.84 689.8793 696.48 696.48 699.5042 640.67 640.67 640.67 668.8149 672.13 672.13 672.13 721.7096 721.24 721.24 783.8906 791.27 791.27 791.27 784.5463 784.61 784.61 714.4356 706.17 706.17 706.17
435.02 435.02 435.2156 431.41 431.41 431.41 456.0534 455.82 455.82 454.0985 487.59 487.59 487.59 535.1483 540.75 540.75 537.4939 600.84 600.84 600.84 606.8429 607.55 607.55 603.2345 687.19 687.19 687.19 684.3636 739.35 739.35 739.35 711.1226 711.39 711.39 710.0971 735.25 735.25 735.25 726.2144 726.3 726.3 722.5784 722.14 722.14 722.14 680.4504 675.54 675.54 677.7996 633.84 633.84 633.84 689.8793 696.48 696.48 699.5042 640.67 640.67 640.67 672.4308 672.13 672.13 672.13 721.7096 721.24 721.24 783.8906 791.27 791.27 791.27 784.5463 784.61 784.61 714.4356 706.17 706.17 706.17
426.76 426.76 426.508 431.41 431.41 431.41 456.0534 455.82 455.82 454.0985 487.59 487.59 487.59 535.1483 540.75 540.75 537.4939 600.84 600.84 600.84 606.8429 607.55 607.55 603.2345 687.19 687.19 687.19 733.8536 739.35 739.35 739.35 711.1226 711.39 711.39 710.0971 735.25 735.25 735.25 726.2144 726.3 726.3 722.5784 722.14 722.14 722.14 680.4504 675.54 675.54 677.7996 633.84 633.84 633.84 689.8793 696.48 696.48 699.5042 640.67 640.67 640.67 672.4308 672.13 672.13 672.13 721.7096 721.24 721.24 783.8906 791.27 791.27 791.27 784.5463 784.61 784.61 714.4356 706.17 706.17 706.17
426.76 426.76 425.983 441.1 441.1 441.1 465.9554 465.72 465.72 464.2954 492.01 492.01 492.01 566.3036 565.6 565.6 561.5787 639.81 639.81 639.81 656.79 658.79 658.79 660.6827 623.86 623.86 623.86 671.8298 677.48 739.9416 739.35 711.1226 711.39 711.39 710.0971 735.25 735.25 735.25 726.2144 726.3 726.3 722.5784 722.14 722.14 722.14 675.0944 675.54 675.54 677.7996 633.84 633.84 633.84 689.8793 696.48 696.48 699.5042 640.67 640.67 640.67 672.4308 672.13 672.13 672.13 721.7096 721.24 721.24 783.8906 791.27 791.27 791.27 784.5463 784.61 784.61 714.4356 706.17 706.17 706.17
426.76 426.76 425.983 441.1 441.1 441.1 465.9554 465.72 465.72 464.2954 492.01 492.01 492.01 566.3036 565.6 565.6 561.5787 639.81 639.81 639.81 656.79 658.79 658.79 660.6827 623.86 623.86 623.86 671.8298 677.48 677.48 673.378 753.18 753.18 753.18 750.5481 801.75 801.75 801.75 800.7708 800.78 800.78 735.1414 727.41 727.41 727.41 711.7214 711.87 711.87 713.954 673.41 673.41 673.41 652.3953 649.92 649.92 650.6147 637.1 637.1 637.1 672.4308 672.13 672.13 669.4689 721.24 721.24 721.24 783.8906 791.27 791.27 791.27 784.5463 784.61 784.61 714.4356 706.17 706.17 706.17
426.76 426.76 439.5889 441.1 441.1 441.1 465.9554 465.72 465.72 464.2954 492.01 492.01 492.01 566.3036 565.6 565.6 631.9901 639.81 639.81 639.81 656.79 658.79 658.79 660.6827 623.86 623.86 623.86 671.8298 677.48 677.48 673.378 753.18 753.18 753.18 750.5481 801.75 801.75 801.75 800.7708 800.78 800.78 735.1414 727.41 727.41 727.41 711.7214 711.87 711.87 677.4627 673.41 673.41 673.41 652.3953 649.92 649.92 650.6147 637.1 637.1 637.1 678.2498 677.86 677.86 671.8972 787.9 787.9 787.9 862.3507 871.12 871.12 871.12 861.2364 861.33 861.33 751.9263 739.04 739.04 739.04
426.76 426.76 439.5889 441.1 441.1 441.1 465.9554 465.72 465.72 464.2954 492.01 492.01 492.01 566.3036 565.6 565.6 631.9901 639.81 639.81 639.81 656.79 658.79 658.79 660.6827 623.86 623.86 623.86 671.8298 677.48 677.48 673.378 753.18 753.18 753.18 796.632 801.75 801.75 801.75 800.7708 800.78 800.78 735.1414 727.41 727.41 727.41 711.7214 711.87 711.87 677.4627 673.41 673.41 673.41 652.3953 649.92 649.92 650.6147 637.1 637.1 637.1 678.2498 677.86 677.86 671.8972 787.9 787.9 787.9 871.9158 871.12 871.12 871.12 861.2364 861.33 861.33 751.9263 739.04 739.04 739.04
432.69 432.69 454 456.51 456.51 454.4433 494.65 494.65 494.65 491.4112 554.42 554.42 554.42 578.2053 566.9045 565.6 631.9901 639.81 639.81 639.81 658.9715 658.79 658.79 660.6827 623.86 623.86 623.86 671.8298 677.48 677.48 673.378 753.18 753.18 753.18 796.632 801.75 801.75 801.75 800.7708 800.78 800.78 735.1414 727.41 727.41 727.41 711.7214 711.87 711.87 677.4627 673.41 673.41 673.41 649.6954 649.92 649.92 650.6147 637.1 637.1 637.1 678.2498 677.86 677.86 671.8972 787.9 787.9 787.9 871.9158 871.12 871.12 871.12 861.2364 861.33 861.33 751.9263 739.04 739.04 739.04
432.69 432.69 454 456.51 456.51 454.4433 494.65 494.65 494.65 491.4112 554.42 554.42 554.42 578.2053 577.98 577.98 600.5872 603.25 603.25 603.25 640.3817 640.03 640.03 639.4806 650.17 650.17 650.17 601.9855 596.31 596.31 593.2787 652.25 652.25 652.25 735.7901 745.63 745.63 743.0642 792.98 792.98 792.98 737.7279 727.3735 727.41 727.41 711.7214 711.87 711.87 677.4627 673.41 673.41 673.41 649.6954 649.92 649.92 650.6147 637.1 637.1 637.1 678.2498 677.86 677.86 671.8972 787.9 787.9 787.9 871.9158 871.12 871.12 871.12 861.2364 861.33 861.33 751.9263 739.04 739.04 739.04
432.69 432.69 454 456.51 456.51 454.4433 494.65 494.65 494.65 548.1217 554.42 554.42 554.42 578.2053 577.98 577.98 600.5872 603.25 603.25 603.25 640.3817 640.03 640.03 649.1015 650.17 650.17 650.17 601.9855 596.31 596.31 593.2787 652.25 652.25 652.25 735.7901 745.63 745.63 743.0642 792.98 792.98 792.98 737.7279 731.22 731.22 731.22 757.1052 756.86 756.86 745.5519 744.22 744.22 744.22 718.7791 719.02 719.02 719.2991 713.87 713.87 713.87 744.7828 744.49 744.49 737.2684 877.76 877.76 877.76 1040.724 1039.18 1039.18 1035.26 1111.52 1111.52 1111.52 939.8683 737.3129 739.04 739.04
432.69 432.69 454 456.51 456.51 454.4433 494.65 494.65 494.65 548.1217 554.42 554.42 554.42 578.2053 577.98 577.98 600.5872 603.25 603.25 603.25 640.3817 640.03 640.03 649.1015 650.17 650.17 650.17 601.9855 596.31 596.31 593.2787 652.25 652.25 652.25 735.7901 745.63 745.63 743.0642 792.98 792.98 792.98 730.6294 731.22 731.22 731.22 757.1052 756.86 756.86 745.5519 744.22 744.22 744.22 718.7791 719.02 719.02 714.4127 713.87 713.87 713.87 744.7828 744.49 744.49 737.2684 877.76 877.76 877.76 1040.724 1039.18 1039.18 1035.26 1111.52 1111.52 1111.52 939.8683 919.65 919.65 919.65
432.69 432.69 454 456.51 456.51 454.4433 494.65 494.65 494.65 548.1217 554.42 554.42 554.42 578.2053 577.98 577.98 600.5872 603.25 603.25 603.25 640.3817 640.03 640.03 649.1015 650.17 650.17 650.17 595.795 596.31 596.31 593.2787 652.25 652.25 652.25 735.7901 745.63 745.63 743.0642 792.98 792.98 792.98 730.6294 731.22 731.22 731.22 757.1052 756.86 756.86 745.5519 744.22 744.22 744.22 718.7791 719.02 719.02 714.4127 713.87 713.87 713.87 744.7828 744.49 744.49 737.2684 877.76 877.76 877.76 1040.724 1039.18 1039.18 1035.26 1111.52 1111.52 1111.52 917.8152 919.65 919.65 919.65
482.24 482.24 452.7174 449.24 449.24 448.6147 460.78 460.78 460.78 471.274 472.51 472.51 472.3268 475.89 475.89 475.89 516.0139 594.5555 603.25 603.25 640.3817 640.03 640.03 649.1015 650.17 650.17 650.17 595.795 596.31 596.31 593.2787 652.25 652.25 652.25 735.7901 745.63 745.63 743.0642 792.98 792.98 792.98 730.6294 731.22 731.22 731.22 757.1052 756.86 756.86 745.5519 744.22 744.22 744.22 718.7791 719.02 719.02 714.4127 713.87 713.87 713.87 744.49 744.49 744.49 737.2684 877.76 877.76 877.76 1040.724 1039.18 1039.18 1035.26 1111.52 1111.52 1111.52 917.8152 919.65 919.65 919.65
482.24 482.24 452.7174 449.24 449.24 448.6147 460.78 460.78 460.78 471.274 472.51 472.51 472.3268 475.89 475.89 475.89 521.1689 520.74 520.74 520.74 593.267 592.58 592.58 639.7178 645.27 645.27 645.27 588.2802 588.82 588.82 611.8387 614.55 614.55 614.55 682.0226 689.97 689.97 689.1322 705.43 705.43 705.43 691.6091 691.74 691.74 690.407 716.34 716.34 716.34 701.0956 699.3 699.3 699.3 833.7636 832.49 832.49 905.0352 711.9603 713.87 713.87 744.49 744.49 744.49 737.2684 877.76 877.76 877.76 1040.724 1039.18 1039.18 1035.26 1111.52 1111.52 1111.52 917.8152 919.65 919.65 919.65
482.24 482.24 448.9244 449.24 449.24 448.6147 460.78 460.78 460.78 471.274 472.51 472.51 472.3268 475.89 475.89 475.89 521.1689 520.74 520.74 520.74 593.267 592.58 592.58 639.7178 645.27 645.27 645.27 588.2802 588.82 588.82 611.8387 614.55 614.55 614.55 682.0226 689.97 689.97 689.1322 705.43 705.43 705.43 691.6091 691.74 691.74 690.407 716.34 716.34 716.34 701.0956 699.3 699.3 699.3 833.7636 832.49 832.49 905.0352 913.58 913.58 913.58 909.13 909.13 909.13 904.3897 996.61 996.61 996.61 1304.486 1301.57 1301.57 1305.753 1224.38 1224.38 1224.38 922.3593 925.22 925.22 918.5164
482.24 482.24 448.9244 449.24 449.24 448.6147 460.78 460.78 460.78 471.274 472.51 472.51 472.3268 475.89 475.89 475.89 521.1689 520.74 520.74 520.74 593.267 592.58 592.58 639.7178 645.27 645.27 645.27 588.2802 588.82 588.82 611.8387 614.55 614.55 614.55 682.0226 689.97 689.97 689.1322 705.43 705.43 705.43 691.6091 691.74 691.74 690.407 716.34 716.34 716.34 699.137 699.3 699.3 699.3 833.7636 832.49 832.49 905.0352 913.58 913.58 913.58 909.13 909.13 909.13 987.3918 996.61 996.61 996.61 1304.486 1301.57 1301.57 1305.753 1224.38 1224.38 1224.38 922.3593 925.22 925.22 918.5164
