Model and model input files/precip_1990.asc
ncols         625
nrows         453
xllcorner     138621.56993419
yllcorner     4094031.9406744
cellsize      1000
NODATA_value  -9999
[rows 0 to 33 of 453, columns 154 to 230 of 625]
346.79 346.79 387.138 392.59 392.59 392.59 440.24 440.24 440.24 490.2081 496.96 496.96 496.96 585.97 585.97 585.97 585.97 547.45 547.45 547.45 524.17 524.17 524.17 524.17 582.43 582.43 582.43 592.01 592.01 592.01 592.01 600.32 600.32 600.32 671.78 671.78 671.78 671.78 795.28 795.28 795.28 858.4 858.4 858.4 919.9351 928.25 928.25 928.25 853.39 853.39 853.39 808.6548 802.61 802.61 802.61 844.03 844.03 844.03 845.574 1023.44 1023.44 1023.44 1202.83 1202.83 1202.83 1202.83 1127.16 1127.16 1127.16 -9999 -9999 -9999 -9999 -9999 -9999 -9999 -9999
346.79 346.79 387.7638 392.59 392.59 392.59 440.6956 440.24 440.24 490.9831 496.96 496.96 496.96 585.97 585.97 585.97 551.509 547.45 547.45 547.45 523.9474 524.17 524.17 521.013 582.43 582.43 582.43 592.1016 592.01 592.01 591.5597 600.32 600.32 600.32 672.4634 671.78 671.78 665.0879 795.28 795.28 795.28 859.0036 858.4 858.4 920.8896 928.25 928.25 928.25 852.6742 853.39 853.39 807.9609 802.61 802.61 802.61 844.4261 844.03 844.03 1004.535 1023.44 1023.44 1023.44 1204.545 1202.83 1202.83 1206.93 1127.16 1127.16 1127.16 -9999 -9999 -9999 -9999 -9999 -9999 -9999 -9999
346.79 346.79 387.7638 392.59 392.59 392.59 440.6956 440.24 440.24 490.9831 496.96 496.96 496.96 585.97 585.97 585.97 551.509 547.45 547.45 548.7115 524.17 524.17 524.17 521.013 582.43 582.43 582.43 592.1016 592.01 592.01 591.5597 600.32 600.32 600.32 672.4634 671.78 671.78 665.0879 795.28 795.28 795.28 859.0036 858.4 858.4 920.8896 928.25 928.25 928.25 852.6742 853.39 853.39 807.9609 802.61 802.61 802.61 844.4261 844.03 844.03 1004.535 1023.44 1023.44 1023.44 1202.83 1202.83 1202.83 1206.93 1127.16 1127.16 1127.16 -9999 -9999 -9999 -9999 -9999 -9999 -9999 -9999
358.2 358.2 390.3439 394.13 394.13 394.13 407.2442 407.12 407.12 424.932 427.03 427.03 427.03 467.01 467.01 467.01 463.9057 458.9931 547.45 548.7115 524.17 524.17 524.17 576.2908 582.43 582.43 582.43 592.1016 592.01 592.01 591.5597 600.32 600.32 600.32 672.4634 671.78 671.78 665.0879 795.28 795.28 795.28 859.0036 858.4 858.4 920.8896 928.25 928.25 928.25 852.6742 853.39 853.39 807.9609 802.61 802.61 802.61 844.4261 844.03 844.03 1004.535 1023.44 1023.44 1023.44 1202.83 1202.83 1202.83 1135.134 1127.16 1127.16 1127.16 -9999 -9999 -9999 -9999 -9999 -9999 -9999 -9999
358.2 358.2 390.3439 394.13 394.13 394.13 407.2442 407.12 407.12 424.932 427.03 427.03 427.03 467.01 467.01 467.01 463.9057 463.54 463.54 462.2466 487.41 487.41 487.41 495.1127 496.02 496.02 495.8694 498.8 498.8 498.8 498.1676 510.47 510.47 510.47 510.0056 510.01 510.01 500.8621 678.83 678.83 678.83 904.1744 902.04 902.04 933.8707 937.62 937.62 937.62 920.0536 920.22 920.22 818.4653 806.48 806.48 806.48 819.7355 819.61 819.61 933.2958 1023.44 1023.44 1023.44 1202.83 1202.83 1202.83 1135.134 1127.16 1127.16 1144.615 -9999 -9999 -9999 -9999 -9999 -9999 -9999 -9999
358.2 358.2 390.3439 394.13 394.13 394.13 407.2442 407.12 407.12 424.932 427.03 427.03 427.03 467.01 467.01 467.01 463.9057 463.54 463.54 462.2466 487.41 487.41 487.41 495.1127 496.02 496.02 495.8694 498.8 498.8 498.8 509.2403 510.47 510.47 510.47 510.0056 510.01 510.01 500.8621 678.83 678.83 678.83 904.1744 902.04 902.04 933.8707 937.62 937.62 937.62 920.0536 920.22 920.22 818.4653 806.48 806.48 806.48 819.7355 819.61 819.61 937.2174 951.07 951.07 951.07 1114.84 1114.84 1114.84 1070.404 1065.17 1065.17 1077.66 -9999 -9999 -9999 -9999 -9999 -9999 -9999 -9999
358.2 358.2 390.3439 394.13 394.13 394.13 407.2442 407.12 407.12 424.932 427.03 427.03 427.03 467.01 467.01 467.01 463.9057 463.54 463.54 462.2466 487.41 487.41 487.41 495.1127 496.02 496.02 495.8694 498.8 498.8 498.8 509.2403 510.47 510.47 510.47 510.0056 510.01 510.01 500.8621 678.83 678.83 678.83 904.1744 902.04 902.04 933.8707 937.62 937.62 937.62 920.0536 920.22 920.22 818.4653 806.48 806.48 806.48 819.7355 819.61 819.61 937.2174 951.07 951.07 951.07 1114.84 1114.84 1114.84 1070.404 1065.17 1065.17 1077.66 -9999 -9999 -9999 -9999 -9999 -9999 -9999 -9999
358.2 358.2 390.3439 394.13 394.13 394.13 407.2442 407.12 407.12 424.932 427.03 427.03 427.03 467.01 467.01 467.01 463.9057 463.54 463.54 462.2466 487.41 487.41 487.41 495.1127 496.02 496.02 495.8694 498.8 498.8 498.8 509.2403 510.47 510.47 510.4949 510.01 510.01 510.01 500.8621 678.83 678.83 678.83 904.1744 902.04 902.04 933.8707 937.62 937.62 937.62 920.0536 920.22 920.22 818.4653 806.48 806.48 806.48 819.7355 819.61 819.61 937.2174 951.07 951.07 951.07 1114.84 1114.84 1114.84 1070.404 1065.17 1065.17 1077.66 -9999 -9999 -9999 -9999 -9999 -9999 -9999 -9999
462.09 462.09 445.5635 445.72 445.72 445.72 457.4006 457.29 457.29 533.7178 542.72 542.72 542.72 530.71 530.71 530.71 530.8352 530.85 530.85 529.1534 562.16 562.16 562.16 531.2239 527.58 527.58 525.8596 559.33 559.33 559.33 579.0922 581.42 581.42 582.9546 553.1 514.5506 510.01 661.0406 678.83 678.83 678.83 904.1744 902.04 902.04 933.8707 937.62 937.62 937.62 920.0536 920.22 920.22 818.4653 806.48 806.48 806.48 819.7355 819.61 819.61 937.2174 951.07 951.07 951.07 1114.84 1114.84 1114.84 1070.404 1065.17 1065.17 1077.66 -9999 -9999 -9999 -9999 -9999 -9999 -9999 -9999
462.09 462.09 445.5635 445.72 445.72 445.72 457.4006 457.29 457.29 533.7178 542.72 542.72 542.72 530.71 530.71 530.71 530.8352 530.85 530.85 529.1534 562.16 562.16 562.16 531.2239 527.58 527.58 525.8596 559.33 559.33 559.33 579.0922 581.42 581.42 582.9546 553.1 553.1 553.1 607.9763 614.44 614.44 606.533 760.36 760.36 760.36 790.3299 793.86 793.86 793.86 962.3964 960.8 960.8 984.105 986.85 986.85 986.85 973.6348 973.76 973.76 1111.318 1127.52 1127.52 1127.52 1334.04 1334.04 1334.04 1130.79 1106.85 1106.85 1118.594 -9999 -9999 -9999 -9999 -9999 -9999 -9999 -9999
462.09 462.09 445.5635 445.72 445.72 445.093 457.29 457.29 457.29 533.7178 542.72 542.72 542.72 530.71 530.71 530.71 530.8352 530.85 530.85 529.1534 562.16 562.16 562.16 531.2239 527.58 527.58 525.8596 559.33 559.33 559.33 579.0922 581.42 581.42 582.9546 553.1 553.1 553.1 607.9763 614.44 614.44 606.533 760.36 760.36 760.36 794.1804 793.86 793.86 793.86 962.3964 960.8 960.8 984.105 986.85 986.85 986.85 973.6348 973.76 973.76 1111.318 1127.52 1127.52 1127.52 1334.04 1334.04 1334.04 1130.79 1106.85 1106.85 1118.594 -9999 -9999 -9999 -9999 -9999 -9999 -9999 -9999
462.09 462.09 445.5635 445.72 445.72 445.093 457.29 457.29 457.29 543.5369 542.72 542.72 542.72 530.71 530.71 530.71 530.8352 530.85 530.85 529.1534 562.16 562.16 562.16 531.2239 527.58 527.58 525.8596 559.33 559.33 559.33 579.0922 581.42 581.42 582.9546 553.1 553.1 553.1 607.9763 614.44 614.44 606.533 760.36 760.36 760.36 794.1804 793.86 793.86 793.86 962.3964 960.8 960.8 984.105 986.85 986.85 986.85 973.6348 973.76 973.76 1111.318 1127.52 1127.52 1127.52 1334.04 1334.04 1334.04 1130.79 1106.85 1106.85 1118.594 -9999 -9999 -9999 -9999 -9999 -9999 -9999 -9999
653.31 653.31 592.6918 445.72 445.72 445.093 457.29 457.29 457.29 543.5369 542.72 542.72 543.3708 530.71 530.71 530.71 530.8352 530.85 530.85 529.1534 562.16 562.16 562.16 531.2239 527.58 527.58 525.8596 559.33 559.33 559.33 579.0922 581.42 581.42 582.9546 553.1 553.1 553.1 607.9763 614.44 614.44 606.533 760.36 760.36 760.36 794.1804 793.86 793.86 784.8139 960.8 960.8 960.8 984.105 986.85 986.85 986.85 973.6348 973.76 973.76 1111.318 1127.52 1127.52 1127.52 1334.04 1334.04 1334.04 1130.79 1106.85 1106.85 1118.594 -9999 -9999 -9999 -9999 -9999 -9999 -9999 -9999
653.31 653.31 585.1039 585.75 585.75 591.36 482.22 482.22 482.22 565.3575 564.57 564.57 563.1839 590.15 590.15 590.15 607.1915 607.03 607.03 609.1103 568.64 568.64 568.64 599.4062 603.03 603.03 602.629 610.43 610.43 610.43 730.3455 744.47 744.47 741.5487 798.38 798.38 798.38 668.7488 653.48 653.48 652.5989 669.74 669.74 669.74 773.2807 772.3 772.3 767.9547 852.49 852.49 852.49 1052.646 1050.75 1050.75 1054.213 973.6348 973.76 973.76 1111.318 1127.52 1127.52 1127.52 1334.04 1334.04 1334.04 1130.79 1106.85 1106.85 1118.594 -9999 -9999 -9999 -9999 -9999 -9999 -9999 -9999
653.31 653.31 585.1039 585.75 585.75 591.36 482.22 482.22 482.22 565.3575 564.57 564.57 563.1839 590.15 590.15 590.15 607.1915 607.03 607.03 572.6854 568.64 568.64 568.64 599.4062 603.03 603.03 602.629 610.43 610.43 610.43 730.3455 744.47 744.47 741.5487 798.38 798.38 798.38 668.7488 653.48 653.48 652.5989 669.74 669.74 669.74 773.2807 772.3 772.3 767.9547 852.49 852.49 852.49 1052.646 1050.75 1050.75 1046.869 1122.38 1122.38 1122.38 1198.978 1208 1208 1208 1351.41 1351.41 1351.41 1328.186 1325.45 1325.45 1343.32 -9999 -9999 -9999 -9999 -9999 -9999 -9999 -9999
653.31 653.31 585.1039 585.75 585.75 591.36 482.22 482.22 482.22 565.3575 564.57 564.57 563.1839 590.15 590.15 590.15 607.1915 607.03 607.03 572.6854 568.64 568.64 568.64 599.4062 603.03 603.03 602.629 610.43 610.43 610.43 730.3455 744.47 744.47 741.5487 798.38 798.38 798.38 668.7488 653.48 653.48 652.5989 669.74 669.74 669.74 773.2807 772.3 772.3 767.9547 852.49 852.49 852.49 1052.646 1050.75 1050.75 1046.869 1122.38 1122.38 1122.38 1198.978 1208 1208 1208 1351.41 1351.41 1351.41 1328.186 1325.45 1325.45 1343.32 -9999 -9999 -9999 -9999 -9999 -9999 -9999 -9999
653.31 653.31 585.1039 585.75 585.75 591.36 482.22 482.22 482.22 565.3575 564.57 564.57 563.1839 590.15 590.15 590.15 607.1915 607.03 607.03 572.6854 568.64 568.64 568.64 603.3589 603.03 603.03 602.629 610.43 610.43 610.43 730.3455 744.47 744.47 741.5487 798.38 798.38 798.38 668.7488 653.48 653.48 652.5989 669.74 669.74 669.74 773.2807 772.3 772.3 767.9547 852.49 852.49 852.49 1052.646 1050.75 1050.75 1046.869 1122.38 1122.38 1122.38 1208.819 1208 1208 1208 1351.41 1351.41 1351.41 1328.186 1325.45 1325.45 1343.32 -9999 -9999 -9999 -9999 -9999 -9999 -9999 -9999
561.29 561.29 605.2665 604.85 604.85 603.9905 620.71 620.71 620.71 556.31 556.92 556.92 555.2737 587.3 587.3 587.3 738.381 736.95 736.95 572.6854 568.64 568.64 568.64 603.3589 603.03 603.03 609.6502 610.43 610.43 610.43 730.3455 744.47 744.47 741.5487 798.38 798.38 798.38 668.7488 653.48 653.48 652.5989 669.74 669.74 669.74 773.2807 772.3 772.3 767.9547 852.49 852.49 852.49 1052.646 1050.75 1050.75 1046.869 1122.38 1122.38 1122.38 1208.819 1208 1208 1208 1351.41 1351.41 1351.41 1328.186 1325.45 1325.45 1343.32 -9999 -9999 -9999 -9999 -9999 -9999 -9999 -9999
561.29 561.29 605.2665 604.85 604.85 603.9905 620.71 620.71 620.71 556.31 556.92 556.92 555.2737 587.3 587.3 587.3 738.381 736.95 736.95 722.5823 720.89 720.89 720.89 704.3635 704.52 704.52 646.9241 640.14 640.14 640.14 701.7618 709.02 709.02 698.8653 896.42 896.42 896.42 778.0521 764.11 764.11 765.773 733.42 733.42 733.42 804.7053 804.03 804.03 800.6964 865.55 865.55 865.55 1069.229 1067.3 1067.3 1063.168 1143.56 1143.56 1143.56 1322.465 1320.77 1219.883 1200.229 1351.41 1351.41 1351.41 1328.186 1325.45 1325.45 1343.32 -9999 -9999 -9999 -9999 -9999 -9999 -9999 -9999
561.29 561.29 605.2665 604.85 604.85 603.9905 620.71 620.71 620.71 556.31 556.92 556.92 555.2737 587.3 587.3 587.3 738.381 736.95 736.95 722.5823 720.89 720.89 720.89 704.3635 704.52 704.52 646.9241 640.14 640.14 640.14 709.6787 709.02 709.02 698.8653 896.42 896.42 896.42 778.0521 764.11 764.11 765.773 733.42 733.42 733.42 804.7053 804.03 804.03 800.6964 865.55 865.55 865.55 1069.229 1067.3 1067.3 1063.168 1143.56 1143.56 1143.56 1322.465 1320.77 1320.77 1318.721 1358.58 1358.58 1358.58 1425.706 1425.07 1425.07 1440.032 -9999 -9999 -9999 -9999 -9999 -9999 -9999 -9999
561.29 558.9296 604.85 604.85 604.85 603.9905 620.71 620.71 620.71 556.31 556.92 556.92 555.2737 587.3 587.3 587.3 738.381 736.95 736.95 722.5823 720.89 720.89 720.89 704.3635 704.52 704.52 646.9241 640.14 640.14 640.14 709.6787 709.02 709.02 876.6727 896.42 896.42 896.42 778.0521 764.11 764.11 765.773 733.42 733.42 733.42 804.7053 804.03 804.03 800.6964 865.55 865.55 865.55 1069.229 1067.3 1067.3 1063.168 1143.56 1143.56 1143.56 1322.465 1320.77 1320.77 1318.721 1358.58 1358.58 1358.58 1425.706 1425.07 1425.07 1440.032 -9999 -9999 -9999 -9999 -9999 -9999 -9999 -9999
561.29 558.9296 604.85 604.85 604.85 619.0388 620.71 620.71 620.71 556.31 556.92 556.92 555.2737 587.3 587.3 587.3 738.381 736.95 736.95 722.5823 720.89 720.89 720.89 704.3635 704.52 704.52 646.9241 640.14 640.14 640.14 709.6787 709.02 709.02 876.6727 896.42 896.42 896.42 762.8448 764.11 764.11 765.773 733.42 733.42 733.42 804.7053 804.03 804.03 800.6964 865.55 865.55 865.55 1069.229 1067.3 1067.3 1063.168 1143.56 1143.56 1143.56 1322.465 1320.77 1320.77 1318.721 1358.58 1358.58 1358.58 1425.706 1425.07 1425.07 1178.046 -9999 -9999 -9999 -9999 -9999 -9999 -9999 -9999
684.36 675.5697 846.58 846.58 846.58 932.5803 942.71 942.71 942.71 761.1402 762.86 762.86 768.3552 661.45 661.45 661.45 697.1582 696.82 696.82 685.4762 684.14 684.14 684.14 709.6011 709.36 709.36 695.1713 693.5 693.5 693.5 762.019 761.37 761.37 827.9301 835.77 835.77 890.029 762.8448 764.11 764.11 765.773 733.42 733.42 733.42 804.7053 804.03 804.03 800.6964 865.55 865.55 865.55 1069.229 1067.3 1067.3 1063.168 1143.56 1143.56 1143.56 1322.465 1320.77 1320.77 1318.721 1358.58 1358.58 1358.58 1425.706 1425.07 1425.07 1178.046 -9999 -9999 -9999 -9999 -9999 -9999 -9999 -9999
684.36 675.5697 846.58 846.58 846.58 932.5803 942.71 942.71 952.4556 762.86 762.86 762.86 768.3552 661.45 661.45 661.45 697.1582 696.82 696.82 685.4762 684.14 684.14 684.14 709.6011 709.36 709.36 695.1713 693.5 693.5 693.5 762.019 761.37 761.37 827.9301 835.77 835.77 835.77 725.5964 726.64 726.64 746.3933 748.72 748.72 748.72 806.891 806.34 806.34 797.7172 965.47 965.47 965.47 1081.065 1079.97 1079.97 1089.641 901.49 901.49 901.49 1053.318 1051.88 1051.88 1033.225 1396.15 1396.15 1396.15 1470 1469.3 1469.3 1333.943 -9999 -9999 -9999 -9999 -9999 -9999 -9999 -9999
684.36 675.5697 846.58 846.58 846.58 932.5803 942.71 942.71 952.4556 762.86 762.86 762.86 672.1361 661.45 661.45 661.45 697.1582 696.82 696.82 685.4762 684.14 684.14 684.14 709.6011 709.36 709.36 695.1713 693.5 693.5 693.5 762.019 761.37 761.37 827.9301 835.77 835.77 835.77 725.5964 726.64 726.64 746.3933 748.72 748.72 748.72 806.891 806.34 806.34 797.7172 965.47 965.47 965.47 1081.065 1079.97 1079.97 1089.641 901.49 901.49 901.49 1053.318 1051.88 1051.88 1033.225 1396.15 1396.15 1396.15 1470 1469.3 1469.3 1333.943 -9999 -9999 -9999 -9999 -9999 -9999 -9999 -9999
684.36 675.5697 846.58 846.58 846.58 932.5803 942.71 942.71 952.4556 762.86 762.86 762.86 672.1361 661.45 661.45 659.5334 696.82 696.82 696.82 685.4762 684.14 684.14 684.14 709.6011 709.36 709.36 695.1713 693.5 693.5 693.5 762.019 761.37 761.37 827.9301 835.77 835.77 835.77 725.5964 726.64 726.64 746.3933 748.72 748.72 748.72 806.34 806.34 806.34 797.7172 965.47 965.47 965.47 1081.065 1079.97 1079.97 1089.641 901.49 901.49 901.49 1053.318 1051.88 1051.88 1033.225 1396.15 1396.15 1396.15 1470 1469.3 1469.3 1333.943 -9999 -9999 -9999 -9999 -9999 -9999 -9999 -9999
696.7 675.0516 1096.21 1096.21 1096.21 1286.595 1309.02 1309.02 1320.364 1099.68 1099.68 1099.68 935.901 916.61 916.61 686.4209 696.82 696.82 696.82 685.4762 684.14 684.14 684.14 709.6011 709.36 709.36 695.1713 693.5 693.5 693.5 762.019 761.37 761.37 827.9301 835.77 835.77 835.77 725.5964 726.64 726.64 746.3933 748.72 748.72 748.72 806.34 806.34 806.34 948.7017 965.47 965.47 965.47 1081.065 1079.97 1079.97 1089.641 901.49 901.49 901.49 1053.318 1051.88 1051.88 1033.225 1396.15 1396.15 1396.15 1470 1469.3 1469.3 1333.943 -9999 -9999 -9999 -9999 -9999 -9999 -9999 -9999
696.7 675.0516 1096.21 1096.21 1096.21 1286.595 1309.02 1309.02 1320.364 1099.68 1099.68 1099.68 935.901 916.61 916.61 914.4067 957.27 957.27 957.27 815.1741 816.52 816.52 816.52 805.8388 805.94 805.94 713.0779 702.14 702.14 702.14 881.3373 879.64 879.64 796.3415 786.53 786.53 786.53 643.3337 644.69 644.69 604.0293 599.24 599.24 599.24 611.38 611.38 611.38 681.5991 689.87 689.87 689.87 707.3557 707.19 707.19 705.372 740.74 903.0272 901.49 1053.318 1051.88 1051.88 1033.225 1396.15 1396.15 1396.15 1470 1469.3 1469.3 1333.943 -9999 -9999 -9999 -9999 -9999 -9999 -9999 -9999
696.7 675.0516 1096.21 1096.21 1096.21 1286.595 1309.02 1309.02 1320.364 1099.68 1099.68 1099.68 935.901 916.61 916.61 914.4067 957.27 957.27 957.27 815.1741 816.52 816.52 817.0933 805.94 805.94 805.94 713.0779 702.14 702.14 702.14 881.3373 879.64 879.64 796.3415 786.53 786.53 786.53 643.3337 644.69 644.69 604.0293 599.24 599.24 599.24 611.38 611.38 611.38 681.5991 689.87 689.87 688.9315 707.19 707.19 707.19 705.372 740.74 740.74 740.74 861.8269 860.68 860.68 845.9404 1132.69 1132.69 1132.69 1327.435 1325.59 1325.59 1362.493 -9999 -9999 -9999 -9999 -9999 -9999 -9999 -9999
696.7 675.0516 1096.21 1096.21 1096.21 1286.595 1309.02 1309.02 1320.364 1099.68 1099.68 1099.68 935.901 916.61 916.61 914.4067 957.27 957.27 957.27 815.1741 816.52 816.52 817.0933 805.94 805.94 805.94 713.0779 702.14 702.14 702.14 881.3373 879.64 879.64 796.3415 786.53 786.53 786.53 643.3337 644.69 644.69 604.0293 599.24 599.24 599.24 611.38 611.38 611.38 681.5991 689.87 689.87 688.9315 707.19 707.19 707.19 705.372 740.74 740.74 740.74 861.8269 860.68 860.68 845.9404 1132.69 1132.69 1132.69 1327.435 1325.59 1325.59 1362.493 -9999 -9999 -9999 -9999 -9999 -9999 -9999 -9999
696.7 675.0516 1096.21 1096.21 1096.21 1286.595 1309.02 1309.02 1320.364 1099.68 1099.68 1099.68 935.901 916.61 916.61 914.4067 957.27 957.27 957.27 815.1741 816.52 816.52 817.0933 805.94 805.94 805.94 701.1474 702.14 702.14 702.14 881.3373 879.64 879.64 796.3415 786.53 786.53 786.53 643.3337 644.69 644.69 604.0293 599.24 599.24 599.24 611.38 611.38 611.38 681.5991 689.87 689.87 688.9315 707.19 707.19 707.19 737.2047 740.74 740.74 740.74 861.8269 860.68 860.68 845.9404 1132.69 1132.69 1132.69 1327.435 1325.59 1325.59 1362.493 -9999 -9999 -9999 -9999 -9999 -9999 -9999 -9999
629.93 698.3509 706.41 706.41 706.41 834.1177 849.16 849.16 843.6128 951.53 951.53 951.53 784.8077 765.17 765.17 767.1397 728.82 728.82 728.82 704.3683 704.6 704.6 707.3738 653.41 653.41 653.41 645.172 645.25 645.25 633.5363 861.42 861.42 860.4327 796.3415 786.53 786.53 786.53 643.3337 644.69 644.69 604.0293 599.24 599.24 599.24 611.38 611.38 611.38 681.5991 689.87 689.87 688.9315 707.19 707.19 707.19 737.2047 740.74 740.74 740.74 861.8269 860.68 860.68 845.9404 1132.69 1132.69 1132.69 1327.435 1325.59 1325.59 1362.493 -9999 -9999 -9999 -9999 -9999 -9999 -9999 -9999
629.93 698.3509 706.41 706.41 706.41 834.1177 849.16 849.16 843.6128 951.53 951.53 951.53 784.8077 765.17 765.17 767.1397 728.82 728.82 728.82 704.3683 704.6 704.6 707.3738 653.41 653.41 653.41 645.172 645.25 645.25 633.5363 861.42 861.42 861.42 903.5389 908.5 908.5 908.5 683.7714 685.9 685.9 604.8917 595.35 595.35 595.35 572.73 572.73 572.73 551.5542 549.06 549.06 550.3475 525.3 525.3 525.3 631.662 644.19 644.19 632.4725 860.43 860.43 860.43 839.5445 1245.86 1245.86 1245.86 1434.416 1432.63 1432.63 1212.982 -9999 -9999 -9999 -9999 -9999 -9999 -9999 -9999
629.93 698.3509 706.41 706.41 706.41 850.525 849.16 849.16 843.6128 951.53 951.53 951.53 784.8077 765.17 765.17 767.1397 728.82 728.82 728.82 704.3683 704.6 704.6 707.3738 653.41 653.41 653.41 645.172 645.25 645.25 633.5363 861.42 861.42 861.42 908.9502 908.5 908.5 908.5 683.7714 685.9 685.9 604.8917 595.35 595.35 595.35 572.73 572.73 572.73 551.5542 549.06 549.06 550.3475 525.3 525.3 525.3 631.662 644.19 644.19 632.4725 860.43 860.43 860.43 839.5445 1245.86 1245.86 1245.86 1434.416 1432.63 1432.63 1212.982 -9999 -9999 -9999 -9999 -9999 -9999 -9999 -9999
