Model and model input files/precip_1981.asc
ncols         625
nrows         453
xllcorner     138621.56993419
yllcorner     4094031.9406744
cellsize      1000
NODATA_value  -9999
[rows 68 to 101 of 453, columns 0 to 76 of 625]
-9999 -9999 -9999 -9999 -9999 -9999 -9999 -9999 -9999 -9999 -9999 -9999 -9999 -9999 -9999 -9999 -9999 404.4 404.4 404.4 414.5461 414.45 414.45 414.883 406.46 406.46 406.46 407.9239 407.91 407.91 406.4816 434.27 434.27 434.27 476.1116 481.04 481.04 481.04 486.95 486.95 486.95 480.7413 480.01 480.01 480.0252 479.73 479.73 479.73 462.5979 460.58 460.58 460.58 437.5317 437.75 437.75 439.4905 405.63 405.63 405.63 366.6508 367.02 367.02 360.4087 359.63 359.63 359.63 366.2123 366.15 366.15 363.4471 416.03 416.03 416.03 422.5608 423.33 423.33 423.33
-9999 -9999 -9999 -9999 -9999 -9999 -9999 -9999 -9999 -9999 -9999 -9999 -9999 -9999 -9999 -9999 -9999 404.4 404.4 404.4 414.5461 414.45 414.45 414.883 406.46 406.46 406.46 407.9239 407.91 407.91 406.4816 434.27 434.27 434.27 481.4872 481.04 481.04 481.04 486.95 486.95 486.95 480.7413 480.01 480.01 480.3292 474.12 474.12 474.12 454.6709 452.38 452.38 453.6881 428.24 428.24 428.24 428.7607 418.63 418.63 418.63 406.596 406.71 406.71 399.6067 398.77 398.77 398.77 404.7466 404.69 366.15 410.7739 416.03 416.03 416.03 422.5608 423.33 423.33 423.33
-9999 -9999 -9999 -9999 -9999 -9999 -9999 -9999 -9999 -9999 -9999 -9999 -9999 -9999 -9999 -9999 -9999 404.4 404.4 403.8554 414.45 414.45 414.45 414.883 406.46 406.46 406.46 407.9239 407.91 407.91 406.4816 434.27 434.27 434.27 481.4872 481.04 481.04 480.7198 486.95 486.95 486.95 480.7413 480.01 480.01 480.3292 474.12 474.12 474.12 454.6709 452.38 452.38 453.6881 428.24 428.24 428.24 428.7607 418.63 418.63 418.63 406.596 406.71 406.71 399.6067 398.77 398.77 398.77 404.7466 404.69 404.69 443.4809 448.05 448.05 448.05 483.9602 488.19 488.19 488.0453
-9999 -9999 -9999 -9999 -9999 -9999 -9999 -9999 -9999 -9999 -9999 -9999 -9999 -9999 -9999 -9999 -9999 404.4 404.4 403.8554 414.45 414.45 414.45 414.883 406.46 406.46 406.46 407.9239 407.91 407.91 406.4816 434.27 434.27 434.27 481.4872 481.04 481.04 480.7198 486.95 486.95 486.95 480.7413 480.01 480.01 480.3292 474.12 474.12 474.12 454.6709 452.38 452.38 453.6881 428.24 428.24 428.24 419.6427 418.63 418.63 418.63 406.596 406.71 406.71 399.6067 398.77 398.77 398.77 404.7466 404.69 404.69 443.4809 448.05 448.05 448.05 488.5739 488.19 488.19 488.0453
-9999 -9999 -9999 -9999 -9999 -9999 -9999 -9999 -9999 -9999 -9999 -9999 -9999 -9999 -9999 -9999 -9999 345.63 345.63 344.1415 373.1 373.1 373.1 414.0738 418.9 407.7708 406.46 407.9239 407.91 407.91 406.4816 434.27 434.27 434.27 481.4872 481.04 481.04 480.7198 486.95 486.95 486.95 479.9436 480.01 480.01 480.3292 474.12 474.12 474.12 454.6709 452.38 452.38 453.6881 428.24 428.24 428.24 419.6427 418.63 418.63 418.63 406.596 406.71 406.71 399.6067 398.77 398.77 398.77 404.7466 404.69 404.69 443.4809 448.05 448.05 448.05 488.5739 488.19 488.19 488.0453
-9999 -9999 -9999 -9999 -9999 -9999 -9999 -9999 -9999 -9999 -9999 -9999 -9999 -9999 -9999 -9999 -9999 345.63 345.63 344.1415 373.1 373.1 373.1 414.0738 418.9 418.9 413.1458 525.09 525.09 525.09 524.0594 544.11 544.11 544.11 503.6669 504.05 504.05 503.7054 510.41 510.41 510.41 515.8011 515.75 515.75 518.1099 472.2 472.2 473.9177 454.6709 452.38 452.38 453.6881 428.24 428.24 428.24 419.6427 418.63 418.63 419.2759 406.71 406.71 406.71 399.6067 398.77 398.77 398.77 404.7466 404.69 404.69 443.4809 448.05 448.05 448.05 488.5739 488.19 488.19 490.5786
-9999 -9999 -9999 -9999 -9999 -9999 -9999 -9999 -9999 -9999 -9999 -9999 -9999 -9999 -9999 -9999 -9999 345.63 345.63 344.1415 373.1 373.1 373.1 414.0738 418.9 418.9 413.1458 525.09 525.09 525.09 524.0594 544.11 544.11 544.11 503.6669 504.05 504.05 503.7054 510.41 510.41 510.41 515.8011 515.75 515.75 476.7891 472.2 472.2 472.2 452.6256 450.32 450.32 452.2328 415.02 415.02 415.02 384.9606 381.42 381.42 381.8692 373.13 373.13 373.13 368.4153 368.46 368.46 368.46 390.0041 389.8 389.8 436.3652 441.514 448.05 448.05 488.5739 488.19 488.19 490.5786
-9999 -9999 -9999 -9999 -9999 -9999 -9999 -9999 -9999 -9999 -9999 -9999 -9999 -9999 -9999 -9999 -9999 345.63 345.63 344.1415 373.1 373.1 373.1 414.0738 418.9 418.9 413.1458 525.09 525.09 525.09 542.1058 544.11 544.11 544.11 503.6669 504.05 504.05 503.7054 510.41 510.41 510.41 515.8011 515.75 515.75 476.7891 472.2 472.2 472.2 450.1108 450.32 450.32 452.2328 415.02 415.02 415.02 384.9606 381.42 381.42 381.8692 373.13 373.13 373.13 368.4153 368.46 368.46 368.46 390.0041 389.8 389.8 436.3652 441.85 441.85 441.85 469.724 469.46 469.46 449.322
-9999 -9999 -9999 -9999 -9999 -9999 -9999 -9999 -9999 -9999 -9999 -9999 -9999 -9999 -9999 -9999 -9999 345.63 345.63 344.1415 373.1 373.1 373.1 414.0738 418.9 418.9 413.1458 525.09 525.09 525.09 542.1058 544.11 544.11 546.2808 504.05 504.05 504.05 503.7054 510.41 510.41 510.41 515.8011 515.75 515.75 476.7891 472.2 472.2 472.2 450.1108 450.32 450.32 452.2328 415.02 415.02 415.02 384.9606 381.42 381.42 381.8692 373.13 373.13 373.13 368.4153 368.46 368.46 367.3036 389.8 389.8 389.8 436.3652 441.85 441.85 441.85 469.724 469.46 469.46 449.322
-9999 -9999 -9999 -9999 -9999 -9999 -9999 -9999 -9999 -9999 -9999 -9999 -9999 -9999 -9999 -9999 -9999 322.94 322.94 346.8623 349.68 349.68 349.68 384.3467 388.43 388.43 384.9669 452.34 452.34 452.34 471.9054 474.21 474.21 477.1269 420.38 504.8501 504.05 503.7054 510.41 510.41 510.41 515.8011 515.75 515.75 476.7891 472.2 472.2 472.2 450.1108 450.32 450.32 418.7397 415.02 415.02 415.02 384.9606 381.42 381.42 381.8692 373.13 373.13 373.13 368.4153 368.46 368.46 367.3036 389.8 389.8 389.8 436.3652 441.85 441.85 441.85 469.724 469.46 469.46 449.322
-9999 -9999 -9999 -9999 -9999 -9999 -9999 -9999 -9999 -9999 -9999 -9999 -9999 -9999 -9999 -9999 -9999 322.94 322.94 346.8623 349.68 349.68 349.68 384.3467 388.43 388.43 384.9669 452.34 452.34 452.34 471.9054 474.21 474.21 477.1269 420.38 420.38 420.38 415.218 414.61 414.61 414.61 406.6345 406.71 406.71 388.9517 386.86 386.86 386.86 391.4737 391.43 391.43 408.4279 410.43 410.43 410.43 370.5476 365.85 365.0063 381.8692 373.13 373.13 373.13 368.4153 368.46 368.46 367.3036 389.8 389.8 389.8 442.3477 441.85 441.85 441.85 469.724 469.46 469.46 449.322
-9999 -9999 -9999 -9999 -9999 -9999 -9999 -9999 -9999 -9999 -9999 -9999 -9999 -9999 -9999 -9999 -9999 322.94 322.94 346.8623 349.68 349.68 349.68 388.8005 388.43 388.43 384.9669 452.34 452.34 452.34 471.9054 474.21 474.21 477.1269 420.38 420.38 420.38 415.218 414.61 414.61 414.61 406.6345 406.71 406.71 388.9517 386.86 386.86 386.86 391.4737 391.43 391.43 408.4279 410.43 410.43 410.43 365.4237 365.85 365.85 366.5913 352.17 352.17 352.17 345.305 345.37 345.37 344.7306 357.17 357.17 357.17 406.2347 405.77 405.77 403.3001 451.35 451.35 451.35 419.0272
-9999 -9999 -9999 -9999 -9999 -9999 -9999 -9999 -9999 -9999 -9999 -9999 -9999 -9999 -9999 -9999 -9999 322.94 322.94 346.8623 349.68 349.68 349.68 388.8005 388.43 388.43 445.6055 452.34 452.34 452.34 471.9054 474.21 474.21 477.1269 420.38 420.38 420.38 415.218 414.61 414.61 415.0381 406.71 406.71 406.71 388.9517 386.86 386.86 386.86 391.4737 391.43 391.43 408.4279 410.43 410.43 410.43 365.4237 365.85 365.85 353.6115 352.17 352.17 352.17 345.305 345.37 345.37 344.7306 357.17 357.17 357.17 406.2347 405.77 405.77 403.3001 451.35 451.35 451.35 419.0272
-9999 -9999 -9999 -9999 -9999 -9999 -9999 -9999 -9999 -9999 -9999 -9999 -9999 -9999 -9999 -9999 -9999 325.64 325.64 340.8128 342.6 342.6 342.6 384.5696 388.43 388.43 445.6055 452.34 452.34 452.34 471.9054 474.21 474.21 477.1269 420.38 420.38 420.38 415.218 414.61 414.61 415.0381 406.71 406.71 406.71 386.6702 386.86 386.86 386.86 391.4737 391.43 391.43 408.4279 410.43 410.43 410.43 365.4237 365.85 365.85 353.6115 352.17 352.17 352.17 345.305 345.37 345.37 344.7306 357.17 357.17 357.17 406.2347 405.77 405.77 403.3001 451.35 451.35 451.35 414.8745
-9999 -9999 -9999 -9999 -9999 -9999 -9999 -9999 -9999 -9999 -9999 -9999 -9999 -9999 -9999 -9999 -9999 325.64 325.64 340.8128 342.6 342.6 342.6 351.1106 351.03 351.03 354.0628 354.42 354.42 354.42 349.2308 349.28 349.28 349.3336 348.29 348.29 348.29 346.0087 345.74 345.74 345.7714 345.16 345.16 345.16 332.9437 386.86 386.86 386.86 391.4737 391.43 391.43 408.4279 410.43 410.43 410.43 365.4237 365.85 365.85 353.6115 352.17 352.17 352.17 345.37 345.37 345.37 344.7306 357.17 357.17 357.17 406.2347 405.77 405.77 403.3001 451.35 451.35 451.35 414.8745
-9999 -9999 -9999 -9999 -9999 -9999 -9999 -9999 -9999 -9999 -9999 -9999 -9999 -9999 -9999 -9999 -9999 325.64 325.64 340.8128 342.6 342.6 342.6 351.1106 351.03 351.03 354.0628 354.42 354.42 354.42 349.2308 349.28 349.28 348.3943 348.29 348.29 348.29 346.0087 345.74 345.74 345.7714 345.16 345.16 345.16 335.7105 335.8 335.8 335.5523 340.37 340.37 340.37 360.4722 362.84 362.84 362.84 357.6105 357.66 357.66 337.2805 334.88 334.88 334.88 334.72 334.72 334.72 333.2228 362.35 362.35 357.7159 406.2347 405.77 405.77 403.3001 451.35 451.35 451.35 414.8745
-9999 -9999 -9999 -9999 -9999 -9999 -9999 -9999 -9999 -9999 -9999 -9999 -9999 -9999 -9999 -9999 -9999 325.64 325.64 342.7622 342.6 342.6 342.6 351.1106 351.03 351.03 354.0628 354.42 354.42 354.42 349.2308 349.28 349.28 348.3943 348.29 348.29 348.29 346.0087 345.74 345.74 345.7714 345.16 345.16 345.16 335.7105 335.8 335.8 335.5523 340.37 340.37 340.37 360.4722 362.84 362.84 362.84 357.6105 357.66 357.66 337.2805 334.88 334.88 334.88 334.72 334.72 334.72 359.4385 362.35 362.35 362.35 422.8127 422.24 422.24 422.2487 422.08 422.08 422.08 392.4897
-9999 -9999 -9999 -9999 -9999 -9999 -9999 -9999 -9999 -9999 -9999 -9999 -9999 -9999 -9999 -9999 -9999 325.64 325.64 342.7622 342.6 342.6 342.6 351.1106 351.03 351.03 354.0628 354.42 354.42 354.42 349.2308 349.28 349.28 348.3943 348.29 348.29 348.29 345.7156 345.74 345.74 345.7714 345.16 345.16 345.16 335.7105 335.8 335.8 335.5523 340.37 340.37 340.37 363.0549 362.84 362.84 362.84 357.6105 357.66 357.66 337.2805 334.88 334.88 334.88 334.72 334.72 334.72 359.4385 362.35 362.35 362.35 422.8127 422.24 422.24 422.2487 422.08 422.08 422.08 392.4897
-9999 -9999 -9999 -9999 -9999 -9999 -9999 -9999 -9999 -9999 -9999 -9999 -9999 -9999 -9999 -9999 -9999 327.94 327.94 329.202 329.19 329.19 328.9494 333.63 333.63 349.1965 354.0628 354.42 354.42 354.42 349.2308 349.28 349.28 348.3943 348.29 348.29 348.29 345.7156 345.74 345.74 345.7714 345.16 345.16 345.16 335.7105 335.8 335.8 335.5523 340.37 340.37 340.37 363.0549 362.84 362.84 363.1207 357.66 357.66 357.66 337.2805 334.88 334.88 334.88 334.72 334.72 334.72 359.4385 362.35 362.35 359.1047 422.24 422.24 422.24 422.2487 422.08 422.08 422.08 392.4897
-9999 -9999 -9999 -9999 -9999 -9999 -9999 -9999 -9999 -9999 -9999 -9999 -9999 -9999 -9999 -9999 -9999 327.94 327.94 329.202 329.19 329.19 328.9494 333.63 333.63 333.63 329.1778 329.22 329.22 329.22 327.9479 327.96 327.96 341.0931 342.64 342.64 342.64 353.513 353.41 353.41 351.1376 350.87 350.87 350.87 345.8222 345.87 345.87 346.4195 335.73 335.73 335.73 344.0791 344 344 343.6223 356.955 357.66 357.66 337.2805 334.88 334.88 334.88 334.72 334.72 334.72 359.4385 362.35 362.35 359.1047 422.24 422.24 422.24 422.0968 422.08 422.08 422.08 392.4897
-9999 -9999 -9999 -9999 -9999 -9999 -9999 -9999 -9999 -9999 -9999 -9999 -9999 -9999 -9999 -9999 -9999 327.94 327.94 329.202 329.19 329.19 328.9494 333.63 333.63 333.63 329.1778 329.22 329.22 329.22 327.9479 327.96 327.96 341.0931 342.64 342.64 342.64 353.513 353.41 353.41 351.1376 350.87 350.87 350.87 345.8222 345.87 345.87 346.4195 335.73 335.73 335.73 344.0791 344 344 343.6223 350.97 350.97 350.97 348.8297 348.85 348.85 348.85 350.05 350.05 350.05 368.0767 370.2 370.2 367.1704 426.11 426.11 426.11 412.5564 410.96 410.96 410.96 370.4362
-9999 -9999 -9999 -9999 -9999 -9999 -9999 -9999 -9999 -9999 -9999 -9999 -9999 -9999 -9999 -9999 -9999 327.94 327.94 329.202 329.19 329.19 328.9494 333.63 333.63 333.63 329.1778 329.22 329.22 329.2883 327.96 327.96 327.96 341.0931 342.64 342.64 342.64 353.513 353.41 353.41 351.1376 350.87 350.87 350.87 345.87 345.87 345.87 346.4195 335.73 335.73 335.73 344.0791 344 344 343.6223 350.97 350.97 350.97 348.8297 348.85 348.85 348.85 350.05 350.05 350.05 368.0767 370.2 370.2 367.1704 426.11 426.11 426.11 412.5564 410.96 410.96 413.1351 370.82
-9999 -9999 -9999 -9999 -9999 -9999 -9999 -9999 -9999 -9999 -9999 -9999 -9999 -9999 -9999 -9999 -9999 327.94 327.94 329.202 329.19 329.19 328.9494 333.63 333.63 333.63 329.1778 329.22 329.22 329.2883 327.96 327.96 327.96 341.0931 342.64 342.64 342.64 353.513 353.41 353.41 351.1376 350.87 350.87 350.87 345.87 345.87 345.87 336.7985 335.73 335.73 335.73 344.0791 344 344 343.6223 350.97 350.97 350.97 348.8297 348.85 348.85 348.785 350.05 350.05 350.05 368.0767 370.2 370.2 367.1704 426.11 426.11 426.11 412.5564 410.96 410.96 413.1351 370.82
-9999 -9999 -9999 -9999 -9999 -9999 -9999 -9999 -9999 -9999 -9999 -9999 -9999 -9999 -9999 -9999 -9999 315.74 315.74 319.26 319.26 319.26 318.5122 333.06 333.06 333.06 327.0026 327.06 327.06 326.6465 334.69 334.69 334.69 348.0364 347.91 343.1953 342.64 353.513 353.41 353.41 351.1376 350.87 350.87 350.87 345.87 345.87 345.87 336.7985 335.73 335.73 335.73 344.0791 344 344 343.6223 350.97 350.97 350.97 348.8297 348.85 348.85 348.785 350.05 350.05 350.05 368.0767 370.2 370.2 367.1704 426.11 426.11 426.11 412.5564 410.96 410.96 413.1351 370.82
-9999 -9999 -9999 -9999 -9999 -9999 -9999 -9999 -9999 -9999 -9999 -9999 -9999 -9999 -9999 -9999 -9999 315.74 315.74 319.26 319.26 319.26 318.5122 333.06 333.06 333.06 327.0026 327.06 327.06 326.6465 334.69 334.69 334.69 348.0364 347.91 347.91 347.91 369.3026 369.1 369.1 368.8674 368.84 368.84 368.84 358.95 358.95 358.95 350.0038 348.95 348.95 348.9868 348.27 348.27 348.27 348.2906 347.89 347.89 347.89 348.8592 348.85 348.85 348.785 350.05 350.05 350.05 370.3927 370.2 370.2 367.1704 426.11 426.11 426.11 412.5564 410.96 410.96 413.1351 370.82
-9999 -9999 -9999 -9999 -9999 -9999 -9999 -9999 -9999 -9999 -9999 -9999 -9999 -9999 -9999 -9999 -9999 315.74 315.74 319.26 319.26 319.26 331.6058 333.06 333.06 333.06 327.0026 327.06 327.06 326.6465 334.69 334.69 334.69 348.0364 347.91 347.91 346.7618 369.1 369.1 369.1 368.8674 368.84 368.84 368.84 358.95 358.95 358.95 350.0038 348.95 348.95 348.9868 348.27 348.27 348.27 348.2906 347.89 347.89 347.89 359.6514 359.54 359.54 358.6833 375.35 375.35 375.35 384.7793 384.69 384.69 385.4698 370.3 370.3 370.3 368.4124 368.19 368.19 368.6793 359.16
-9999 -9999 -9999 -9999 -9999 -9999 -9999 -9999 -9999 -9999 -9999 -9999 -9999 -9999 -9999 -9999 -9999 315.74 315.74 319.26 319.26 319.26 331.6058 333.06 333.06 333.3851 327.06 327.06 327.06 326.6465 334.69 334.69 334.69 348.0364 347.91 347.91 346.7618 369.1 369.1 369.1 368.8375 368.84 368.84 368.84 358.95 358.95 358.95 350.0038 348.95 348.95 348.9868 348.27 348.27 348.27 347.9301 347.89 347.89 347.89 359.6514 359.54 359.54 358.6833 375.35 375.35 375.35 384.7793 384.69 384.69 371.8163 370.3 370.3 370.3 368.4124 368.19 368.19 368.6793 359.16
-9999 -9999 -9999 -9999 -9999 -9999 -9999 -9999 -9999 -9999 -9999 -9999 -9999 -9999 -9999 -9999 -9999 268.88 268.88 291.26 291.26 291.26 313.7777 331.3076 333.06 333.3851 327.06 327.06 327.06 326.6465 334.69 334.69 334.69 348.0364 347.91 347.91 346.7618 369.1 369.1 369.1 368.8375 368.84 368.84 368.84 358.95 358.95 358.95 350.0038 348.95 348.95 348.9868 348.27 348.27 348.27 347.9301 347.89 347.89 347.89 359.6514 359.54 359.54 358.6833 375.35 375.35 375.35 384.7793 384.69 384.69 371.8163 370.3 370.3 370.3 368.4124 368.19 368.19 368.6793 359.16
-9999 -9999 -9999 -9999 -9999 -9999 -9999 -9999 -9999 -9999 -9999 -9999 -9999 -9999 -9999 -9999 -9999 268.88 268.88 291.26 291.26 291.26 313.7777 316.43 316.43 316.4988 315.16 315.16 315.16 322.7643 323.66 323.66 323.66 342.3268 342.15 342.15 341.1752 360.14 360.14 360.14 367.6915 367.62 367.62 368.0909 358.93 358.9502 358.95 350.0038 348.95 348.95 348.9868 348.27 348.27 348.27 347.9301 347.89 347.89 347.2587 359.54 359.54 359.54 358.6833 375.35 375.35 375.35 384.7793 384.69 384.69 371.8163 370.3 370.3 370.3 368.1698 368.19 368.19 368.6793 359.16
-9999 -9999 -9999 -9999 -9999 -9999 -9999 -9999 -9999 -9999 -9999 -9999 -9999 -9999 -9999 -9999 -9999 268.88 268.88 291.26 291.26 291.26 313.7777 316.43 316.43 316.4988 315.16 315.16 315.16 322.7643 323.66 323.66 323.66 342.3268 342.15 342.15 341.1752 360.14 360.14 360.14 367.6915 367.62 367.62 368.0909 358.93 358.93 358.93 359.4221 359.48 359.48 359.629 356.73 356.73 356.73 370.5251 372.15 372.15 367.7088 454.11 454.11 454.11 453.7014 461.65 461.65 461.65 424.2962 424.65 424.65 397.5367 370.3 370.3 370.3 368.1698 368.19 368.19 368.6793 359.16
-9999 -9999 -9999 -9999 -9999 -9999 -9999 -9999 -9999 -9999 -9999 -9999 -9999 -9999 -9999 -9999 -9999 268.88 267.6673 291.26 291.26 291.26 313.7777 316.43 316.43 316.4988 315.16 315.16 315.16 322.7643 323.66 323.66 322.6581 342.15 342.15 342.15 341.1752 360.14 360.14 360.14 367.6915 367.62 367.62 368.0909 358.93 358.93 358.93 359.4853 359.48 359.48 359.629 356.73 356.73 356.73 370.5251 372.15 372.15 367.7088 454.11 454.11 454.11 460.8555 461.65 461.65 461.65 424.2962 424.65 424.65 396.3083 392.97 392.97 392.97 396.4429 396.41 396.41 421.4863 424.44
-9999 -9999 -9999 -9999 -9999 -9999 -9999 -9999 -9999 -9999 -9999 -9999 -9999 -9999 -9999 -9999 -9999 268.88 267.6673 291.26 291.26 291.26 313.7777 316.43 316.43 316.4988 315.16 315.16 315.16 322.7643 323.66 323.66 322.6581 342.15 342.15 342.15 341.1752 360.14 360.14 360.14 367.6915 367.62 367.62 368.0909 358.93 358.93 358.93 359.4853 359.48 359.48 359.629 356.73 356.73 356.73 370.5251 372.15 372.15 367.7088 454.11 454.11 454.11 460.8555 461.65 461.65 461.65 424.2962 424.65 424.65 396.3083 392.97 392.97 392.97 396.4429 396.41 396.41 421.4863 424.44
-9999 -9999 -9999 -9999 -9999 -9999 -9999 -9999 -9999 -9999 -9999 -9999 -9999 -9999 -9999 -9999 -9999 258.89 257.9174 276.84 276.84 276.84 306.0366 305.76 305.76 305.3617 313.11 313.11 313.11 323.4787 324.7 324.7 323.7545 342.15 342.15 342.15 358.2443 360.14 360.14 360.14 367.6915 367.62 367.62 368.0909 358.93 358.93 358.93 359.4853 359.48 359.48 357.0198 356.73 356.73 356.73 370.5251 372.15 372.15 367.7088 454.11 454.11 454.11 460.8555 461.65 461.65 463.6549 424.65 424.65 424.65 396.3083 392.97 392.97 392.97 396.4429 396.41 396.41 421.4863 424.44
-9999 -9999 -9999 -9999 -9999 -9999 -9999 -9999 -9999 -9999 -9999 -9999 -9999 -9999 -9999 -9999 -9999 258.89 257.9174 276.84 276.84 276.84 306.0366 305.76 305.76 305.3617 313.11 313.11 313.11 323.4787 324.7 324.7 323.8438 340.5 340.5 340.5 350.5377 351.72 351.72 351.72 360.2104 360.13 360.13 359.6954 368.15 368.15 368.15 376.7313 376.65 376.65 379.2623 379.57 379.57 379.57 429.6869 439.0276 372.15 367.7088 454.11 454.11 454.11 460.8555 461.65 461.65 463.6549 424.65 424.65 424.65 396.3083 392.97 392.97 392.97 396.4429 396.41 396.41 421.4863 424.44
