Model and model input files/precip_1988.asc
ncols         625
nrows         453
xllcorner     138621.56993419
yllcorner     4094031.9406744
cellsize      1000
NODATA_value  -9999
[rows 102 to 135 of 453, columns 77 to 153 of 625]
270.53 270.53 289.1766 245.6898 246.1 253.6149 254.5 254.5 254.5 263.1421 264.16 264.16 263.5704 275.04 275.04 275.04 322.5197 322.07 322.07 317.8125 400.64 400.64 400.64 454.2549 460.57 460.57 460.57 406.205 406.72 406.72 429.0677 431.7 431.7 431.7 496.9278 496.31 496.31 495.4083 512.95 512.95 512.95 512.3342 512.34 512.34 511.3332 530.92 530.92 530.92 519.6331 519.74 519.74 519.74 627.531 626.51 626.51 684.437 691.26 691.26 691.26 690.55 690.55 690.55 753.1559 760.53 760.53 760.53 1003.552 1001.25 1001.25 1004.434 942.5 942.5 942.5 705.2629 707.51 707.51 701.693
270.53 270.53 289.1766 289 289 259.6921 256.24 256.24 256.24 245.6834 244.44 244.44 243.8385 255.54 255.54 255.54 315.8816 315.31 315.31 313.1376 355.4 355.4 355.4 365.6524 366.86 366.86 366.86 360.1565 360.22 357.7003 429.0677 431.7 431.7 431.7 496.9278 496.31 496.31 495.4083 512.95 512.95 512.95 512.3342 512.34 512.34 511.3332 530.92 530.92 530.92 519.6331 519.74 519.74 519.74 627.531 626.51 626.51 684.437 691.26 691.26 691.26 690.55 690.55 690.55 753.1559 760.53 760.53 747.486 1001.25 1001.25 1001.25 1004.434 942.5 942.5 942.5 705.2629 707.51 707.51 701.693
270.53 270.53 289.1766 289 289 259.6921 256.24 256.24 256.24 244.3272 244.44 244.44 243.8385 255.54 255.54 255.54 315.8816 315.31 315.31 313.1376 355.4 355.4 355.4 366.9696 366.86 366.86 366.86 360.1565 360.22 360.22 406.3379 411.77 411.77 411.77 487.3862 486.67 486.67 464.7964 462.22 462.22 462.22 473.5977 473.49 473.49 472.0432 500.19 500.19 500.19 503.5721 503.54 503.54 501.3996 543.04 543.04 543.04 682.7625 699.22 699.22 699.22 687.8301 690.55 690.55 753.1559 760.53 760.53 747.486 1001.25 1001.25 1001.25 1004.434 942.5 942.5 942.5 705.2629 707.51 707.51 701.693
270.53 270.53 289.1766 289 289 259.6921 256.24 256.24 256.24 244.3272 244.44 244.44 243.8385 255.54 255.54 255.54 315.8816 315.31 315.31 313.1376 355.4 355.4 355.4 366.9696 366.86 366.86 366.86 360.1565 360.22 360.22 406.3379 411.77 411.77 411.77 487.3862 486.67 486.67 464.7964 462.22 462.22 462.22 473.5977 473.49 473.49 472.0432 500.19 500.19 500.19 503.5721 503.54 503.54 501.3996 543.04 543.04 543.04 682.7625 699.22 699.22 699.22 687.97 687.97 687.97 712.9658 715.91 715.91 713.5154 760.1 760.1 760.1 760.7789 747.57 747.57 747.57 713.5679 713.89 713.89 709.5284
270.53 270.53 289.1766 289 289 259.6921 256.24 256.24 256.24 244.3272 244.44 244.44 254.3703 255.54 255.54 255.54 315.8816 315.31 315.31 313.1376 355.4 355.4 355.4 366.9696 366.86 366.86 367.2198 360.22 360.22 360.22 406.3379 411.77 411.77 411.77 487.3862 486.67 486.67 464.7964 462.22 462.22 462.22 473.49 473.49 473.49 472.0432 500.19 500.19 500.19 503.5721 503.54 503.54 501.3996 543.04 543.04 543.04 700.7134 699.22 699.22 699.22 687.97 687.97 687.97 712.9658 715.91 715.91 713.5154 760.1 760.1 760.1 748.8904 747.57 747.57 747.57 713.5679 713.89 713.89 709.5284
266.3 266.3 272.0949 272.04 272.04 257.7618 256.08 256.08 256.08 302.1665 301.73 301.73 290.7887 289.5 289.5 255.2153 315.8816 315.31 315.31 313.1376 355.4 355.4 355.4 366.9696 366.86 366.86 367.2198 360.22 360.22 360.22 406.3379 411.77 411.77 411.77 487.3862 486.67 486.67 464.7964 462.22 462.22 462.22 473.49 473.49 473.49 472.0432 500.19 500.19 500.19 503.5721 503.54 503.54 501.3996 543.04 543.04 543.04 700.7134 699.22 699.22 699.22 687.97 687.97 687.97 712.9658 715.91 715.91 713.5154 760.1 760.1 760.1 748.8904 747.57 747.57 747.57 713.5679 713.89 713.89 709.5284
266.3 265.989 272.04 272.04 272.04 257.7618 256.08 256.08 256.08 302.1665 301.73 301.73 290.7887 289.5 289.5 289.5 284.2099 284.26 284.26 281.7181 331.17 331.17 331.17 310.373 310.57 310.57 309.6136 328.22 328.22 328.22 381.0118 387.23 387.23 387.23 378.5175 378.6 378.6 374.109 373.58 373.58 373.58 392.4 392.4 474.2654 472.0432 500.19 500.19 500.19 503.5721 503.54 503.54 501.3996 543.04 543.04 543.04 700.7134 699.22 699.22 699.22 687.97 687.97 687.97 712.9658 715.91 715.91 713.5154 760.1 760.1 760.1 748.8904 747.57 747.57 747.57 713.5679 713.89 713.89 709.5284
266.3 265.989 272.04 272.04 272.04 257.7618 256.08 256.08 256.08 302.1665 301.73 301.73 290.7887 289.5 289.5 289.5 284.26 284.26 284.26 281.7181 331.17 331.17 331.17 310.373 310.57 310.57 309.6136 328.22 328.22 328.22 387.7943 387.23 387.23 387.23 378.5175 378.6 378.6 374.109 373.58 373.58 373.58 392.4 392.4 392.4 403.6812 405.01 405.01 405.01 425.5344 425.34 425.34 423.5204 458.92 458.92 458.92 532.8704 532.17 532.17 528.9247 592.06 592.06 592.06 632.4344 637.19 637.19 639.7699 589.58 589.58 589.58 606.0679 608.01 608.01 606.1671 642.02 642.02 714.5773 709.5284
266.3 265.989 272.04 272.04 272.04 257.7618 256.08 256.08 256.08 302.1665 301.73 301.73 290.7887 289.5 289.5 289.5 284.26 284.26 284.26 281.7181 331.17 331.17 331.17 310.373 310.57 310.57 309.6136 328.22 328.22 328.22 387.7943 387.23 387.23 387.23 378.5175 378.6 378.6 374.109 373.58 373.58 373.58 392.4 392.4 392.4 403.6812 405.01 405.01 405.01 425.5344 425.34 425.34 423.5204 458.92 458.92 458.92 532.8704 532.17 532.17 528.9247 592.06 592.06 592.06 632.4344 637.19 637.19 639.7699 589.58 589.58 589.58 606.0679 608.01 608.01 606.1671 642.02 642.02 642.02 634.7269
266.3 265.989 272.04 272.04 272.04 255.9274 256.08 256.08 256.08 302.1665 301.73 301.73 290.7887 289.5 289.5 289.5 284.26 284.26 284.26 326.2269 331.17 331.17 331.17 310.373 310.57 310.57 309.6136 328.22 328.22 328.22 387.7943 387.23 387.23 387.6977 378.6 378.6 378.6 374.109 373.58 373.58 373.58 392.4 392.4 392.4 403.6812 405.01 405.01 403.9084 425.34 425.34 425.34 423.5204 458.92 458.92 458.92 532.8704 532.17 532.17 528.9247 592.06 592.06 592.06 632.4344 637.19 637.19 639.7699 589.58 589.58 589.58 606.0679 608.01 608.01 606.1671 642.02 642.02 642.02 634.7269
273.83 273.4469 280.9 280.9 280.9 251.1078 251.39 251.39 251.39 272.2879 272.09 272.09 306.8999 311 311 311 320.27 320.27 320.27 340.2559 342.61 342.61 342.61 393.1083 392.63 392.63 394.6572 331.0651 328.22 328.22 387.7943 387.23 387.23 387.6977 378.6 378.6 378.6 374.109 373.58 373.58 373.58 392.4 392.4 392.4 403.6812 405.01 405.01 403.9084 425.34 425.34 425.34 423.5204 458.92 458.92 458.92 532.8704 532.17 532.17 528.9247 592.06 592.06 592.06 637.6216 637.19 637.19 639.7699 589.58 589.58 589.58 606.0679 608.01 608.01 606.1671 642.02 642.02 642.02 762.4276
273.83 273.4469 280.9 280.9 280.9 251.1078 251.39 251.39 250.2683 272.09 272.09 272.09 306.8999 311 311 311 320.27 320.27 320.27 340.2559 342.61 342.61 339.8995 392.63 392.63 392.63 394.6572 355.22 355.22 355.22 393.856 393.49 393.49 394.39 376.88 376.88 376.88 405.0607 408.38 408.38 408.38 396.1 396.1 396.1 406.7997 408.06 408.06 405.7847 450.05 450.05 450.05 447.883 490.04 490.04 490.04 513.0075 512.79 532.3553 528.9247 592.06 592.06 592.06 637.6216 637.19 637.19 639.7699 589.58 589.58 589.58 606.0679 608.01 608.01 606.1671 642.02 642.02 642.02 762.4276
273.83 273.4469 280.9 280.9 280.9 251.1078 251.39 251.39 250.2683 272.09 272.09 272.09 306.8999 311 311 311 320.27 320.27 320.27 340.2559 342.61 342.61 339.8995 392.63 392.63 392.63 394.6572 355.22 355.22 355.22 393.856 393.49 393.49 394.39 376.88 376.88 376.88 408.6812 408.38 408.38 408.38 396.1 396.1 396.1 406.7997 408.06 408.06 405.7847 450.05 450.05 450.05 485.826 490.04 490.04 490.04 513.0075 512.79 512.79 512.6334 515.68 515.68 515.68 544.0083 543.74 543.74 654.1457 667.15 667.15 667.15 721.0959 727.45 727.45 727.9751 717.76 717.76 717.76 732.4677
273.83 273.4469 280.9 280.9 280.9 251.1078 251.39 251.39 250.2683 272.09 272.09 272.09 311.3721 311 311 311 320.27 320.27 320.27 340.2559 342.61 342.61 339.8995 392.63 392.63 392.63 394.6572 355.22 355.22 355.22 393.856 393.49 393.49 394.39 376.88 376.88 376.88 408.6812 408.38 408.38 408.38 396.1 396.1 396.1 406.7997 408.06 408.06 405.7847 450.05 450.05 450.05 485.826 490.04 490.04 490.04 513.0075 512.79 512.79 512.6334 515.68 515.68 515.68 544.0083 543.74 543.74 654.1457 667.15 667.15 667.15 721.0959 727.45 727.45 727.9751 717.76 717.76 717.76 732.4677
287.67 288.2374 277.2 276.9995 280.9 251.1078 251.39 251.39 250.2683 272.09 272.09 272.09 311.3721 311 311 311 320.27 320.27 320.27 340.2559 342.61 342.61 339.8995 392.63 392.63 392.63 359.1621 355.22 355.22 355.22 393.856 393.49 393.49 394.39 376.88 376.88 376.88 408.6812 408.38 408.38 409.0454 396.1 396.1 396.1 406.7997 408.06 408.06 405.7847 450.05 450.05 450.05 485.826 490.04 490.04 490.04 513.0075 512.79 512.79 512.6334 515.68 515.68 515.68 544.0083 543.74 543.74 654.1457 667.15 667.15 667.15 721.0959 727.45 727.45 727.9751 717.76 717.76 717.76 732.4677
287.67 278.3033 277.2 277.2 277.2 278.7951 278.78 278.78 276.4575 321.64 321.64 321.64 346.4752 346.24 346.24 346.24 362.66 362.66 362.66 406.094 411.21 411.21 407.8861 472.55 472.55 472.55 453.8702 451.67 451.67 451.67 398.2104 393.49 393.49 394.39 376.88 376.88 376.88 408.6812 408.38 408.38 409.0454 396.1 396.1 396.1 406.7997 408.06 408.06 405.7847 450.05 450.05 450.05 485.826 490.04 490.04 488.8073 512.79 512.79 512.79 512.6334 515.68 515.68 515.68 544.0083 543.74 543.74 654.1457 667.15 667.15 667.15 728.0266 727.45 727.45 727.9751 717.76 717.76 717.76 732.4677
287.67 278.3033 277.2 277.2 277.2 278.7951 278.78 278.78 276.4575 321.64 321.64 321.64 346.4752 346.24 346.24 345.3502 362.66 362.66 362.66 406.094 411.21 411.21 407.8861 472.55 472.55 472.55 453.8702 451.67 451.67 452.3349 439.4 439.4 439.4 438.333 459.09 459.09 459.09 489.7605 489.47 489.47 490.4118 472.09 472.09 472.09 454.3228 452.23 452.23 450.3123 487.62 487.62 487.62 485.8129 485.6 485.6 485.7853 482.18 482.18 482.18 480.6768 509.92 509.92 509.92 549.4847 549.11 549.11 746.3391 769.57 769.57 769.57 988.7359 986.66 1000.706 727.9751 717.76 717.76 717.76 732.4677
287.67 278.3033 277.2 277.2 277.1144 278.78 278.78 278.78 276.4575 321.64 321.64 321.64 346.4752 346.24 346.24 345.3502 362.66 362.66 362.66 406.094 411.21 411.21 407.8861 472.55 472.55 472.55 453.8702 451.67 451.67 452.3349 439.4 439.4 439.4 438.333 459.09 459.09 459.09 489.7605 489.47 489.47 490.4118 472.09 472.09 472.09 452.0401 452.23 452.23 450.3123 487.62 487.62 487.62 485.8129 485.6 485.6 485.7853 482.18 482.18 482.18 506.9969 509.92 509.92 509.92 549.4847 549.11 549.11 746.3391 769.57 769.57 769.57 988.7359 986.66 986.66 987.404 972.93 972.93 972.93 934.1122
287.67 278.3033 277.2 277.2 277.1144 278.78 278.78 278.78 276.4575 321.64 321.64 321.64 346.4752 346.24 346.24 345.3502 362.66 362.66 362.66 411.6743 411.21 411.21 407.8861 472.55 472.55 472.55 453.8702 451.67 451.67 452.3349 439.4 439.4 439.4 438.333 459.09 459.09 459.09 489.7605 489.47 489.47 490.4118 472.09 472.09 472.09 452.0401 452.23 452.23 450.3123 487.62 487.62 487.62 485.8129 485.6 485.6 485.7853 482.18 482.18 482.18 506.9969 509.92 509.92 509.92 549.4847 549.11 549.11 746.3391 769.57 769.57 769.57 988.7359 986.66 986.66 974.3768 972.93 972.93 972.93 934.1122
297.51 290.6661 289.86 289.86 287.5608 332.29 332.29 332.29 330.8979 357.98 357.98 357.98 370.4582 370.34 370.34 347.8898 362.66 362.66 362.66 411.6743 411.21 411.21 407.8861 472.55 472.55 472.55 453.8702 451.67 451.67 452.3349 439.4 439.4 439.4 457.0152 459.09 459.09 459.09 489.7605 489.47 489.47 490.4118 472.09 472.09 472.09 452.0401 452.23 452.23 450.3123 487.62 487.62 487.62 485.8129 485.6 485.6 485.7853 482.18 482.18 482.18 506.9969 509.92 509.92 509.92 549.4847 549.11 549.11 746.3391 769.57 769.57 769.57 988.7359 986.66 986.66 974.3768 972.93 972.93 972.93 934.1122
297.51 290.6661 289.86 289.86 287.5608 332.29 332.29 332.29 355.2729 357.98 357.98 357.98 370.4582 370.34 370.34 369.6242 383.55 383.55 383.55 421.4691 421.11 421.11 418.4082 470.97 470.97 470.97 478.3506 479.22 479.22 481.2125 442.45 442.45 442.45 442.4768 442.48 442.48 442.48 490.2525 489.8 489.8 489.7832 490.11 490.11 491.0865 452.0401 452.23 452.23 483.8908 487.62 487.62 487.62 485.8129 485.6 485.6 485.7853 482.18 482.18 482.18 506.9969 509.92 509.92 507.7964 549.11 549.11 549.11 746.3391 769.57 769.57 769.57 988.7359 986.66 986.66 974.3768 972.93 972.93 972.93 934.1122
297.51 290.6661 289.86 289.86 287.5608 332.29 332.29 332.29 355.2729 357.98 357.98 357.98 370.4582 370.34 370.34 369.6242 383.55 383.55 383.55 421.4691 421.11 421.11 465.716 470.97 470.97 470.97 478.3506 479.22 479.22 481.2125 442.45 442.45 442.45 442.4768 442.48 442.48 439.9159 489.8 489.8 489.8 489.7832 490.11 490.11 490.11 469.3938 469.59 469.59 482.231 483.72 483.72 483.72 525.7227 530.67 530.67 530.7957 528.35 528.35 528.35 662.5079 678.31 678.31 676.9651 703.13 703.13 703.13 615.5462 605.23 605.23 605.23 1023.774 1019.81 1019.81 1151.785 1167.33 1167.33 1167.33 927.2661
297.51 290.6661 289.86 289.86 287.5608 332.29 332.29 332.29 355.2729 357.98 357.98 357.3102 370.34 370.34 370.34 369.6242 383.55 383.55 383.55 421.4691 421.11 421.11 465.716 470.97 470.97 470.97 478.3506 479.22 479.22 481.2125 442.45 442.45 442.45 442.4768 442.48 442.48 439.9159 489.8 489.8 489.8 489.7832 490.11 490.11 490.11 469.3938 469.59 469.59 482.231 483.72 483.72 483.72 531.119 530.67 530.67 530.7957 528.35 528.35 528.35 662.5079 678.31 678.31 676.9651 703.13 703.13 703.13 615.5462 605.23 605.23 605.23 1023.774 1019.81 1019.81 1151.785 1167.33 1167.33 1167.33 1209.772
307.94 289.6871 289.86 289.86 287.5608 332.29 332.29 332.29 355.2729 357.98 357.98 357.3102 370.34 370.34 370.34 369.6242 383.55 383.55 383.55 421.4691 421.11 421.11 465.716 470.97 470.97 470.97 479.2989 479.22 479.22 481.2125 442.45 442.45 442.45 442.4768 442.48 442.48 439.9159 489.8 489.8 489.8 489.7832 490.11 490.11 490.11 469.3938 469.59 469.59 482.231 483.72 483.72 483.72 531.119 530.67 530.67 530.7957 528.35 528.35 528.35 662.5079 678.31 678.31 676.9651 703.13 703.13 703.13 604.2938 605.23 605.23 605.23 1023.774 1019.81 1019.81 1151.785 1167.33 1167.33 1167.33 1209.772
307.94 306.11 306.11 306.11 306.11 344.66 344.66 344.66 367.6002 370.7 370.7 370.7 386.45 386.45 386.45 407.9454 410.85 410.85 410.85 419.43 419.43 419.43 444.6519 448.06 448.06 448.06 470.02 470.02 479.1301 479.1301 442.3984 442.3984 442.3984 442.5754 442.5993 442.5993 442.5993 489.9117 489.8 489.8 490.0731 490.11 490.11 490.11 469.59 469.59 469.59 482.038 483.72 483.72 483.72 530.67 530.67 530.67 530.67 528.35 528.35 528.35 660.4589 678.31 678.31 678.31 703.13 703.13 703.13 605.23 605.23 605.23 605.23 1019.81 1019.81 1019.81 1149.769 1167.33 1167.33 1167.33 1209.37
-9999 -9999 -9999 -9999 -9999 -9999 -9999 -9999 -9999 -9999 -9999 -9999 -9999 -9999 -9999 -9999 -9999 -9999 -9999 -9999 -9999 -9999 -9999 -9999 -9999 -9999 -9999 -9999 -9999 -9999 -9999 -9999 -9999 -9999 -9999 -9999 -9999 -9999 -9999 -9999 -9999 -9999 -9999 -9999 -9999 -9999 -9999 -9999 -9999 -9999 -9999 -9999 -9999 -9999 -9999 -9999 -9999 -9999 -9999 -9999 -9999 -9999 -9999 -9999 -9999 -9999 -9999 -9999 -9999 -9999 -9999 -9999 -9999 -9999 -9999 -9999 -9999
-9999 -9999 -9999 -9999 -9999 -9999 -9999 -9999 -9999 -9999 -9999 -9999 -9999 -9999 -9999 -9999 -9999 -9999 -9999 -9999 -9999 -9999 -9999 -9999 -9999 -9999 -9999 -9999 -9999 -9999 -9999 -9999 -9999 -9999 -9999 -9999 -9999 -9999 -9999 -9999 -9999 -9999 -9999 -9999 -9999 -9999 -9999 -9999 -9999 -9999 -9999 -9999 -9999 -9999 -9999 -9999 -9999 -9999 -9999 -9999 -9999 -9999 -9999 -9999 -9999 -9999 -9999 -9999 -9999 -9999 -9999 -9999 -9999 -9999 -9999 -9999 -9999
-9999 -9999 -9999 -9999 -9999 -9999 -9999 -9999 -9999 -9999 -9999 -9999 -9999 -9999 -9999 -9999 -9999 -9999 -9999 -9999 -9999 -9999 -9999 -9999 -9999 -9999 -9999 -9999 -9999 -9999 -9999 -9999 -9999 -9999 -9999 -9999 -9999 -9999 -9999 -9999 -9999 -9999 -9999 -9999 -9999 -9999 -9999 -9999 -9999 -9999 -9999 -9999 -9999 -9999 -9999 -9999 -9999 -9999 -9999 -9999 -9999 -9999 -9999 -9999 -9999 -9999 -9999 -9999 -9999 -9999 -9999 -9999 -9999 -9999 -9999 -9999 -9999
-9999 -9999 -9999 -9999 -9999 -9999 -9999 -9999 -9999 -9999 -9999 -9999 -9999 -9999 -9999 -9999 -9999 -9999 -9999 -9999 -9999 -9999 -9999 -9999 -9999 -9999 -9999 -9999 -9999 -9999 -9999 -9999 -9999 -9999 -9999 -9999 -9999 -9999 -9999 -9999 -9999 -9999 -9999 -9999 -9999 -9999 -9999 -9999 -9999 -9999 -9999 -9999 -9999 -9999 -9999 -9999 -9999 -9999 -9999 -9999 -9999 -9999 -9999 -9999 -9999 -9999 -9999 -9999 -9999 -9999 -9999 -9999 -9999 -9999 -9999 -9999 -9999
-9999 -9999 -9999 -9999 -9999 -9999 -9999 -9999 -9999 -9999 -9999 -9999 -9999 -9999 -9999 -9999 -9999 -9999 -9999 -9999 -9999 -9999 -9999 -9999 -9999 -9999 -9999 -9999 -9999 -9999 -9999 -9999 -9999 -9999 -9999 -9999 -9999 -9999 -9999 -9999 -9999 -9999 -9999 -9999 -9999 -9999 -9999 -9999 -9999 -9999 -9999 -9999 -9999 -9999 -9999 -9999 -9999 -9999 -9999 -9999 -9999 -9999 -9999 -9999 -9999 -9999 -9999 -9999 -9999 -9999 -9999 -9999 -9999 -9999 -9999 -9999 -9999
-9999 -9999 -9999 -9999 -9999 -9999 -9999 -9999 -9999 -9999 -9999 -9999 -9999 -9999 -9999 -9999 -9999 -9999 -9999 -9999 -9999 -9999 -9999 -9999 -9999 -9999 -9999 -9999 -9999 -9999 -9999 -9999 -9999 -9999 -9999 -9999 -9999 -9999 -9999 -9999 -9999 -9999 -9999 -9999 -9999 -9999 -9999 -9999 -9999 -9999 -9999 -9999 -9999 -9999 -9999 -9999 -9999 -9999 -9999 -9999 -9999 -9999 -9999 -9999 -9999 -9999 -9999 -9999 -9999 -9999 -9999 -9999 -9999 -9999 -9999 -9999 -9999
-9999 -9999 -9999 -9999 -9999 -9999 -9999 -9999 -9999 -9999 -9999 -9999 -9999 -9999 -9999 -9999 -9999 -9999 -9999 -9999 -9999 -9999 -9999 -9999 -9999 -9999 -9999 -9999 -9999 -9999 -9999 -9999 -9999 -9999 -9999 -9999 -9999 -9999 -9999 -9999 -9999 -9999 -9999 -9999 -9999 -9999 -9999 -9999 -9999 -9999 -9999 -9999 -9999 -9999 -9999 -9999 -9999 -9999 -9999 -9999 -9999 -9999 -9999 -9999 -9999 -9999 -9999 -9999 -9999 -9999 -9999 -9999 -9999 -9999 -9999 -9999 -9999
-9999 -9999 -9999 -9999 -9999 -9999 -9999 -9999 -9999 -9999 -9999 -9999 -9999 -9999 -9999 -9999 -9999 -9999 -9999 -9999 -9999 -9999 -9999 -9999 -9999 -9999 -9999 -9999 -9999 -9999 -9999 -9999 -9999 -9999 -9999 -9999 -9999 -9999 -9999 -9999 -9999 -9999 -9999 -9999 -9999 -9999 -9999 -9999 -9999 -9999 -9999 -9999 -9999 -9999 -9999 -9999 -9999 -9999 -9999 -9999 -9999 -9999 -9999 -9999 -9999 -9999 -9999 -9999 -9999 -9999 -9999 -9999 -9999 -9999 -9999 -9999 -9999
-9999 -9999 -9999 -9999 -9999 -9999 -9999 -9999 -9999 -9999 -9999 -9999 -9999 -9999 -9999 -9999 -9999 -9999 -9999 -9999 -9999 -9999 -9999 -9999 -9999 -9999 -9999 -9999 -9999 -9999 -9999 -9999 -9999 -9999 -9999 -9999 -9999 -9999 -9999 -9999 -9999 -9999 -9999 -9999 -9999 -9999 -9999 -9999 -9999 -9999 -9999 -9999 -9999 -9999 -9999 -9999 -9999 -9999 -9999 -9999 -9999 -9999 -9999 -9999 -9999 -9999 -9999 -9999 -9999 -9999 -9999 -9999 -9999 -9999 -9999 -9999 -9999
