Model and model input files/precip_2004.asc
ncols         625
nrows         453
xllcorner     138621.56993419
yllcorner     4094031.9406744
cellsize      1000
NODATA_value  -9999
[rows 0 to 33 of 453, columns 0 to 76 of 625]
-9999 -9999 -9999 -9999 -9999 -9999 -9999 -9999 -9999 -9999 -9999 -9999 -9999 -9999 -9999 -9999 -9999 433.46 433.46 433.6278 452.96 452.96 452.96 463.4699 464.89 464.89 464.89 445.97 445.97 445.97 400.1424 393.95 393.95 393.95 384.41 384.41 384.41 361.091 357.94 357.94 357.94 333.28 333.28 333.28 321.18 321.18 321.18 321.18 307.74 307.74 307.74 295.57 295.57 295.57 295.57 297.26 297.26 297.26 297.3481 297.36 297.36 297.36 295.91 295.91 295.91 280.872 278.84 278.84 278.84 271.42 271.42 271.42 280.1327 281.31 281.31 259.5744 261.2665
-9999 -9999 -9999 -9999 -9999 -9999 -9999 -9999 -9999 -9999 -9999 -9999 -9999 -9999 -9999 -9999 -9999 433.46 433.46 450.9052 452.96 452.96 452.96 465.0041 464.89 464.89 465.9153 445.97 445.97 445.97 399.4316 393.95 393.95 394.4669 384.41 384.41 384.41 360.7293 357.94 357.94 359.2763 333.28 333.28 333.28 321.0643 321.18 321.18 321.9083 307.74 307.74 307.74 295.4536 295.57 295.57 295.4784 297.26 297.26 297.26 297.3609 297.36 297.36 297.36 295.91 295.91 295.91 280.6388 278.84 278.84 279.2421 271.42 271.42 271.42 280.2679 281.31 281.31 281.4265 279.16
-9999 -9999 -9999 -9999 -9999 -9999 -9999 -9999 -9999 -9999 -9999 -9999 -9999 -9999 -9999 -9999 -9999 405.02 433.732 450.9052 452.96 452.96 452.96 465.0041 464.89 464.89 447.9637 445.97 445.97 445.97 399.4316 393.95 393.95 394.4669 384.41 384.41 384.41 360.7293 357.94 357.94 359.2763 333.28 333.28 333.28 321.0643 321.18 321.18 321.9083 307.74 307.74 307.74 295.4536 295.57 295.57 295.4784 297.26 297.26 297.26 297.3609 297.36 297.36 297.4386 295.91 295.91 295.91 280.6388 278.84 278.84 279.2421 271.42 271.42 271.42 280.2679 281.31 281.31 281.4265 279.16
-9999 -9999 -9999 -9999 -9999 -9999 -9999 -9999 -9999 -9999 -9999 -9999 -9999 -9999 -9999 -9999 -9999 405.02 405.02 465.3267 472.43 472.43 472.43 444.6267 444.89 444.89 447.2965 447.58 447.58 447.58 458.1703 458.07 458.07 495.2864 499.67 499.67 499.67 394.2027 383.0718 357.94 359.2763 333.28 333.28 333.28 321.0643 321.18 321.18 321.9083 307.74 307.74 307.74 295.4536 295.57 295.57 295.4784 297.26 297.26 297.26 297.3609 297.36 297.36 297.4386 295.91 295.91 295.91 278.6768 278.84 278.84 279.2421 271.42 271.42 271.42 280.2679 281.31 281.31 281.4265 279.16
-9999 -9999 -9999 -9999 -9999 -9999 -9999 -9999 -9999 -9999 -9999 -9999 -9999 -9999 -9999 -9999 -9999 405.02 405.02 465.3267 472.43 472.43 472.43 444.6267 444.89 444.89 447.2965 447.58 447.58 447.58 458.1703 458.07 458.07 495.2864 499.67 499.67 499.67 380.6527 381.78 381.78 384.3447 334.45 334.45 334.45 322.0223 322.14 322.14 322.6846 312.09 312.09 312.09 295.2606 295.42 295.42 295.4298 295.24 295.24 295.24 289.2937 289.35 289.35 296.5945 295.91 295.91 295.91 278.6768 278.84 278.84 272.2019 271.42 271.42 271.42 280.2679 281.31 281.31 281.4265 279.16
-9999 -9999 -9999 -9999 -9999 -9999 -9999 -9999 -9999 -9999 -9999 -9999 -9999 -9999 -9999 -9999 -9999 405.02 405.02 465.3267 472.43 472.43 472.43 444.6267 444.89 444.89 447.2965 447.58 447.58 447.58 458.1703 458.07 458.07 495.2864 499.67 499.67 499.67 380.6527 381.78 381.78 339.4374 334.45 334.45 334.45 322.0223 322.14 322.14 322.6846 312.09 312.09 312.09 295.2606 295.42 295.42 295.4298 295.24 295.24 295.24 289.2937 289.35 289.35 289.311 290.07 290.07 290.07 289.0099 289.02 289.02 292.0617 292.42 292.42 292.42 305.0799 304.96 304.96 305.0776 302.79
-9999 -9999 -9999 -9999 -9999 -9999 -9999 -9999 -9999 -9999 -9999 -9999 -9999 -9999 -9999 -9999 -9999 405.02 405.02 465.3267 472.43 472.43 472.43 444.6267 444.89 444.89 447.2965 447.58 447.58 447.58 458.1703 458.07 458.07 495.2864 499.67 499.67 499.67 380.6527 381.78 381.78 339.4374 334.45 334.45 334.45 322.14 322.14 322.14 322.6846 312.09 312.09 312.09 295.2606 295.42 295.42 295.4298 295.24 295.24 295.24 289.2937 289.35 289.35 289.311 290.07 290.07 290.07 289.0099 289.02 289.02 292.0617 292.42 292.42 292.42 305.0799 304.96 304.96 303.0187 302.79
-9999 -9999 -9999 -9999 -9999 -9999 -9999 -9999 -9999 -9999 -9999 -9999 -9999 -9999 -9999 -9999 -9999 319.53 319.53 365.3238 364.89 364.89 364.89 415.2874 414.81 414.81 439.7521 447.6267 447.58 447.58 458.1703 458.07 458.07 495.2864 499.67 499.67 499.67 380.6527 381.78 381.78 339.4374 334.45 334.45 334.45 322.14 322.14 322.14 313.149 312.09 312.09 312.9933 295.42 295.42 295.42 295.4298 295.24 295.24 295.24 289.2937 289.35 289.35 289.311 290.07 290.07 290.07 289.0099 289.02 289.02 292.0617 292.42 292.42 292.42 305.0799 304.96 304.96 303.0187 302.79
-9999 -9999 -9999 -9999 -9999 -9999 -9999 -9999 -9999 -9999 -9999 -9999 -9999 -9999 -9999 -9999 -9999 319.53 319.53 365.3238 364.89 364.89 362.185 414.81 414.81 414.81 439.7521 442.69 442.69 442.69 468.0906 467.85 467.85 442.1564 439.13 439.13 439.13 386.2794 386.78 386.78 350.834 346.6 346.6 346.6 324 324 324 312.844 311.4997 312.09 312.9933 295.42 295.42 295.42 295.259 295.24 295.24 295.24 289.2937 289.35 289.35 289.311 290.07 290.07 290.07 289.0099 289.02 289.02 292.0617 292.42 292.42 292.42 305.0799 304.96 304.96 303.0187 302.79
-9999 -9999 -9999 -9999 -9999 -9999 -9999 -9999 -9999 -9999 -9999 -9999 -9999 -9999 -9999 -9999 -9999 319.53 319.53 365.3238 364.89 364.89 362.185 414.81 414.81 414.81 442.9566 442.69 442.69 442.69 468.0906 467.85 467.85 442.1564 439.13 439.13 439.13 386.2794 386.78 386.78 350.834 346.6 346.6 346.6 324 324 324 312.844 311.53 311.53 312.6674 290.54 290.54 290.54 287.3641 286.99 286.99 286.4156 297.59 297.59 297.59 297.5266 298.76 298.76 298.76 295.802 295.83 295.83 305.9661 307.16 307.16 307.16 304.939 304.96 304.96 303.0187 302.79
-9999 -9999 -9999 -9999 -9999 -9999 -9999 -9999 -9999 -9999 -9999 -9999 -9999 -9999 -9999 -9999 -9999 319.53 319.53 365.3238 364.89 364.89 362.185 414.81 414.81 414.81 442.9566 442.69 442.69 441.3266 467.85 467.85 467.85 442.1564 439.13 439.13 439.13 386.2794 386.78 386.78 350.834 346.6 346.6 346.6 324 324 324 312.844 311.53 311.53 312.6674 290.54 290.54 290.54 287.3641 286.99 286.99 286.4156 297.59 297.59 297.59 298.6367 298.76 298.76 298.76 295.802 295.83 295.83 305.9661 307.16 307.16 307.16 337.3661 337.08 337.08 333.5373 333.12
-9999 -9999 -9999 -9999 -9999 -9999 -9999 -9999 -9999 -9999 -9999 -9999 -9999 -9999 -9999 -9999 -9999 319.53 319.53 365.3238 364.89 364.89 362.185 414.81 414.81 414.81 442.9566 442.69 442.69 441.3266 467.85 467.85 467.85 438.8554 439.13 439.13 441.9667 386.78 386.78 386.78 350.834 346.6 346.6 346.6 324 324 324 312.844 311.53 311.53 312.6674 290.54 290.54 290.54 287.3641 286.99 286.99 286.4156 297.59 297.59 297.59 298.6367 298.76 298.76 298.9188 295.83 295.83 295.83 305.9661 307.16 307.16 307.16 337.3661 337.08 337.08 333.5373 333.12
-9999 -9999 -9999 -9999 -9999 -9999 -9999 -9999 -9999 -9999 -9999 -9999 -9999 -9999 -9999 -9999 -9999 237.32 237.32 245.3864 245.31 245.31 244.0832 267.95 267.95 267.95 300.781 300.47 300.47 291.4001 467.85 467.85 467.85 438.8554 439.13 439.13 441.9667 386.78 386.78 386.78 346.2158 346.6 346.6 346.6 324 324 324 312.844 311.53 311.53 312.6674 290.54 290.54 290.54 287.3641 286.99 286.99 286.4156 297.59 297.59 297.59 298.6367 298.76 298.76 298.9188 295.83 295.83 295.83 307.2683 307.16 307.16 307.16 337.3661 337.08 337.08 333.5373 333.12
-9999 -9999 -9999 -9999 -9999 -9999 -9999 -9999 -9999 -9999 -9999 -9999 -9999 -9999 -9999 -9999 -9999 237.32 237.32 245.3864 245.31 245.31 244.0832 267.95 267.95 267.95 300.781 300.47 300.47 296.2943 377.53 377.53 377.53 440.9305 440.33 440.33 439.3492 458.43 458.43 458.43 446.5374 446.65 446.65 451.4039 358.92 358.92 358.92 311.5406 305.96 305.96 306.7717 290.98 290.98 290.98 287.4283 287.01 287.01 286.919 288.69 297.6751 297.59 298.6367 298.76 298.76 298.9188 295.83 295.83 295.83 307.2683 307.16 307.16 305.5387 337.08 337.08 337.08 333.5373 333.12
-9999 -9999 -9999 -9999 -9999 -9999 -9999 -9999 -9999 -9999 -9999 -9999 -9999 -9999 -9999 -9999 -9999 237.32 237.32 245.31 245.31 245.31 244.0832 267.95 267.95 267.95 300.781 300.47 300.47 296.2943 377.53 377.53 377.53 440.9305 440.33 440.33 439.3492 458.43 458.43 458.43 446.5374 446.65 446.65 451.4039 358.92 358.92 358.92 305.4536 305.96 305.96 306.7717 290.98 290.98 290.98 287.4283 287.01 287.01 286.919 288.69 288.69 288.69 301.8857 303.44 303.44 302.256 325.29 325.29 325.29 357.2931 356.99 356.99 357.9464 339.34 339.34 339.34 315.2014 315.43
-9999 -9999 -9999 -9999 -9999 -9999 -9999 -9999 -9999 -9999 -9999 -9999 -9999 -9999 -9999 -9999 -9999 237.32 237.32 245.31 245.31 245.31 265.5643 267.95 267.95 267.95 300.781 300.47 300.47 296.2943 377.53 377.53 377.53 440.9305 440.33 440.33 439.3492 458.43 458.43 458.43 446.5374 446.65 446.65 451.4039 358.92 358.92 358.92 305.4536 305.96 305.96 292.5585 290.98 290.98 290.98 287.4283 287.01 287.01 286.919 288.69 288.69 288.69 301.8857 303.44 303.44 302.256 325.29 325.29 325.29 357.2931 356.99 356.99 357.9464 339.34 339.34 339.34 315.2014 315.43
-9999 -9999 -9999 -9999 -9999 -9999 -9999 -9999 -9999 -9999 -9999 -9999 -9999 -9999 -9999 -9999 -9999 242.19 237.2734 245.31 245.31 245.31 265.5643 267.95 267.95 266.1878 300.47 300.47 300.47 296.2943 377.53 377.53 377.53 440.9305 440.33 440.33 439.3492 458.43 458.43 458.43 446.5374 446.65 446.65 451.4039 358.92 358.92 358.92 305.4536 305.96 305.96 292.5585 290.98 290.98 290.98 286.972 287.01 287.01 286.919 288.69 288.69 288.69 301.8857 303.44 303.44 302.256 325.29 325.29 325.29 357.2931 356.99 356.99 357.9464 339.34 339.34 339.34 315.2014 315.43
-9999 -9999 -9999 -9999 -9999 -9999 -9999 -9999 -9999 -9999 -9999 -9999 -9999 -9999 -9999 -9999 -9999 242.19 242.19 228.77 228.77 228.77 221.613 220.77 220.77 220.7635 220.89 220.89 220.89 240.196 242.47 242.47 242.47 308.2632 307.64 307.64 302.5963 400.72 400.72 458.9818 446.5374 446.65 446.65 451.4039 358.92 358.92 358.92 305.4536 305.96 305.96 292.5585 290.98 290.98 290.98 286.972 287.01 287.01 288.513 288.69 288.69 288.69 301.8857 303.44 303.44 302.256 325.29 325.29 325.29 357.2931 356.99 356.99 357.9464 339.34 339.34 339.34 315.2014 315.43
-9999 -9999 -9999 -9999 -9999 -9999 -9999 -9999 -9999 -9999 -9999 -9999 -9999 -9999 -9999 -9999 -9999 242.19 242.19 228.77 228.77 228.77 221.613 220.77 220.77 220.7635 220.89 220.89 220.89 240.196 242.47 242.47 238.9386 307.64 307.64 307.64 302.5963 400.72 400.72 400.72 434.0255 433.71 433.71 435.6564 397.79 397.79 397.79 302.5883 303.49 303.49 276.195 272.98 272.98 272.98 282.6617 282.57 282.57 324.2238 329.13 329.13 329.13 342.9041 303.44 303.44 302.256 325.29 325.29 325.29 357.2931 356.99 356.99 357.9464 339.34 339.34 339.34 315.2014 315.43
-9999 -9999 -9999 -9999 -9999 -9999 -9999 -9999 -9999 -9999 -9999 -9999 -9999 -9999 -9999 -9999 -9999 242.19 242.19 228.77 228.77 228.77 221.613 220.77 220.77 220.7635 220.89 220.89 220.89 240.196 242.47 242.47 238.9386 307.64 307.64 307.64 390.9117 400.72 400.72 398.9323 433.71 433.71 433.71 435.6564 397.79 397.79 397.79 302.5883 303.49 303.49 276.195 272.98 272.98 272.98 282.6617 282.57 282.57 324.2238 329.13 329.13 329.13 340.8813 340.77 340.77 341.1368 341.18 341.18 341.18 337.7879 337.82 337.82 338.7645 320.39 320.39 320.39 303.8433 304
-9999 -9999 -9999 -9999 -9999 -9999 -9999 -9999 -9999 -9999 -9999 -9999 -9999 -9999 -9999 -9999 -9999 242.19 242.19 228.77 228.77 228.77 221.613 220.77 220.77 220.7635 220.89 220.89 220.89 240.196 242.47 242.47 238.9386 307.64 307.64 307.64 390.9117 400.72 400.72 398.9323 433.71 433.71 433.71 401.5751 397.79 397.79 397.79 302.5883 303.49 303.49 276.195 272.98 272.98 272.98 282.6617 282.57 282.57 324.2238 329.13 329.13 329.13 340.8813 340.77 340.77 341.1368 341.18 341.18 341.18 337.82 337.82 337.82 338.7645 320.39 320.39 320.39 303.8433 304
-9999 -9999 -9999 -9999 -9999 -9999 -9999 -9999 -9999 -9999 -9999 -9999 -9999 -9999 -9999 -9999 -9999 324.51 324.8509 318.22 318.22 318.22 268.2373 262.35 262.35 263.5465 240.27 222.9322 220.89 240.196 242.47 242.47 238.9386 307.64 307.64 307.64 390.9117 400.72 400.72 398.9323 433.71 433.71 433.71 401.5751 397.79 397.79 402.8999 303.49 303.49 303.49 276.195 272.98 272.98 272.98 282.6617 282.57 282.57 324.2238 329.13 329.13 329.13 340.8813 340.77 340.77 341.1368 341.18 341.18 341.18 337.82 337.82 337.82 322.2267 320.39 320.39 320.39 303.8433 304
-9999 -9999 -9999 -9999 -9999 -9999 -9999 -9999 -9999 -9999 -9999 -9999 -9999 -9999 -9999 -9999 -9999 324.51 324.8509 318.22 318.22 318.22 261.8157 262.35 262.35 263.5465 240.27 240.27 240.27 218.1728 215.57 215.57 214.9441 227.12 227.12 227.12 286.2458 293.21 293.21 291.9274 316.88 316.88 316.88 308.4795 307.49 307.49 308.3619 291.4 291.4 303.6056 272.6883 272.98 272.98 272.98 282.6617 282.57 282.57 324.2238 329.13 329.13 329.13 340.8813 340.77 340.77 341.1368 341.18 341.18 341.18 337.82 337.82 337.82 322.2267 320.39 320.39 320.39 304 304
-9999 -9999 -9999 -9999 -9999 -9999 -9999 -9999 -9999 -9999 -9999 -9999 -9999 -9999 -9999 -9999 -9999 324.51 324.8509 318.22 318.22 318.22 261.8157 262.35 262.35 242.5967 240.27 240.27 240.27 218.1728 215.57 215.57 214.9441 227.12 227.12 227.12 286.2458 293.21 293.21 291.9274 316.88 316.88 316.88 308.4795 307.49 307.49 308.3619 291.4 291.4 291.4 280.0323 280.14 280.14 280.14 324.3487 323.93 323.93 327.1059 327.48 327.48 327.48 313.8408 313.97 313.97 307.8239 307.1 307.1 307.1 299.85 299.85 299.85 291.3421 317.2235 320.39 320.39 304 304
-9999 -9999 -9999 -9999 -9999 -9999 -9999 -9999 -9999 -9999 -9999 -9999 -9999 -9999 -9999 -9999 -9999 324.51 324.8509 318.22 318.22 318.22 261.8157 262.35 262.35 242.5967 240.27 240.27 240.27 215.3338 215.57 215.57 214.9441 227.12 227.12 227.12 286.2458 293.21 293.21 291.9274 316.88 316.88 316.88 308.4795 307.49 307.49 308.3619 291.4 291.4 291.4 280.0323 280.14 280.14 277.7672 323.93 323.93 323.93 327.1059 327.48 327.48 327.48 313.8408 313.97 313.97 307.8239 307.1 307.1 307.1 299.85 299.85 299.85 291.3421 290.34 290.34 290.34 280.14 280.14
-9999 -9999 -9999 -9999 -9999 -9999 -9999 -9999 -9999 -9999 -9999 -9999 -9999 -9999 -9999 -9999 -9999 324.51 324.8509 318.22 318.22 318.22 261.8157 262.35 262.35 242.5967 240.27 240.27 240.27 215.3338 215.57 215.57 225.9029 227.12 227.12 227.12 286.2458 293.21 293.21 291.9274 316.88 316.88 316.88 308.4795 307.49 307.49 308.3619 291.4 291.4 291.4 280.0323 280.14 280.14 277.7672 323.93 323.93 323.93 327.5139 327.48 327.48 328.2121 313.97 313.97 313.97 307.8239 307.1 307.1 307.1 299.85 299.85 299.85 291.3421 290.34 290.34 290.34 280.14 280.14
-9999 -9999 -9999 -9999 -9999 -9999 -9999 -9999 -9999 -9999 -9999 -9999 -9999 -9999 -9999 -9999 -9999 368.28 367.258 387.14 387.14 387.14 355.9041 356.2 356.2 345.1514 343.85 343.85 343.85 260.7024 261.49 261.49 224.5778 220.23 220.23 220.23 230.265 293.8128 293.21 291.9274 316.88 316.88 316.88 308.4795 307.49 307.49 308.3619 291.4 291.4 291.4 280.0323 280.14 280.14 277.7672 323.93 323.93 323.93 327.5139 327.48 327.48 328.2121 313.97 313.97 313.97 307.8239 307.1 307.1 307.1 299.85 299.85 299.85 291.3421 290.34 290.34 290.34 280.14 280.14
-9999 -9999 -9999 -9999 -9999 -9999 -9999 -9999 -9999 -9999 -9999 -9999 -9999 -9999 -9999 -9999 -9999 368.28 367.258 387.14 387.14 387.14 355.9041 356.2 356.2 345.1514 343.85 343.85 343.85 260.7024 261.49 261.49 224.5778 220.23 220.23 220.23 230.265 230.17 230.17 242.4174 243.86 243.86 243.86 243.699 243.68 243.68 242.4093 267.13 267.13 267.13 317.0731 316.6 316.6 314.245 360.06 360.06 360.06 339.576 339.77 327.3625 328.2121 313.97 313.97 313.97 307.0343 307.1 307.1 307.1 299.85 299.85 299.85 291.3421 290.34 290.34 290.34 280.14 280.14
-9999 -9999 -9999 -9999 -9999 -9999 -9999 -9999 -9999 -9999 -9999 -9999 -9999 -9999 -9999 -9999 -9999 368.28 385.1526 387.14 387.14 387.14 355.9041 356.2 356.2 345.1514 343.85 343.85 343.85 260.7024 261.49 261.49 224.5778 220.23 220.23 220.23 230.265 230.17 230.17 242.4174 243.86 243.86 243.86 243.6783 243.68 243.68 242.4093 267.13 267.13 267.13 317.0731 316.6 316.6 314.245 360.06 360.06 360.06 339.576 339.77 339.77 341.6942 304.26 304.26 304.26 287.7436 287.9 287.9 288.4289 278.14 278.14 278.14 275.474 275.16 275.16 275.16 270.94 270.94
-9999 -9999 -9999 -9999 -9999 -9999 -9999 -9999 -9999 -9999 -9999 -9999 -9999 -9999 -9999 -9999 -9999 368.28 385.1526 387.14 387.14 388.8166 356.2 356.2 356.2 345.1514 343.85 343.85 343.85 260.7024 261.49 261.49 224.5778 220.23 220.23 220.23 230.265 230.17 230.17 242.4174 243.86 243.86 243.86 243.6783 243.68 243.68 264.659 267.13 267.13 267.13 317.0731 316.6 316.6 314.245 360.06 360.06 360.06 339.576 339.77 339.77 341.6942 304.26 304.26 304.26 287.7436 287.9 287.9 288.4289 278.14 278.14 278.14 275.1315 275.16 275.16 275.16 270.94 270.94
-9999 -9999 -9999 -9999 -9999 -9999 -9999 -9999 -9999 -9999 -9999 -9999 -9999 -9999 -9999 -9999 -9999 399.32 388.4235 387.14 387.14 388.8166 356.2 356.2 356.2 343.7319 343.85 343.85 343.85 260.7024 261.49 261.49 224.5778 220.23 220.23 220.23 230.265 230.17 230.17 242.4174 243.86 243.86 243.86 243.6783 243.68 243.68 264.659 267.13 267.13 267.13 316.6 316.6 316.6 314.245 360.06 360.06 360.06 339.576 339.77 339.77 341.6942 304.26 304.26 304.26 287.7436 287.9 287.9 288.4289 278.14 278.14 278.14 275.1315 275.16 275.16 275.3887 270.94 270.94
-9999 -9999 -9999 -9999 -9999 -9999 -9999 -9999 -9999 -9999 -9999 -9999 -9999 -9999 -9999 -9999 -9999 399.32 386.9742 385.52 385.52 387.9118 341.38 341.38 341.38 375.9272 375.6 375.6 378.1387 328.75 328.75 328.75 255.9186 247.34 247.34 247.34 226.0685 226.27 226.27 223.4609 223.13 223.13 223.13 236.2341 236.11 236.11 256.9824 267.13 267.13 267.13 316.6 316.6 316.6 355.4804 360.06 360.06 360.06 339.576 339.77 339.77 341.6942 304.26 304.26 304.26 287.7436 287.9 287.9 288.4289 278.14 278.14 278.14 275.1315 275.16 275.16 275.3887 270.94 270.94
-9999 -9999 -9999 -9999 -9999 -9999 -9999 -9999 -9999 -9999 -9999 -9999 -9999 -9999 -9999 -9999 -9999 399.32 386.9742 385.52 385.52 387.9118 341.38 341.38 341.38 375.9272 375.6 375.6 378.1387 328.75 328.75 328.75 246.5615 247.34 247.34 247.34 226.0685 226.27 226.27 223.4609 223.13 223.13 223.13 236.2341 236.11 236.11 257.3752 259.88 259.88 259.88 290.25 290.25 290.25 315.7289 318.73 318.73 316.6644 356.85 356.85 356.85 357.5642 343.67 343.67 343.67 295.1404 295.6 295.6 296.6144 276.88 276.8117 278.14 275.1315 275.16 275.16 275.3887 270.94 270.94
-9999 -9999 -9999 -9999 -9999 -9999 -9999 -9999 -9999 -9999 -9999 -9999 -9999 -9999 -9999 -9999 -9999 399.32 386.9742 385.52 385.52 387.9118 341.38 341.38 341.38 375.9272 375.6 375.6 378.1387 328.75 328.75 328.75 246.5615 247.34 247.34 248.4817 226.27 226.27 226.27 223.4609 223.13 223.13 223.13 236.2341 236.11 236.11 257.3752 259.88 259.88 259.88 290.25 290.25 290.25 315.7289 318.73 318.73 316.6644 356.85 356.85 356.85 345.0589 343.67 343.67 343.67 295.1404 295.6 295.6 296.6144 276.88 276.88 276.88 267.905 267.99 267.99 268.2127 263.88 263.88
