Model and model input files/precip_2003.asc
ncols         625
nrows         453
xllcorner     138621.56993419
yllcorner     4094031.9406744
cellsize      1000
NODATA_value  -9999
[rows 102 to 135 of 453, columns 0 to 76 of 625]
-9999 -9999 -9999 -9999 -9999 -9999 -9999 -9999 -9999 -9999 -9999 -9999 -9999 -9999 -9999 -9999 -9999 147.7 147.2259 156.45 156.45 156.45 171.7953 171.65 171.65 165.3787 164.64 164.64 164.64 163.8796 163.79 163.79 163.622 166.89 166.89 166.89 168.885 169.12 169.12 168.8182 174.69 174.69 174.69 173.6572 193.75 193.75 193.75 209.6304 209.48 209.48 218.8914 220 220 220 295.8383 295.12 295.12 289.8161 393 393 393 349.8075 344.72 344.72 346.9037 304.42 304.42 304.42 283.5523 283.75 283.75 283.75 273.4626 273.56 273.56 283.5977 284.78
-9999 -9999 -9999 -9999 -9999 -9999 -9999 -9999 -9999 -9999 -9999 -9999 -9999 -9999 -9999 -9999 -9999 147.7 147.2259 156.45 156.45 156.45 171.7953 171.65 171.65 165.3787 164.64 164.64 164.64 163.8796 163.79 163.79 163.622 166.89 166.89 166.89 168.885 169.12 169.12 168.8182 174.69 174.69 174.69 173.6572 193.75 193.75 193.75 209.6304 209.48 209.48 218.8914 220 220 220 295.8383 295.12 295.12 289.8161 393 393 393 349.8075 344.72 344.72 346.9037 304.42 304.42 304.42 283.5523 283.75 283.75 283.75 273.4626 273.56 273.56 283.5977 284.78
-9999 -9999 -9999 -9999 -9999 -9999 -9999 -9999 -9999 -9999 -9999 -9999 -9999 -9999 -9999 -9999 -9999 147.7 147.2259 156.45 156.45 156.45 171.7953 171.65 171.65 165.3787 164.64 164.64 164.64 163.7819 163.79 163.79 163.622 166.89 166.89 166.89 168.885 169.12 169.12 168.8182 174.69 174.69 174.69 191.7415 193.75 193.75 193.75 209.6304 209.48 209.48 218.8914 220 220 220 295.8383 295.12 295.12 382.6859 393 393 393 349.8075 344.72 344.72 346.9037 304.42 304.42 304.42 283.5523 283.75 283.75 284.3022 273.56 273.56 273.56 283.5977 284.78
-9999 -9999 -9999 -9999 -9999 -9999 -9999 -9999 -9999 -9999 -9999 -9999 -9999 -9999 -9999 -9999 -9999 146.04 146.1563 146.17 146.17 146.17 153.1259 153.06 153.06 158.7856 159.46 159.46 159.46 164.1343 164.09 164.09 170.4061 171.15 171.15 171.15 176.312 176.92 176.92 176.5932 182.95 182.95 182.95 191.6626 193.75 193.75 193.75 209.6304 209.48 209.48 218.8914 220 220 220 295.8383 295.12 295.12 382.6859 393 393 393 349.8075 344.72 344.72 346.9037 304.42 304.42 304.42 283.5523 283.75 283.75 284.3022 273.56 273.56 273.56 283.5977 284.78
-9999 -9999 -9999 -9999 -9999 -9999 -9999 -9999 -9999 -9999 -9999 -9999 -9999 -9999 -9999 -9999 -9999 146.04 146.1563 146.17 146.17 146.17 153.1259 153.06 153.06 158.7856 159.46 159.46 159.46 164.1343 164.09 164.09 170.4061 171.15 171.15 171.15 176.312 176.92 176.92 176.5932 182.95 182.95 182.95 194.4101 195.76 195.76 193.9393 229.36 229.36 229.36 258.7753 262.24 262.24 262.24 367.8503 366.85 366.85 430.7978 438.33 438.33 438.33 373.1829 373.8 373.8 376.984 315.04 305.5391 304.42 283.5523 283.75 283.75 284.3022 273.56 273.56 273.56 284.8873 284.78
-9999 -9999 -9999 -9999 -9999 -9999 -9999 -9999 -9999 -9999 -9999 -9999 -9999 -9999 -9999 -9999 -9999 146.04 146.1563 146.17 146.17 145.7966 153.06 153.06 153.06 158.7856 159.46 159.46 159.46 164.1343 164.09 164.09 170.4061 171.15 171.15 171.15 176.9752 176.92 176.92 176.5932 182.95 182.95 182.95 194.4101 195.76 195.76 193.9393 229.36 229.36 229.36 258.7753 262.24 262.24 262.24 367.8503 366.85 366.85 430.7978 438.33 438.33 438.33 373.1829 373.8 373.8 376.984 315.04 315.04 315.04 296.7064 296.88 296.88 297.5785 283.99 283.99 283.99 276.9231 276.99
-9999 -9999 -9999 -9999 -9999 -9999 -9999 -9999 -9999 -9999 -9999 -9999 -9999 -9999 -9999 -9999 -9999 146.04 146.1563 146.17 146.17 145.7966 153.06 153.06 153.06 158.7856 159.46 159.46 159.46 164.1343 164.09 164.09 170.4061 171.15 171.15 171.15 176.9752 176.92 176.92 176.5932 182.95 182.95 182.95 194.4101 195.76 195.76 193.9393 229.36 229.36 229.36 262.5544 262.24 262.24 262.24 367.8503 366.85 366.85 430.7978 438.33 438.33 438.33 373.1829 373.8 373.8 321.2318 315.04 315.04 315.04 296.7064 296.88 296.88 297.5785 283.99 283.99 283.99 276.9231 276.99
-9999 -9999 -9999 -9999 -9999 -9999 -9999 -9999 -9999 -9999 -9999 -9999 -9999 -9999 -9999 -9999 -9999 156.75 155.2291 155.05 155.05 154.7168 161.2 153.9178 153.06 159.5212 159.46 159.46 159.46 164.1343 164.09 164.09 170.4061 171.15 171.15 171.15 176.9752 176.92 176.92 182.3146 182.95 182.95 182.95 194.4101 195.76 195.76 193.9393 229.36 229.36 229.36 262.5544 262.24 262.24 262.24 367.8503 366.85 366.85 430.7978 438.33 438.33 438.33 373.1829 373.8 373.8 321.2318 315.04 315.04 315.04 296.7064 296.88 296.88 297.5785 283.99 283.99 283.99 276.9231 276.99
-9999 -9999 -9999 -9999 -9999 -9999 -9999 -9999 -9999 -9999 -9999 -9999 -9999 -9999 -9999 -9999 -9999 156.75 155.2291 155.05 155.05 154.7168 161.2 161.2 161.2 161.4019 161.4 161.4 161.4 169.0929 169.02 169.02 177.7158 178.74 178.74 178.74 181.799 181.77 181.77 189.8395 190.79 190.79 190.79 235.8344 241.14 200.5419 193.9393 229.36 229.36 229.36 262.5544 262.24 262.24 256.5714 366.85 366.85 366.85 430.7978 438.33 438.33 438.33 373.1829 373.8 373.8 321.2318 315.04 315.04 315.04 296.88 296.88 296.88 297.5785 283.99 283.99 283.99 276.9231 276.99
-9999 -9999 -9999 -9999 -9999 -9999 -9999 -9999 -9999 -9999 -9999 -9999 -9999 -9999 -9999 -9999 -9999 156.75 155.2291 155.05 155.05 154.7168 161.2 161.2 161.2 161.4019 161.4 161.4 160.9871 169.02 169.02 169.02 177.7158 178.74 178.74 178.74 181.799 181.77 181.77 189.8395 190.79 190.79 190.79 241.6215 241.14 241.14 236.5086 326.61 326.61 326.61 359.6833 359.37 359.37 357.3038 397.5 397.5 397.5 383.9911 382.4 382.4 382.4 341.8358 342.22 342.22 319.747 317.1 317.1 317.1 302.39 296.8273 296.88 297.5785 283.99 283.99 283.99 276.9231 276.99
-9999 -9999 -9999 -9999 -9999 -9999 -9999 -9999 -9999 -9999 -9999 -9999 -9999 -9999 -9999 -9999 -9999 156.75 155.0338 155.05 155.05 154.7168 161.2 161.2 161.2 161.4019 161.4 161.4 160.9871 169.02 169.02 169.02 177.7158 178.74 178.74 178.74 181.799 181.77 181.77 189.8395 190.79 190.79 190.79 241.6215 241.14 241.14 236.5086 326.61 326.61 326.61 359.6833 359.37 359.37 357.3038 397.5 397.5 397.5 382.2556 382.4 382.4 382.4 341.8358 342.22 342.22 319.747 317.1 317.1 317.1 302.39 302.39 302.39 288.577 286.95 286.95 286.95 282.2959 282.34
-9999 -9999 -9999 -9999 -9999 -9999 -9999 -9999 -9999 -9999 -9999 -9999 -9999 -9999 -9999 -9999 -9999 156.75 155.0338 155.05 155.05 154.7168 161.2 161.2 161.2 161.4019 161.4 161.4 160.9871 169.02 169.02 169.02 178.8329 178.74 178.74 178.74 181.799 181.77 181.77 189.8395 190.79 190.79 190.79 241.6215 241.14 241.14 317.6036 326.61 326.61 326.61 359.6833 359.37 359.37 357.3038 397.5 397.5 397.5 382.2556 382.4 382.4 382.4 341.8358 342.22 342.22 319.747 317.1 317.1 317.1 302.39 302.39 302.39 288.577 286.95 286.95 286.95 282.2959 282.34
-9999 -9999 -9999 -9999 -9999 -9999 -9999 -9999 -9999 -9999 -9999 -9999 -9999 -9999 -9999 -9999 -9999 187.82 168.285 168.47 168.47 162.5744 161.88 161.88 161.88 165.7567 165.72 165.72 165.2307 174.75 174.75 174.75 178.2431 178.7451 178.74 178.74 181.799 181.77 181.77 189.8395 190.79 190.79 190.79 241.6215 241.14 241.14 317.6036 326.61 326.61 326.61 359.6833 359.37 359.37 357.3038 397.5 397.5 397.5 382.2556 382.4 382.4 384.5772 342.22 342.22 342.22 319.747 317.1 317.1 317.1 302.39 302.39 302.39 288.577 286.95 286.95 286.95 282.2959 282.34
-9999 -9999 -9999 -9999 -9999 -9999 -9999 -9999 -9999 -9999 -9999 -9999 -9999 -9999 -9999 -9999 -9999 187.82 168.285 168.47 168.47 162.5744 161.88 161.88 161.88 165.7567 165.72 165.72 165.2307 174.75 174.75 174.75 178.2431 178.21 178.21 178.0713 180.77 180.77 180.77 190.0383 191.13 191.13 191.13 240.6389 240.17 240.17 324.0858 333.97 333.97 333.97 441.62 441.62 441.62 441.704 440.07 440.07 397.5 382.2556 382.4 382.4 384.5772 342.22 342.22 342.22 319.747 317.1 317.1 317.1 302.39 302.39 302.39 288.577 286.95 286.95 286.95 282.34 282.34
-9999 -9999 -9999 -9999 -9999 -9999 -9999 -9999 -9999 -9999 -9999 -9999 -9999 -9999 -9999 -9999 -9999 187.82 168.285 168.47 168.47 162.5744 161.88 161.88 161.88 165.72 165.72 165.72 165.2307 174.75 174.75 174.75 178.2431 178.21 178.21 178.0713 180.77 180.77 180.77 190.0383 191.13 191.13 191.13 240.6389 240.17 240.17 324.0858 333.97 333.97 333.97 441.62 441.62 441.62 441.704 440.07 440.07 440.07 373.0754 373.71 373.71 375.9696 332.01 332.01 332.01 303.9744 304.24 304.24 304.24 289.75 289.75 289.75 284.8296 284.25 284.25 284.25 290.87 290.87
-9999 -9999 -9999 -9999 -9999 -9999 -9999 -9999 -9999 -9999 -9999 -9999 -9999 -9999 -9999 -9999 -9999 187.82 168.285 168.47 168.47 162.5744 161.88 161.88 161.88 165.72 165.72 165.72 165.2307 174.75 174.75 174.75 178.2431 178.21 178.21 178.0713 180.77 180.77 180.77 191.2291 191.13 191.13 191.13 240.6389 240.17 240.17 324.0858 333.97 333.97 333.97 441.62 441.62 441.62 441.704 440.07 440.07 440.07 373.0754 373.71 373.71 375.9696 332.01 332.01 332.01 303.9744 304.24 304.24 304.24 289.75 289.75 289.75 284.8296 284.25 284.25 284.25 290.87 290.87
-9999 -9999 -9999 -9999 -9999 -9999 -9999 -9999 -9999 -9999 -9999 -9999 -9999 -9999 -9999 -9999 -9999 179.81 195.5995 195.45 195.45 162.3164 161.88 161.88 161.88 165.72 165.72 165.72 173.7985 174.75 174.75 174.75 178.2431 178.21 178.21 178.0713 180.77 180.77 180.77 191.2291 191.13 191.13 191.13 240.6389 240.17 240.17 324.0858 333.97 333.97 333.97 441.62 441.62 441.62 440.2333 440.07 440.07 440.07 373.0754 373.71 373.71 375.9696 332.01 332.01 332.01 303.9744 304.24 304.24 305.0252 289.75 289.75 289.75 284.8296 284.25 284.25 284.25 290.87 290.87
-9999 -9999 -9999 -9999 -9999 -9999 -9999 -9999 -9999 -9999 -9999 -9999 -9999 -9999 -9999 -9999 -9999 178.9625 195.45 195.45 195.45 175.5893 173.25 173.25 173.25 171.09 171.09 171.09 177.5582 178.32 178.32 178.32 182.752 182.71 182.71 182.251 191.18 191.18 191.18 192.3915 192.38 192.38 190.1383 239.4935 240.17 240.17 324.0858 333.97 333.97 333.97 441.62 441.62 441.62 440.2333 440.07 440.07 440.07 373.0754 373.71 373.71 375.9696 332.01 332.01 332.01 303.9744 304.24 304.24 305.0252 289.75 289.75 289.75 284.8296 284.25 284.25 284.25 290.87 290.87
-9999 -9999 -9999 -9999 -9999 -9999 -9999 -9999 -9999 -9999 -9999 -9999 -9999 -9999 -9999 -9999 -9999 178.9625 195.45 195.45 195.45 175.5893 173.25 173.25 173.25 171.09 171.09 171.09 177.5582 178.32 178.32 178.0821 182.71 182.71 182.71 182.251 191.18 191.18 191.18 192.3915 192.38 192.38 190.1383 233.75 233.75 233.75 289.3778 295.93 295.93 295.93 446.39 446.39 446.39 438.6068 437.69 437.69 441.2019 372.88 372.88 372.88 375.0573 332.7 332.7 332.7 313.5587 313.74 314.2548 305.0252 289.75 289.75 289.75 284.8296 284.25 284.25 284.25 290.87 290.87
-9999 -9999 -9999 -9999 -9999 -9999 -9999 -9999 -9999 -9999 -9999 -9999 -9999 -9999 -9999 -9999 -9999 178.9625 195.45 195.45 195.45 173.0377 173.25 173.25 173.25 171.09 171.09 171.09 177.5582 178.32 178.32 178.0821 182.71 182.71 182.71 182.251 191.18 191.18 191.18 192.3915 192.38 192.38 190.1383 233.75 233.75 233.75 296.5246 295.93 295.93 295.93 446.39 446.39 446.39 438.6068 437.69 437.69 441.2019 372.88 372.88 372.88 375.0573 332.7 332.7 332.7 313.5587 313.74 313.74 314.7354 295.37 295.37 295.37 298.4189 298.39 298.39 298.39 291.04 291.04
-9999 -9999 -9999 -9999 -9999 -9999 -9999 -9999 -9999 -9999 -9999 -9999 -9999 -9999 -9999 -9999 -9999 178.9625 195.45 195.45 195.45 173.0377 173.25 173.25 173.25 171.09 171.09 171.09 177.5582 178.32 178.32 178.0821 182.71 182.71 182.71 190.2875 191.18 191.18 191.18 192.3915 192.38 192.38 190.1383 233.75 233.75 233.75 296.5246 295.93 295.93 295.93 446.39 446.39 446.39 438.6068 437.69 437.69 441.2019 372.88 372.88 372.88 336.934 332.7 332.7 332.7 313.5587 313.74 313.74 314.7354 295.37 295.37 295.37 298.4189 298.39 298.39 298.39 291.04 291.04
-9999 -9999 -9999 -9999 -9999 -9999 -9999 -9999 -9999 -9999 -9999 -9999 -9999 -9999 -9999 -9999 -9999 203.5251 231.83 231.83 231.83 193.5575 193.92 195.0401 173.3671 171.09 171.09 171.09 177.5582 178.32 178.32 178.0821 182.71 182.71 182.71 190.2875 191.18 191.18 191.18 192.3915 192.38 192.38 190.1383 233.75 233.75 233.75 296.5246 295.93 295.93 287.7769 446.39 446.39 446.39 438.6068 437.69 437.69 441.2019 372.88 372.88 372.88 336.934 332.7 332.7 332.7 313.5587 313.74 313.74 314.7354 295.37 295.37 295.37 298.4189 298.39 298.39 298.7883 291.04 291.04
-9999 -9999 -9999 -9999 -9999 -9999 -9999 -9999 -9999 -9999 -9999 -9999 -9999 -9999 -9999 -9999 -9999 203.5251 231.83 231.83 231.83 193.5575 193.92 193.92 194.0332 191.83 191.83 191.83 208.8279 210.83 210.83 209.6661 232.31 232.31 232.31 226.4592 225.77 225.77 227.1361 200.56 200.56 200.56 198.9078 231.05 231.05 231.05 289.4229 288.87 288.87 281.9654 416.29 416.29 416.29 435.435 437.69 437.69 441.2019 372.88 372.88 372.88 336.934 332.7 332.7 333.7274 313.74 313.74 313.74 314.7354 295.37 295.37 295.37 298.4189 298.39 298.39 298.7883 291.04 291.04
-9999 -9999 -9999 -9999 -9999 -9999 -9999 -9999 -9999 -9999 -9999 -9999 -9999 -9999 -9999 -9999 -9999 203.5251 231.83 231.83 231.83 193.5575 193.92 193.92 194.0332 191.83 191.83 191.83 211.0117 210.83 210.83 209.6661 232.31 232.31 232.31 226.4592 225.77 225.77 227.1361 200.56 200.56 200.56 198.9078 231.05 231.05 231.05 289.4229 288.87 288.87 281.9654 416.29 416.29 416.29 448.0004 447.7 447.7 451.6308 375.16 375.16 375.16 344.7249 341.14 341.14 342.0682 324.01 324.01 324.01 324.631 312.55 312.55 312.55 298.5979 298.73 298.73 299.1662 290.68 290.68
-9999 -9999 -9999 -9999 -9999 -9999 -9999 -9999 -9999 -9999 -9999 -9999 -9999 -9999 -9999 -9999 -9999 228.6338 231.83 231.83 231.83 193.92 193.92 193.92 193.92 191.83 191.83 191.83 210.83 210.83 210.83 210.83 232.31 232.31 232.31 226.5485 225.77 225.77 225.77 200.56 200.56 200.56 227.4205 231.05 231.05 231.05 288.87 288.87 288.87 288.87 416.29 416.29 416.29 447.7 447.7 447.7 447.7 375.16 375.16 375.16 345.1897 341.14 341.14 341.14 324.01 324.01 324.01 323.9114 312.55 312.55 312.55 298.73 298.73 298.73 298.73 290.68 290.68
-9999 -9999 -9999 -9999 -9999 -9999 -9999 -9999 -9999 -9999 -9999 -9999 -9999 -9999 -9999 -9999 -9999 -9999 -9999 -9999 -9999 -9999 -9999 -9999 -9999 -9999 -9999 -9999 -9999 -9999 -9999 -9999 -9999 -9999 -9999 -9999 -9999 -9999 -9999 -9999 -9999 -9999 -9999 -9999 -9999 -9999 -9999 -9999 -9999 -9999 -9999 -9999 -9999 -9999 -9999 -9999 -9999 -9999 -9999 -9999 -9999 -9999 -9999 -9999 -9999 -9999 -9999 -9999 -9999 -9999 -9999 -9999 -9999 -9999 -9999 -9999 -9999
-9999 -9999 -9999 -9999 -9999 -9999 -9999 -9999 -9999 -9999 -9999 -9999 -9999 -9999 -9999 -9999 -9999 -9999 -9999 -9999 -9999 -9999 -9999 -9999 -9999 -9999 -9999 -9999 -9999 -9999 -9999 -9999 -9999 -9999 -9999 -9999 -9999 -9999 -9999 -9999 -9999 -9999 -9999 -9999 -9999 -9999 -9999 -9999 -9999 -9999 -9999 -9999 -9999 -9999 -9999 -9999 -9999 -9999 -9999 -9999 -9999 -9999 -9999 -9999 -9999 -9999 -9999 -9999 -9999 -9999 -9999 -9999 -9999 -9999 -9999 -9999 -9999
-9999 -9999 -9999 -9999 -9999 -9999 -9999 -9999 -9999 -9999 -9999 -9999 -9999 -9999 -9999 -9999 -9999 -9999 -9999 -9999 -9999 -9999 -9999 -9999 -9999 -9999 -9999 -9999 -9999 -9999 -9999 -9999 -9999 -9999 -9999 -9999 -9999 -9999 -9999 -9999 -9999 -9999 -9999 -9999 -9999 -9999 -9999 -9999 -9999 -9999 -9999 -9999 -9999 -9999 -9999 -9999 -9999 -9999 -9999 -9999 -9999 -9999 -9999 -9999 -9999 -9999 -9999 -9999 -9999 -9999 -9999 -9999 -9999 -9999 -9999 -9999 -9999
-9999 -9999 -9999 -9999 -9999 -9999 -9999 -9999 -9999 -9999 -9999 -9999 -9999 -9999 -9999 -9999 -9999 -9999 -9999 -9999 -9999 -9999 -9999 -9999 -9999 -9999 -9999 -9999 -9999 -9999 -9999 -9999 -9999 -9999 -9999 -9999 -9999 -9999 -9999 -9999 -9999 -9999 -9999 -9999 -9999 -9999 -9999 -9999 -9999 -9999 -9999 -9999 -9999 -9999 -9999 -9999 -9999 -9999 -9999 -9999 -9999 -9999 -9999 -9999 -9999 -9999 -9999 -9999 -9999 -9999 -9999 -9999 -9999 -9999 -9999 -9999 -9999
-9999 -9999 -9999 -9999 -9999 -9999 -9999 -9999 -9999 -9999 -9999 -9999 -9999 -9999 -9999 -9999 -9999 -9999 -9999 -9999 -9999 -9999 -9999 -9999 -9999 -9999 -9999 -9999 -9999 -9999 -9999 -9999 -9999 -9999 -9999 -9999 -9999 -9999 -9999 -9999 -9999 -9999 -9999 -9999 -9999 -9999 -9999 -9999 -9999 -9999 -9999 -9999 -9999 -9999 -9999 -9999 -9999 -9999 -9999 -9999 -9999 -9999 -9999 -9999 -9999 -9999 -9999 -9999 -9999 -9999 -9999 -9999 -9999 -9999 -9999 -9999 -9999
-9999 -9999 -9999 -9999 -9999 -9999 -9999 -9999 -9999 -9999 -9999 -9999 -9999 -9999 -9999 -9999 -9999 -9999 -9999 -9999 -9999 -9999 -9999 -9999 -9999 -9999 -9999 -9999 -9999 -9999 -9999 -9999 -9999 -9999 -9999 -9999 -9999 -9999 -9999 -9999 -9999 -9999 -9999 -9999 -9999 -9999 -9999 -9999 -9999 -9999 -9999 -9999 -9999 -9999 -9999 -9999 -9999 -9999 -9999 -9999 -9999 -9999 -9999 -9999 -9999 -9999 -9999 -9999 -9999 -9999 -9999 -9999 -9999 -9999 -9999 -9999 -9999
-9999 -9999 -9999 -9999 -9999 -9999 -9999 -9999 -9999 -9999 -9999 -9999 -9999 -9999 -9999 -9999 -9999 -9999 -9999 -9999 -9999 -9999 -9999 -9999 -9999 -9999 -9999 -9999 -9999 -9999 -9999 -9999 -9999 -9999 -9999 -9999 -9999 -9999 -9999 -9999 -9999 -9999 -9999 -9999 -9999 -9999 -9999 -9999 -9999 -9999 -9999 -9999 -9999 -9999 -9999 -9999 -9999 -9999 -9999 -9999 -9999 -9999 -9999 -9999 -9999 -9999 -9999 -9999 -9999 -9999 -9999 -9999 -9999 -9999 -9999 -9999 -9999
-9999 -9999 -9999 -9999 -9999 -9999 -9999 -9999 -9999 -9999 -9999 -9999 -9999 -9999 -9999 -9999 -9999 -9999 -9999 -9999 -9999 -9999 -9999 -9999 -9999 -9999 -9999 -9999 -9999 -9999 -9999 -9999 -9999 -9999 -9999 -9999 -9999 -9999 -9999 -9999 -9999 -9999 -9999 -9999 -9999 -9999 -9999 -9999 -9999 -9999 -9999 -9999 -9999 -9999 -9999 -9999 -9999 -9999 -9999 -9999 -9999 -9999 -9999 -9999 -9999 -9999 -9999 -9999 -9999 -9999 -9999 -9999 -9999 -9999 -9999 -9999 -9999
-9999 -9999 -9999 -9999 -9999 -9999 -9999 -9999 -9999 -9999 -9999 -9999 -9999 -9999 -9999 -9999 -9999 -9999 -9999 -9999 -9999 -9999 -9999 -9999 -9999 -9999 -9999 -9999 -9999 -9999 -9999 -9999 -9999 -9999 -9999 -9999 -9999 -9999 -9999 -9999 -9999 -9999 -9999 -9999 -9999 -9999 -9999 -9999 -9999 -9999 -9999 -9999 -9999 -9999 -9999 -9999 -9999 -9999 -9999 -9999 -9999 -9999 -9999 -9999 -9999 -9999 -9999 -9999 -9999 -9999 -9999 -9999 -9999 -9999 -9999 -9999 -9999
