Model and model input files/precip_2004.asc
ncols         625
nrows         453
xllcorner     138621.56993419
yllcorner     4094031.9406744
cellsize      1000
NODATA_value  -9999
[rows 34 to 67 of 453, columns 77 to 153 of 625]
263.88 274.5612 274.46 274.46 284.1219 285.26 285.26 285.26 284.1293 284.14 284.14 285.6014 257.17 257.17 257.17 261.1958 261.67 261.67 260.5435 282.46 282.46 282.46 309.9706 309.71 309.71 308.2746 336.2 336.2 336.2 349.7685 349.64 349.64 349.0515 360.5 360.5 360.5 364.4811 364.95 364.95 364.95 377.6907 377.57 377.57 374.8593 374.54 374.54 393.8327 391.71 391.71 391.71 383.4347 382.46 382.46 382.6031 379.82 379.82 379.82 387.5943 388.51 388.51 388.51 387.7023 387.71 387.71 389.4559 355.49 355.49 355.49 365.7674 365.67 365.67 492.4026 507.33 507.33 507.33 635.0093 633.8
263.88 274.5612 274.46 274.46 284.1219 285.26 285.26 285.26 284.1293 284.14 284.14 260.012 257.17 257.17 257.17 261.1958 261.67 261.67 260.5435 282.46 282.46 282.46 309.9706 309.71 309.71 308.2746 336.2 336.2 336.2 349.7685 349.64 349.64 349.0515 360.5 360.5 360.5 364.9926 364.95 364.95 364.95 377.6907 377.57 377.57 374.8593 374.54 374.54 374.54 368.86 368.86 368.86 381.8052 383.33 383.33 382.347 401.47 401.47 401.47 404.4312 404.78 404.78 405.7402 387.06 387.06 387.06 387.9053 371.46 371.46 371.46 361.9297 362.02 362.02 399.8984 404.36 404.36 404.36 485.0442 484.28
263.88 274.5612 274.46 274.46 284.1219 285.26 285.26 285.26 284.1293 284.14 284.14 260.012 257.17 257.17 257.17 261.713 261.67 261.67 260.5435 282.46 282.46 282.46 309.9706 309.71 309.71 308.2746 336.2 336.2 336.2 349.7685 349.64 349.64 349.0515 360.5 360.5 360.5 364.9926 364.95 364.95 364.2662 377.57 377.57 377.57 374.8593 374.54 374.54 374.54 368.86 368.86 368.86 381.8052 383.33 383.33 382.347 401.47 401.47 401.47 404.4312 404.78 404.78 405.7402 387.06 387.06 387.06 373.1039 371.46 371.46 371.46 361.9297 362.02 362.02 399.8984 404.36 404.36 404.36 485.0442 484.28
263.88 274.5612 274.46 274.46 284.1219 285.26 285.26 285.26 284.1293 284.14 284.14 260.012 257.17 257.17 257.17 261.713 261.67 261.67 260.5435 282.46 282.46 282.46 309.9706 309.71 309.71 308.2746 336.2 336.2 336.2 349.7685 349.64 349.64 349.0515 360.5 360.5 360.5 364.9926 364.95 364.95 364.2662 377.57 377.57 377.57 374.8593 374.54 374.54 374.54 368.86 368.86 368.86 381.8052 383.33 383.33 382.347 401.47 401.47 401.47 404.4312 404.78 404.78 405.7402 387.06 387.06 387.06 373.1039 371.46 371.46 371.46 361.9297 362.02 362.02 399.8984 404.36 404.36 404.36 485.0442 484.28
261.63 270.7867 270.7 270.7 268.705 268.47 268.47 268.47 265.6634 265.69 265.69 274.4663 275.5 275.5 275.5 301.7789 301.53 301.53 297.37 296.88 296.88 296.88 303.6037 303.54 303.54 302.4443 323.76 323.76 323.76 325.8801 349.8674 349.64 349.0515 360.5 360.5 360.5 364.9926 364.95 364.95 364.2662 377.57 377.57 377.57 374.511 374.54 374.54 374.54 368.86 368.86 368.86 381.8052 383.33 383.33 382.347 401.47 401.47 401.47 404.4312 404.78 404.78 405.7402 387.06 387.06 387.06 373.1039 371.46 371.46 371.9715 362.02 362.02 362.02 399.8984 404.36 404.36 404.36 485.0442 484.28
261.1385 270.7 270.7 270.7 268.705 268.47 268.47 268.47 265.6634 265.69 265.69 274.4663 275.5 275.5 275.5 301.7789 301.53 301.53 297.37 296.88 296.88 296.88 303.54 303.54 303.54 302.4443 323.76 323.76 323.76 325.8801 325.86 325.86 325.1778 338.45 338.45 338.45 351.0998 350.98 350.98 350.896 352.53 352.53 352.53 350.0768 350.1 350.1 349.8079 355.49 355.49 355.49 368.0147 369.49 369.49 368.4686 388.34 388.34 388.34 409.3727 411.85 405.525 405.7402 387.06 387.06 387.06 373.1039 371.46 371.46 371.9715 362.02 362.02 362.02 404.7649 404.36 404.36 404.36 485.0442 484.28
261.1385 270.7 270.7 270.7 268.705 268.47 268.47 268.47 265.6634 265.69 265.69 274.4663 275.5 275.5 275.5 301.7789 301.53 301.53 297.37 296.88 296.88 296.88 303.54 303.54 303.54 321.6293 323.76 323.76 323.76 325.8801 325.86 325.86 325.1778 338.45 338.45 338.45 351.0998 350.98 350.98 350.896 352.53 352.53 352.53 350.0768 350.1 350.1 349.8079 355.49 355.49 355.49 368.0147 369.49 369.49 368.4686 388.34 388.34 388.34 409.3727 411.85 411.85 411.9638 409.75 409.75 409.75 394.6487 392.87 392.87 393.8237 375.27 375.27 375.27 364.1245 364.23 364.23 364.23 394.0626 393.78
261.1385 270.7 270.7 270.7 268.4487 268.47 268.47 268.47 265.6634 265.69 265.69 274.4663 275.5 275.5 275.5 301.7789 301.53 301.53 297.37 296.88 296.88 296.88 303.54 303.54 303.54 321.6293 323.76 323.76 323.76 325.8801 325.86 325.86 325.1778 338.45 338.45 338.45 351.0998 350.98 350.98 350.896 352.53 352.53 352.53 350.0768 350.1 350.1 349.8079 355.49 355.49 355.49 369.6239 369.49 369.49 368.4686 388.34 388.34 388.34 409.3727 411.85 411.85 411.9638 409.75 409.75 409.75 394.6487 392.87 392.87 393.8237 375.27 375.27 375.27 364.1245 364.23 364.23 362.6288 393.78 393.78
253.5877 256.94 256.94 256.94 271.2758 271.14 271.2847 268.6206 265.69 265.69 265.69 274.4663 275.5 275.5 275.5 301.7789 301.53 301.53 297.37 296.88 296.88 296.88 303.54 303.54 303.54 321.6293 323.76 323.76 323.6462 325.86 325.86 325.86 325.1778 338.45 338.45 338.45 351.0998 350.98 350.98 350.896 352.53 352.53 352.53 350.0768 350.1 350.1 349.8079 355.49 355.49 355.49 369.6239 369.49 369.49 386.3537 388.34 388.34 388.34 409.3727 411.85 411.85 411.9638 409.75 409.75 409.75 394.6487 392.87 392.87 393.8237 375.27 375.27 375.27 364.1245 364.23 364.23 362.6288 393.78 393.78
253.5877 256.94 256.94 256.94 271.2758 271.14 271.14 269.3903 303.43 303.43 303.43 311.2043 312.12 312.12 312.12 281.8937 282.18 282.18 273.5021 272.48 272.48 272.48 280.92 280.92 280.92 294.6972 296.32 296.32 295.899 304.09 304.09 304.09 324.4517 326.2214 338.45 338.45 351.0998 350.98 350.98 350.896 352.53 352.53 352.53 350.0768 350.1 350.1 349.8079 355.49 355.49 355.49 369.6239 369.49 369.49 386.3537 388.34 388.34 388.34 409.3727 411.85 411.85 411.9638 409.75 409.75 409.75 394.6487 392.87 392.87 393.8237 375.27 375.27 375.27 364.1245 364.23 364.23 362.6288 393.78 393.78
253.5877 256.94 256.94 256.94 271.2758 271.14 271.14 269.3903 303.43 303.43 303.43 312.2031 312.12 312.12 312.12 281.8937 282.18 282.18 273.5021 272.48 272.48 272.48 280.92 280.92 280.92 294.6972 296.32 296.32 295.899 304.09 304.09 304.09 324.4517 326.85 326.85 325.8757 344.83 344.83 344.83 345.3838 334.61 334.61 334.61 340.9601 340.9 340.9 340.0655 356.3 356.3 356.3 366.3452 366.25 366.25 380.3403 382 382 382 401.3331 401.15 401.15 400.8005 407.6 407.6 407.6 401.6955 401 401 402.3384 376.3 376.3 376.3 363.4987 363.62 363.62 362.5645 393.78 393.78
253.5877 256.94 256.94 256.94 271.2758 271.14 271.14 269.3903 303.43 303.43 303.43 312.2031 312.12 312.12 313.7424 282.18 282.18 282.18 273.5021 272.48 272.48 272.48 280.92 280.92 280.92 294.6972 296.32 296.32 295.899 304.09 304.09 304.09 324.4517 326.85 326.85 325.8757 344.83 344.83 344.83 345.3838 334.61 334.61 334.61 340.9601 340.9 340.9 340.0655 356.3 356.3 356.3 366.3452 366.25 366.25 380.3403 382 382 382 401.3331 401.15 401.15 406.9203 407.6 407.6 407.6 401.6955 401 401 402.3384 376.3 376.3 376.3 363.4987 363.62 363.62 363.329 368.99 368.99
253.5877 256.94 256.94 256.94 271.2758 271.14 271.14 269.3903 303.43 303.43 303.43 312.2031 312.12 312.12 313.7424 282.18 282.18 282.18 272.3873 272.48 272.48 272.48 280.92 280.92 280.92 294.6972 296.32 296.32 295.899 304.09 304.09 304.09 324.4517 326.85 326.85 325.8757 344.83 344.83 344.83 335.6869 334.61 334.61 334.61 340.9601 340.9 340.9 340.0655 356.3 356.3 356.3 366.3452 366.25 366.25 380.3403 382 382 382 401.3331 401.15 401.15 406.9203 407.6 407.6 407.6 401.6955 401 401 402.3384 376.3 376.3 376.3 363.4987 363.62 363.62 363.329 368.99 368.99
259.2394 257.89 257.89 257.89 267.8847 267.79 267.79 266.8883 284.43 284.43 284.43 286.328 286.31 286.31 287.6593 261.41 261.41 261.41 271.271 272.48 272.48 272.48 280.92 280.92 280.92 294.6972 296.32 296.32 295.899 304.09 304.09 304.09 324.4517 326.85 326.85 325.8757 344.83 344.83 344.83 335.6869 334.61 334.61 334.61 340.9601 340.9 340.9 340.0655 356.3 356.3 356.3 366.3452 366.25 366.25 380.3403 382 382 382 401.3331 401.15 401.15 406.9203 407.6 407.6 407.6 400.9369 401 401 402.3384 376.3 376.3 376.3 363.4987 363.62 363.62 363.329 368.99 368.99
258.0249 257.89 257.89 257.89 267.8847 267.79 267.79 266.8883 284.43 284.43 284.43 286.328 286.31 286.31 287.6593 261.41 261.41 261.41 261.0365 261.04 261.04 260.2137 276.29 276.29 276.29 273.5256 273.2 273.2 271.7039 300.81 300.81 300.81 330.0195 333.46 333.46 332.6591 348.24 348.24 348.24 338.1307 336.94 336.94 336.3775 347.32 347.32 347.32 346.8334 356.3 356.3 356.3 366.3452 366.25 366.25 380.3403 382 382 382 401.3331 401.15 401.15 406.9203 407.6 407.6 407.6 400.9369 401 401 402.3384 376.3 376.3 376.3 363.4987 363.62 363.62 363.329 368.99 368.99
258.0249 257.89 257.89 257.89 267.79 267.79 267.79 266.8883 284.43 284.43 284.43 286.328 286.31 286.31 287.6593 261.41 261.41 261.41 261.0365 261.04 261.04 260.2137 276.29 276.29 276.29 273.1705 273.2 273.2 271.7039 300.81 300.81 300.81 330.0195 333.46 333.46 332.6591 348.24 348.24 348.24 338.1307 336.94 336.94 336.3775 347.32 347.32 347.32 358.6907 360.03 360.03 360.03 373.3159 373.19 373.19 378.7725 379.43 379.43 379.43 389.1016 389.01 389.01 407.2693 409.42 409.42 409.42 385.6448 385.87 385.87 358.9865 355.82 355.82 355.82 349.6617 349.72 349.72 348.4043 374 374
258.0249 257.89 257.89 257.89 267.79 267.79 267.79 266.8883 284.43 284.43 284.43 286.328 286.31 286.31 287.6593 261.41 261.41 261.41 261.0365 261.04 261.04 260.2137 276.29 276.29 276.29 273.1705 273.2 273.2 271.7039 300.81 300.81 300.81 330.0195 333.46 333.46 332.6591 348.24 348.24 348.24 338.1307 336.94 336.94 336.3775 347.32 347.32 347.32 358.6907 360.03 360.03 360.03 373.3159 373.19 373.19 378.7725 379.43 379.43 379.43 389.1016 389.01 389.01 407.2693 409.42 409.42 409.42 385.6448 385.87 385.87 358.9865 355.82 355.82 355.82 349.72 349.72 349.72 348.4043 374 374
280.6635 278.91 278.91 278.91 267.7751 267.79 267.79 282.6765 284.43 284.43 284.43 286.328 286.31 286.31 287.6593 261.41 261.41 261.41 261.0365 261.04 261.04 260.2137 276.29 276.29 276.29 273.1705 273.2 273.2 297.9006 300.81 300.81 300.81 330.0195 333.46 333.46 332.6591 348.24 348.24 348.24 338.1307 336.94 336.94 336.3775 347.32 347.32 347.32 358.6907 360.03 360.03 359.3169 373.19 373.19 373.19 378.7725 379.43 379.43 379.43 389.1016 389.01 389.01 407.2693 409.42 409.42 409.42 385.6448 385.87 385.87 358.9865 355.82 355.82 355.82 349.72 349.72 349.72 348.4043 374 374
280.6635 278.91 278.91 278.91 269.35 269.35 269.35 258.2298 256.92 256.92 257.4082 247.91 247.91 247.91 247.9994 246.26 246.26 246.26 243.5039 243.53 243.53 243.3349 247.13 247.13 247.13 256.0949 256.01 256.01 275.6918 278.01 276.7745 300.81 333.7722 333.46 333.46 332.6591 348.24 348.24 348.24 338.1307 336.94 336.94 336.3775 347.32 347.32 347.32 358.6907 360.03 360.03 359.3169 373.19 373.19 373.19 379.4897 379.43 379.43 379.43 389.1016 389.01 389.01 407.2693 409.42 409.42 409.42 385.6448 385.87 385.87 358.9865 355.82 355.82 355.82 349.72 349.72 349.72 371.4415 374 374
280.6635 278.91 278.91 278.91 269.35 269.35 269.35 258.2298 256.92 256.92 257.4082 247.91 247.91 247.91 247.9994 246.26 246.26 246.26 243.5039 243.53 243.53 243.3349 247.13 247.13 247.13 256.0949 256.01 256.01 275.6918 278.01 278.01 278.01 290.781 290.66 290.66 289.7231 307.95 307.95 307.95 309.9987 310.24 310.24 309.419 325.39 325.39 325.39 335.8839 337.12 337.12 336.415 350.13 350.13 350.13 369.0492 368.87 368.87 368.87 386.0225 385.86 385.86 406.9374 409.42 409.42 409.42 385.6448 385.87 385.87 358.9865 355.82 355.82 355.82 349.72 349.72 349.72 371.4415 374 374
280.6635 278.91 278.91 278.91 269.35 269.35 269.35 258.2298 256.92 256.92 257.4082 247.91 247.91 247.91 246.4339 246.26 246.26 246.26 243.5039 243.53 243.53 243.3349 247.13 247.13 247.13 256.0949 256.01 256.01 275.6918 278.01 278.01 278.01 290.781 290.66 290.66 306.1281 307.95 307.95 307.95 309.9987 310.24 310.24 309.419 325.39 325.39 325.39 335.8839 337.12 337.12 336.415 350.13 350.13 350.13 369.0492 368.87 368.87 367.9493 385.86 385.86 385.86 372.3601 370.77 370.77 370.77 350.4071 350.6 350.6 339.0325 337.67 337.67 337.67 347.27 347.27 347.27 362.9707 364.82 364.82
280.6635 278.91 278.91 278.91 269.35 269.35 269.35 258.2298 256.92 256.92 257.4082 247.91 247.91 247.91 246.4339 246.26 246.26 246.4079 243.53 243.53 243.53 243.3349 247.13 247.13 247.13 256.0949 256.01 256.01 275.6918 278.01 278.01 278.01 290.781 290.66 290.66 306.1281 307.95 307.95 307.95 309.9987 310.24 310.24 309.419 325.39 325.39 325.39 335.8839 337.12 337.12 336.415 350.13 350.13 350.13 369.0492 368.87 368.87 367.9493 385.86 385.86 385.86 372.3601 370.77 370.77 370.77 350.4071 350.6 350.6 339.0325 337.67 337.67 337.67 347.27 347.27 347.27 362.9707 364.82 364.82
285.8083 286.43 286.43 286.43 266.33 266.33 266.33 264.8181 264.64 264.64 264.2834 271.22 271.22 271.22 267.0958 266.61 246.26 246.4079 243.53 243.53 243.53 243.3349 247.13 247.13 247.13 256.0949 256.01 256.01 275.6918 278.01 278.01 278.01 290.781 290.66 290.66 306.1281 307.95 307.95 307.95 310.2619 310.24 310.24 309.419 325.39 325.39 325.39 335.8839 337.12 337.12 336.415 350.13 350.13 350.13 369.0492 368.87 368.87 367.9493 385.86 385.86 385.86 370.6257 370.77 370.77 370.77 350.4071 350.6 350.6 339.0325 337.67 337.67 337.67 347.27 347.27 347.27 362.9707 364.82 364.82
285.8083 286.43 286.43 286.43 266.33 266.33 266.33 264.8181 264.64 264.64 264.2834 271.22 271.22 271.22 267.0958 266.61 266.61 266.791 263.27 263.27 263.27 254.4222 253.38 253.38 253.38 256.2472 256.22 256.22 269.3889 270.94 270.94 270.94 286.8204 286.67 286.67 298.6222 300.03 300.03 300.03 319.9083 319.72 319.72 325.222 325.896 325.39 325.39 335.8839 337.12 337.12 336.415 350.13 350.13 350.13 369.0492 368.87 368.87 367.9493 385.86 385.86 385.86 370.6257 370.77 370.77 370.77 350.4071 350.6 350.6 339.0325 337.67 337.67 337.67 347.27 347.27 347.27 362.9707 364.82 364.82
285.8083 286.43 286.43 287.5192 266.33 266.33 266.33 264.8181 264.64 264.64 264.2834 271.22 271.22 271.22 267.0958 266.61 266.61 266.791 263.27 263.27 263.27 254.4222 253.38 253.38 253.2261 256.22 256.22 256.22 269.3889 270.94 270.94 270.94 286.8204 286.67 286.67 298.6222 300.03 300.03 300.03 319.9083 319.72 319.72 325.222 325.87 325.87 325.87 328.1334 328.4 328.4 327.5699 343.72 343.72 343.72 362.3969 362.22 362.22 362.9038 349.6 349.6 349.6 335.4863 335.62 335.62 335.989 328.81 328.81 328.81 330.5277 330.73 330.73 330.73 343.14 343.14 343.14 357.6329 364.8724 364.82
285.8083 286.43 286.43 287.5192 266.33 266.33 266.33 264.6238 264.64 264.64 264.2834 271.22 271.22 271.22 267.0958 266.61 266.61 266.791 263.27 263.27 263.27 254.4222 253.38 253.38 253.2261 256.22 256.22 256.22 269.3889 270.94 270.94 270.94 286.8204 286.67 286.67 298.6222 300.03 300.03 300.03 319.9083 319.72 319.72 325.222 325.87 325.87 325.87 328.4242 328.4 328.4 327.5699 343.72 343.72 343.72 362.3969 362.22 362.22 362.9038 349.6 349.6 349.6 335.4863 335.62 335.62 335.989 328.81 328.81 328.81 330.5277 330.73 330.73 330.73 343.14 343.14 343.14 357.6329 359.34 359.34
285.8083 286.43 286.43 287.5192 266.33 266.33 266.33 264.6238 264.64 264.64 264.2834 271.22 271.22 271.22 267.0958 266.61 266.61 266.791 263.27 263.27 263.27 254.4222 253.38 253.38 253.2261 256.22 256.22 256.22 271.0807 270.94 270.94 270.94 286.8204 286.67 286.67 298.6222 300.03 300.03 300.03 319.9083 319.72 319.72 325.222 325.87 325.87 325.87 328.4242 328.4 328.4 327.5699 343.72 343.72 343.72 362.3969 362.22 362.22 362.9038 349.6 349.6 349.6 335.4863 335.62 335.62 335.989 328.81 328.81 328.81 330.7484 330.73 330.73 330.73 343.14 343.14 343.14 357.6329 359.34 359.34
316.5474 316.54 316.54 317.7088 294.97 294.97 294.97 295.4849 295.48 295.48 304.1221 305.14 305.14 305.14 299.4681 298.8 298.8 299.1576 292.2 262.9933 263.27 254.4222 253.38 253.38 253.2261 256.22 256.22 256.22 271.0807 270.94 270.94 270.94 286.8204 286.67 286.67 298.6222 300.03 300.03 300.03 319.9083 319.72 319.72 325.222 325.87 325.87 325.87 328.4242 328.4 328.4 342.1057 343.72 343.72 343.72 362.3969 362.22 362.22 362.9038 349.6 349.6 349.6 335.4863 335.62 335.62 335.989 328.81 328.81 328.81 330.7484 330.73 330.73 330.73 343.14 343.14 343.14 357.6329 359.34 359.34
316.5474 316.54 316.54 317.7088 294.97 294.97 294.97 295.4849 295.48 295.48 304.1221 305.14 305.14 305.14 298.7393 298.8 298.8 299.1576 292.2 292.2 292.2 286.2686 285.57 285.57 281.2025 366.17 366.17 366.17 330.4214 330.76 330.76 333.1025 287.53 287.53 287.53 281.0708 280.31 280.31 280.31 319.1883 318.82 318.82 327.8199 328.88 328.88 328.88 325.3566 325.39 325.39 333.3522 334.29 334.29 334.29 342.03 342.03 342.03 342.1497 348.5694 349.6 349.6 335.4863 335.62 335.62 335.989 328.81 328.81 328.81 330.7484 330.73 330.73 330.0576 343.14 343.14 343.14 357.6329 359.34 359.34
316.5474 316.54 316.54 317.7088 294.97 294.97 294.97 295.4849 295.48 295.48 304.1221 305.14 305.14 305.14 298.7393 298.8 298.8 299.1576 292.2 292.2 292.2 286.2686 285.57 285.57 281.2025 366.17 366.17 366.17 330.4214 330.76 330.76 333.1025 287.53 287.53 287.53 280.241 280.31 280.31 280.31 319.1883 318.82 318.82 327.8199 328.88 328.88 328.88 325.3566 325.39 325.39 333.3522 334.29 334.29 334.29 342.03 342.03 342.03 342.1497 339.82 339.82 339.82 323.9497 324.1 324.1 323.0834 342.86 342.86 342.86 360.285 360.12 360.12 358.2408 394.8 394.8 394.8 448.1554 447.65 447.65
316.54 316.54 316.54 317.7088 294.97 294.97 294.97 295.4849 295.48 295.48 304.1221 305.14 305.14 305.14 298.7393 298.8 298.8 292.8955 292.2 292.2 292.2 286.2686 285.57 285.57 281.2025 366.17 366.17 366.17 330.4214 330.76 330.76 333.1025 287.53 287.53 287.53 280.241 280.31 280.31 280.31 319.1883 318.82 318.82 327.8199 328.88 328.88 328.88 325.3566 325.39 325.39 333.3522 334.29 334.29 334.29 342.03 342.03 342.03 340.0529 339.82 339.82 339.82 323.9497 324.1 324.1 323.0834 342.86 342.86 342.86 360.285 360.12 360.12 358.2408 394.8 394.8 394.8 448.1554 447.65 447.65
329.99 329.99 329.99 329.169 347.8586 294.97 294.97 295.4849 295.48 295.48 304.1221 305.14 305.14 305.14 298.7393 298.8 298.8 292.8955 292.2 292.2 292.2 286.2686 285.57 285.57 281.2025 366.17 366.17 366.17 330.4214 330.76 330.76 333.1025 287.53 287.53 287.53 280.241 280.31 280.31 278.2232 318.82 318.82 318.82 327.8199 328.88 328.88 328.88 325.3566 325.39 325.39 333.3522 334.29 334.29 334.29 342.03 342.03 342.03 340.0529 339.82 339.82 339.82 323.9497 324.1 324.1 323.0834 342.86 342.86 342.86 360.285 360.12 360.12 358.2408 394.8 394.8 394.8 448.1554 447.65 447.65
329.99 329.99 329.99 343.5436 345.14 345.14 345.14 339.5672 339.62 339.62 334.3507 333.73 333.73 333.73 320.3836 320.51 320.51 311.8769 310.86 310.86 310.86 326.4779 326.33 326.33 324.4713 360.63 360.63 360.63 336.1683 336.4 336.4 333.6968 287.53 287.53 287.53 280.241 280.31 280.31 278.2232 318.82 318.82 318.82 327.8199 328.88 328.88 328.88 325.3566 325.39 325.39 333.3522 334.29 334.29 334.29 342.03 342.03 342.03 340.0529 339.82 339.82 340.6718 324.1 324.1 324.1 323.0834 342.86 342.86 342.86 360.285 360.12 360.12 358.2408 394.8 394.8 394.8 448.1554 447.65 447.65
329.99 329.99 329.99 343.5436 345.14 345.14 345.14 339.5672 339.62 339.62 334.3507 333.73 333.73 333.73 320.3836 320.51 320.51 311.8769 310.86 310.86 310.86 326.4779 326.33 326.33 324.4713 360.63 360.63 360.63 336.1683 336.4 336.4 337.1949 321.73 321.73 321.73 295.8549 296.1 296.1 296.2187 293.91 293.91 293.91 338.7245 338.3 338.3 338.3 346.5481 346.47 346.47 345.2533 345.11 345.11 345.11 337.69 337.69 337.69 352.1203 353.82 353.82 350.3791 417.32 323.2086 324.1 323.0834 342.86 342.86 342.86 360.285 360.12 360.12 358.2408 394.8 394.8 394.8 448.1554 447.65 447.65
