Model and model input files/precip_1994.asc
ncols         625
nrows         453
xllcorner     138621.56993419
yllcorner     4094031.9406744
cellsize      1000
NODATA_value  -9999
[rows 102 to 135 of 453, columns 0 to 76 of 625]
-9999 -9999 -9999 -9999 -9999 -9999 -9999 -9999 -9999 -9999 -9999 -9999 -9999 -9999 -9999 -9999 -9999 223.32 222.9266 230.58 230.58 230.58 241.14 241.04 241.04 235.5112 234.86 234.86 234.86 233.2497 233.06 233.06 232.9787 234.56 234.56 234.56 235.1147 235.18 235.18 234.902 240.31 240.31 240.31 239.3812 257.45 257.45 257.45 266.2029 266.12 266.12 268.0882 268.32 268.32 268.32 321.3725 320.87 320.87 316.6325 399.07 399.07 399.07 363.9112 359.77 359.77 361.7701 322.86 322.86 322.86 308.6858 308.82 308.82 308.82 290.6479 290.82 290.82 284.2713 283.5
-9999 -9999 -9999 -9999 -9999 -9999 -9999 -9999 -9999 -9999 -9999 -9999 -9999 -9999 -9999 -9999 -9999 223.32 222.9266 230.58 230.58 230.58 241.14 241.04 241.04 235.5112 234.86 234.86 234.86 233.2497 233.06 233.06 232.9787 234.56 234.56 234.56 235.1147 235.18 235.18 234.902 240.31 240.31 240.31 239.3812 257.45 257.45 257.45 266.2029 266.12 266.12 268.0882 268.32 268.32 268.32 321.3725 320.87 320.87 316.6325 399.07 399.07 399.07 363.9112 359.77 359.77 361.7701 322.86 322.86 322.86 308.6858 308.82 308.82 308.82 290.6479 290.82 290.82 284.2713 283.5
-9999 -9999 -9999 -9999 -9999 -9999 -9999 -9999 -9999 -9999 -9999 -9999 -9999 -9999 -9999 -9999 -9999 223.32 222.9266 230.58 230.58 230.58 241.14 241.04 241.04 235.5112 234.86 234.86 234.86 233.0428 233.06 233.06 232.9787 234.56 234.56 234.56 235.1147 235.18 235.18 234.902 240.31 240.31 240.31 255.6439 257.45 257.45 257.45 266.2029 266.12 266.12 268.0882 268.32 268.32 268.32 321.3725 320.87 320.87 390.8297 399.07 399.07 399.07 363.9112 359.77 359.77 361.7701 322.86 322.86 322.86 308.6858 308.82 308.82 309.7954 290.82 290.82 290.82 284.2713 283.5
-9999 -9999 -9999 -9999 -9999 -9999 -9999 -9999 -9999 -9999 -9999 -9999 -9999 -9999 -9999 -9999 -9999 219.88 220.7209 220.82 220.82 220.82 225.2621 225.22 225.22 231.4913 232.23 232.23 232.23 234.9659 234.94 234.94 239.4221 239.95 239.95 239.95 243.0991 243.47 243.47 243.2305 247.89 247.89 247.89 255.5714 257.45 257.45 257.45 266.2029 266.12 266.12 268.0882 268.32 268.32 268.32 321.3725 320.87 320.87 390.8297 399.07 399.07 399.07 363.9112 359.77 359.77 361.7701 322.86 322.86 322.86 308.6858 308.82 308.82 309.7954 290.82 290.82 290.82 284.2713 283.5
-9999 -9999 -9999 -9999 -9999 -9999 -9999 -9999 -9999 -9999 -9999 -9999 -9999 -9999 -9999 -9999 -9999 219.88 220.7209 220.82 220.82 220.82 225.2621 225.22 225.22 231.4913 232.23 232.23 232.23 234.9659 234.94 234.94 239.4221 239.95 239.95 239.95 243.0991 243.47 243.47 243.2305 247.89 247.89 247.89 257.9903 259.18 259.18 258.2404 276.52 276.52 276.52 296.1391 298.45 298.45 298.45 378.4276 377.67 377.67 427.7422 433.64 433.64 433.64 381.5466 382.04 382.04 384.5857 335.06 324.1456 322.86 308.6858 308.82 308.82 309.7954 290.82 290.82 290.82 283.43 283.5
-9999 -9999 -9999 -9999 -9999 -9999 -9999 -9999 -9999 -9999 -9999 -9999 -9999 -9999 -9999 -9999 -9999 219.88 220.7209 220.82 220.82 220.5816 225.22 225.22 225.22 231.4913 232.23 232.23 232.23 234.9659 234.94 234.94 239.4221 239.95 239.95 239.95 243.5037 243.47 243.47 243.2305 247.89 247.89 247.89 257.9903 259.18 259.18 258.2404 276.52 276.52 276.52 296.1391 298.45 298.45 298.45 378.4276 377.67 377.67 427.7422 433.64 433.64 433.64 381.5466 382.04 382.04 384.5857 335.06 335.06 335.06 316.4538 316.63 316.63 317.9717 291.87 291.87 291.87 280.7446 280.85
-9999 -9999 -9999 -9999 -9999 -9999 -9999 -9999 -9999 -9999 -9999 -9999 -9999 -9999 -9999 -9999 -9999 219.88 220.7209 220.82 220.82 220.5816 225.22 225.22 225.22 231.4913 232.23 232.23 232.23 234.9659 234.94 234.94 239.4221 239.95 239.95 239.95 243.5037 243.47 243.47 243.2305 247.89 247.89 247.89 257.9903 259.18 259.18 258.2404 276.52 276.52 276.52 298.6597 298.45 298.45 298.45 378.4276 377.67 377.67 427.7422 433.64 433.64 433.64 381.5466 382.04 382.04 340.0105 335.06 335.06 335.06 316.4538 316.63 316.63 317.9717 291.87 291.87 291.87 280.7446 280.85
-9999 -9999 -9999 -9999 -9999 -9999 -9999 -9999 -9999 -9999 -9999 -9999 -9999 -9999 -9999 -9999 -9999 231.73 230.7638 230.65 230.65 230.4565 234.22 226.1684 225.22 232.297 232.23 232.23 232.23 234.9659 234.94 234.94 239.4221 239.95 239.95 239.95 243.5037 243.47 243.47 247.4242 247.89 247.89 247.89 257.9903 259.18 259.18 258.2404 276.52 276.52 276.52 298.6597 298.45 298.45 298.45 378.4276 377.67 377.67 427.7422 433.64 433.64 433.64 381.5466 382.04 382.04 340.0105 335.06 335.06 335.06 316.4538 316.63 316.63 317.9717 291.87 291.87 291.87 280.7446 280.85
-9999 -9999 -9999 -9999 -9999 -9999 -9999 -9999 -9999 -9999 -9999 -9999 -9999 -9999 -9999 -9999 -9999 231.73 230.7638 230.65 230.65 230.4565 234.22 234.22 234.22 233.8969 233.9 233.9 233.9 240.3511 240.29 240.29 248.1448 249.07 249.07 249.07 245.799 245.83 245.83 251.6093 252.29 252.29 252.29 287.1088 291.21 262.5551 258.2404 276.52 276.52 276.52 298.6597 298.45 298.45 294.1573 377.67 377.67 377.67 427.7422 433.64 433.64 433.64 381.5466 382.04 382.04 340.0105 335.06 335.06 335.06 316.63 316.63 316.63 317.9717 291.87 291.87 291.87 280.7446 280.85
-9999 -9999 -9999 -9999 -9999 -9999 -9999 -9999 -9999 -9999 -9999 -9999 -9999 -9999 -9999 -9999 -9999 231.73 230.7638 230.65 230.65 230.4565 234.22 234.22 234.22 233.8969 233.9 233.9 233.5537 240.29 240.29 240.29 248.1448 249.07 249.07 249.07 245.799 245.83 245.83 251.6093 252.29 252.29 252.29 291.5822 291.21 291.21 287.4505 360.59 360.59 360.59 382.8105 382.6 382.6 381.0719 410.8 410.8 410.8 395.994 394.25 394.25 394.25 354.1098 354.49 354.49 333.4574 330.98 330.98 330.98 312.92 316.6655 316.63 317.9717 291.87 291.87 291.87 280.7446 280.85
-9999 -9999 -9999 -9999 -9999 -9999 -9999 -9999 -9999 -9999 -9999 -9999 -9999 -9999 -9999 -9999 -9999 231.73 230.6397 230.65 230.65 230.4565 234.22 234.22 234.22 233.8969 233.9 233.9 233.5537 240.29 240.29 240.29 248.1448 249.07 249.07 249.07 245.799 245.83 245.83 251.6093 252.29 252.29 252.29 291.5822 291.21 291.21 287.4505 360.59 360.59 360.59 382.8105 382.6 382.6 381.0719 410.8 410.8 410.8 394.0917 394.25 394.25 394.25 354.1098 354.49 354.49 333.4574 330.98 330.98 330.98 312.92 312.92 312.92 292.9967 290.65 290.65 290.65 285.4104 285.46
-9999 -9999 -9999 -9999 -9999 -9999 -9999 -9999 -9999 -9999 -9999 -9999 -9999 -9999 -9999 -9999 -9999 231.73 230.6397 230.65 230.65 230.4565 234.22 234.22 234.22 233.8969 233.9 233.9 233.5537 240.29 240.29 240.29 249.154 249.07 249.07 249.07 245.799 245.83 245.83 251.6093 252.29 252.29 252.29 291.5822 291.21 291.21 353.2791 360.59 360.59 360.59 382.8105 382.6 382.6 381.0719 410.8 410.8 410.8 394.0917 394.25 394.25 394.25 354.1098 354.49 354.49 333.4574 330.98 330.98 330.98 312.92 312.92 312.92 292.9967 290.65 290.65 290.65 285.4104 285.46
-9999 -9999 -9999 -9999 -9999 -9999 -9999 -9999 -9999 -9999 -9999 -9999 -9999 -9999 -9999 -9999 -9999 266.89 247.9506 248.13 248.13 241.4203 240.63 240.63 240.63 244.3957 244.36 244.36 243.926 252.37 252.37 252.37 252.9555 249.0329 249.07 249.07 245.799 245.83 245.83 251.6093 252.29 252.29 252.29 291.5822 291.21 291.21 353.2791 360.59 360.59 360.59 382.8105 382.6 382.6 381.0719 410.8 410.8 410.8 394.0917 394.25 394.25 396.4045 354.49 354.49 354.49 333.4574 330.98 330.98 330.98 312.92 312.92 312.92 292.9967 290.65 290.65 290.65 285.4104 285.46
-9999 -9999 -9999 -9999 -9999 -9999 -9999 -9999 -9999 -9999 -9999 -9999 -9999 -9999 -9999 -9999 -9999 266.89 247.9506 248.13 248.13 241.4203 240.63 240.63 240.63 244.3957 244.36 244.36 243.926 252.37 252.37 252.37 252.9555 252.95 252.95 253.2887 246.7 246.7 246.7 251.9872 252.61 252.61 252.61 293.0026 292.62 292.62 367.5001 376.32 376.32 376.32 461.32 461.32 461.32 462.1491 446.02 446.02 410.8 394.0917 394.25 394.25 396.4045 354.49 354.49 354.49 333.4574 330.98 330.98 330.98 312.92 312.92 312.92 292.9967 290.65 290.65 290.65 285.46 285.46
-9999 -9999 -9999 -9999 -9999 -9999 -9999 -9999 -9999 -9999 -9999 -9999 -9999 -9999 -9999 -9999 -9999 266.89 247.9506 248.13 248.13 241.4203 240.63 240.63 240.63 244.36 244.36 244.36 243.926 252.37 252.37 252.37 252.9555 252.95 252.95 253.2887 246.7 246.7 246.7 251.9872 252.61 252.61 252.61 293.0026 292.62 292.62 367.5001 376.32 376.32 376.32 461.32 461.32 461.32 462.1491 446.02 446.02 446.02 383.7603 384.35 384.35 386.4097 346.34 346.34 346.34 322.6456 322.87 322.87 322.87 299.86 299.86 299.86 293.2666 292.49 292.49 292.49 294.51 294.51
-9999 -9999 -9999 -9999 -9999 -9999 -9999 -9999 -9999 -9999 -9999 -9999 -9999 -9999 -9999 -9999 -9999 266.89 247.9506 248.13 248.13 241.4203 240.63 240.63 240.63 244.36 244.36 244.36 243.926 252.37 252.37 252.37 252.9555 252.95 252.95 253.2887 246.7 246.7 246.7 252.6665 252.61 252.61 252.61 293.0026 292.62 292.62 367.5001 376.32 376.32 376.32 461.32 461.32 461.32 462.1491 446.02 446.02 446.02 383.7603 384.35 384.35 386.4097 346.34 346.34 346.34 322.6456 322.87 322.87 322.87 299.86 299.86 299.86 293.2666 292.49 292.49 292.49 294.51 294.51
-9999 -9999 -9999 -9999 -9999 -9999 -9999 -9999 -9999 -9999 -9999 -9999 -9999 -9999 -9999 -9999 -9999 250.54 270.2466 270.06 270.06 241.2106 240.63 240.63 240.63 244.36 244.36 244.36 251.5259 252.37 252.37 252.37 252.9555 252.95 252.95 253.2887 246.7 246.7 246.7 252.6665 252.61 252.61 252.61 293.0026 292.62 292.62 367.5001 376.32 376.32 376.32 461.32 461.32 461.32 447.6322 446.02 446.02 446.02 383.7603 384.35 384.35 386.4097 346.34 346.34 346.34 322.6456 322.87 322.87 324.1169 299.86 299.86 299.86 293.2666 292.49 292.49 292.49 294.51 294.51
-9999 -9999 -9999 -9999 -9999 -9999 -9999 -9999 -9999 -9999 -9999 -9999 -9999 -9999 -9999 -9999 -9999 249.4823 270.06 270.06 270.06 254.7977 253 253 253 249.78 249.78 249.78 259.0841 260.18 260.18 260.18 254.0923 254.15 254.15 254.0893 255.27 255.27 255.27 250.838 250.88 250.88 248.6291 292.5989 292.62 292.62 367.5001 376.32 376.32 376.32 461.32 461.32 461.32 447.6322 446.02 446.02 446.02 383.7603 384.35 384.35 386.4097 346.34 346.34 346.34 322.6456 322.87 322.87 324.1169 299.86 299.86 299.86 293.2666 292.49 292.49 292.49 294.51 294.51
-9999 -9999 -9999 -9999 -9999 -9999 -9999 -9999 -9999 -9999 -9999 -9999 -9999 -9999 -9999 -9999 -9999 249.4823 270.06 270.06 270.06 254.7977 253 253 253 249.78 249.78 249.78 259.0841 260.18 260.18 260.5067 254.15 254.15 254.15 254.0893 255.27 255.27 255.27 250.838 250.88 250.88 248.6291 292.42 292.42 292.42 338.7347 344.19 344.19 344.19 474.57 474.57 474.57 463.4409 462.13 462.13 465.7508 395.31 395.31 395.31 397.6612 351.92 351.92 351.92 331.9004 332.09 332.5896 324.1169 299.86 299.86 299.86 293.2666 292.49 292.49 292.49 294.51 294.51
-9999 -9999 -9999 -9999 -9999 -9999 -9999 -9999 -9999 -9999 -9999 -9999 -9999 -9999 -9999 -9999 -9999 249.4823 270.06 270.06 270.06 252.8369 253 253 253 249.78 249.78 249.78 259.0841 260.18 260.18 260.5067 254.15 254.15 254.15 254.0893 255.27 255.27 255.27 250.838 250.88 250.88 248.6291 292.42 292.42 292.42 344.6851 344.19 344.19 344.19 474.57 474.57 474.57 463.4409 462.13 462.13 465.7508 395.31 395.31 395.31 397.6612 351.92 351.92 351.92 331.9004 332.09 332.09 333.3547 308.75 308.75 308.75 307.8111 307.82 307.82 307.82 295.74 295.74
-9999 -9999 -9999 -9999 -9999 -9999 -9999 -9999 -9999 -9999 -9999 -9999 -9999 -9999 -9999 -9999 -9999 249.4823 270.06 270.06 270.06 252.8369 253 253 253 249.78 249.78 249.78 259.0841 260.18 260.18 260.5067 254.15 254.15 254.15 255.152 255.27 255.27 255.27 250.838 250.88 250.88 248.6291 292.42 292.42 292.42 344.6851 344.19 344.19 344.19 474.57 474.57 474.57 463.4409 462.13 462.13 465.7508 395.31 395.31 395.31 356.4922 351.92 351.92 351.92 331.9004 332.09 332.09 333.3547 308.75 308.75 308.75 307.8111 307.82 307.82 307.82 295.74 295.74
-9999 -9999 -9999 -9999 -9999 -9999 -9999 -9999 -9999 -9999 -9999 -9999 -9999 -9999 -9999 -9999 -9999 284.5677 337.14 337.14 337.14 280.5439 281.08 282.6016 253.1745 249.78 249.78 249.78 259.0841 260.18 260.18 260.5067 254.15 254.15 254.15 255.152 255.27 255.27 255.27 250.838 250.88 250.88 248.6291 292.42 292.42 292.42 344.6851 344.19 344.19 337.125 474.57 474.57 474.57 463.4409 462.13 462.13 465.7508 395.31 395.31 395.31 356.4922 351.92 351.92 351.92 331.9004 332.09 332.09 333.3547 308.75 308.75 308.75 307.8111 307.82 307.82 308.4746 295.74 295.74
-9999 -9999 -9999 -9999 -9999 -9999 -9999 -9999 -9999 -9999 -9999 -9999 -9999 -9999 -9999 -9999 -9999 284.5677 337.14 337.14 337.14 280.5439 281.08 281.08 281.6582 270.41 270.41 270.41 284.7061 286.39 286.39 284.83 315.18 315.18 315.18 296.9028 294.75 294.75 296.9695 253.79 253.79 253.79 252.0956 285.06 285.06 285.06 329.299 328.88 328.88 322.6295 444.23 444.23 444.23 460.2438 462.13 462.13 465.7508 395.31 395.31 395.31 356.4922 351.92 351.92 352.9945 332.09 332.09 332.09 333.3547 308.75 308.75 308.75 307.8111 307.82 307.82 308.4746 295.74 295.74
-9999 -9999 -9999 -9999 -9999 -9999 -9999 -9999 -9999 -9999 -9999 -9999 -9999 -9999 -9999 -9999 -9999 284.5677 337.14 337.14 337.14 280.5439 281.08 281.08 281.6582 270.41 270.41 270.41 286.5428 286.39 286.39 284.83 315.18 315.18 315.18 296.9028 294.75 294.75 296.9695 253.79 253.79 253.79 252.0956 285.06 285.06 285.06 329.299 328.88 328.88 322.6295 444.23 444.23 444.23 485.7836 485.39 485.39 489.2243 414.63 414.63 414.63 372.7347 367.8 367.8 369.1487 342.91 342.91 342.91 343.5597 330.92 330.92 330.92 314.4439 314.6 314.6 315.2486 302.63 302.63
-9999 -9999 -9999 -9999 -9999 -9999 -9999 -9999 -9999 -9999 -9999 -9999 -9999 -9999 -9999 -9999 -9999 331.2035 337.14 337.14 337.14 281.08 281.08 281.08 281.08 270.41 270.41 270.41 286.39 286.39 286.39 286.39 315.18 315.18 315.18 297.182 294.75 294.75 294.75 253.79 253.79 253.79 281.3376 285.06 285.06 285.06 328.88 328.88 328.88 328.88 444.23 444.23 444.23 485.39 485.39 485.39 485.39 414.63 414.63 414.63 373.3746 367.8 367.8 367.8 342.91 342.91 342.91 342.8068 330.92 330.92 330.92 314.6 314.6 314.6 314.6 302.63 302.63
-9999 -9999 -9999 -9999 -9999 -9999 -9999 -9999 -9999 -9999 -9999 -9999 -9999 -9999 -9999 -9999 -9999 -9999 -9999 -9999 -9999 -9999 -9999 -9999 -9999 -9999 -9999 -9999 -9999 -9999 -9999 -9999 -9999 -9999 -9999 -9999 -9999 -9999 -9999 -9999 -9999 -9999 -9999 -9999 -9999 -9999 -9999 -9999 -9999 -9999 -9999 -9999 -9999 -9999 -9999 -9999 -9999 -9999 -9999 -9999 -9999 -9999 -9999 -9999 -9999 -9999 -9999 -9999 -9999 -9999 -9999 -9999 -9999 -9999 -9999 -9999 -9999
-9999 -9999 -9999 -9999 -9999 -9999 -9999 -9999 -9999 -9999 -9999 -9999 -9999 -9999 -9999 -9999 -9999 -9999 -9999 -9999 -9999 -9999 -9999 -9999 -9999 -9999 -9999 -9999 -9999 -9999 -9999 -9999 -9999 -9999 -9999 -9999 -9999 -9999 -9999 -9999 -9999 -9999 -9999 -9999 -9999 -9999 -9999 -9999 -9999 -9999 -9999 -9999 -9999 -9999 -9999 -9999 -9999 -9999 -9999 -9999 -9999 -9999 -9999 -9999 -9999 -9999 -9999 -9999 -9999 -9999 -9999 -9999 -9999 -9999 -9999 -9999 -9999
-9999 -9999 -9999 -9999 -9999 -9999 -9999 -9999 -9999 -9999 -9999 -9999 -9999 -9999 -9999 -9999 -9999 -9999 -9999 -9999 -9999 -9999 -9999 -9999 -9999 -9999 -9999 -9999 -9999 -9999 -9999 -9999 -9999 -9999 -9999 -9999 -9999 -9999 -9999 -9999 -9999 -9999 -9999 -9999 -9999 -9999 -9999 -9999 -9999 -9999 -9999 -9999 -9999 -9999 -9999 -9999 -9999 -9999 -9999 -9999 -9999 -9999 -9999 -9999 -9999 -9999 -9999 -9999 -9999 -9999 -9999 -9999 -9999 -9999 -9999 -9999 -9999
-9999 -9999 -9999 -9999 -9999 -9999 -9999 -9999 -9999 -9999 -9999 -9999 -9999 -9999 -9999 -9999 -9999 -9999 -9999 -9999 -9999 -9999 -9999 -9999 -9999 -9999 -9999 -9999 -9999 -9999 -9999 -9999 -9999 -9999 -9999 -9999 -9999 -9999 -9999 -9999 -9999 -9999 -9999 -9999 -9999 -9999 -9999 -9999 -9999 -9999 -9999 -9999 -9999 -9999 -9999 -9999 -9999 -9999 -9999 -9999 -9999 -9999 -9999 -9999 -9999 -9999 -9999 -9999 -9999 -9999 -9999 -9999 -9999 -9999 -9999 -9999 -9999
-9999 -9999 -9999 -9999 -9999 -9999 -9999 -9999 -9999 -9999 -9999 -9999 -9999 -9999 -9999 -9999 -9999 -9999 -9999 -9999 -9999 -9999 -9999 -9999 -9999 -9999 -9999 -9999 -9999 -9999 -9999 -9999 -9999 -9999 -9999 -9999 -9999 -9999 -9999 -9999 -9999 -9999 -9999 -9999 -9999 -9999 -9999 -9999 -9999 -9999 -9999 -9999 -9999 -9999 -9999 -9999 -9999 -9999 -9999 -9999 -9999 -9999 -9999 -9999 -9999 -9999 -9999 -9999 -9999 -9999 -9999 -9999 -9999 -9999 -9999 -9999 -9999
-9999 -9999 -9999 -9999 -9999 -9999 -9999 -9999 -9999 -9999 -9999 -9999 -9999 -9999 -9999 -9999 -9999 -9999 -9999 -9999 -9999 -9999 -9999 -9999 -9999 -9999 -9999 -9999 -9999 -9999 -9999 -9999 -9999 -9999 -9999 -9999 -9999 -9999 -9999 -9999 -9999 -9999 -9999 -9999 -9999 -9999 -9999 -9999 -9999 -9999 -9999 -9999 -9999 -9999 -9999 -9999 -9999 -9999 -9999 -9999 -9999 -9999 -9999 -9999 -9999 -9999 -9999 -9999 -9999 -9999 -9999 -9999 -9999 -9999 -9999 -9999 -9999
-9999 -9999 -9999 -9999 -9999 -9999 -9999 -9999 -9999 -9999 -9999 -9999 -9999 -9999 -9999 -9999 -9999 -9999 -9999 -9999 -9999 -9999 -9999 -9999 -9999 -9999 -9999 -9999 -9999 -9999 -9999 -9999 -9999 -9999 -9999 -9999 -9999 -9999 -9999 -9999 -9999 -9999 -9999 -9999 -9999 -9999 -9999 -9999 -9999 -9999 -9999 -9999 -9999 -9999 -9999 -9999 -9999 -9999 -9999 -9999 -9999 -9999 -9999 -9999 -9999 -9999 -9999 -9999 -9999 -9999 -9999 -9999 -9999 -9999 -9999 -9999 -9999
-9999 -9999 -9999 -9999 -9999 -9999 -9999 -9999 -9999 -9999 -9999 -9999 -9999 -9999 -9999 -9999 -9999 -9999 -9999 -9999 -9999 -9999 -9999 -9999 -9999 -9999 -9999 -9999 -9999 -9999 -9999 -9999 -9999 -9999 -9999 -9999 -9999 -9999 -9999 -9999 -9999 -9999 -9999 -9999 -9999 -9999 -9999 -9999 -9999 -9999 -9999 -9999 -9999 -9999 -9999 -9999 -9999 -9999 -9999 -9999 -9999 -9999 -9999 -9999 -9999 -9999 -9999 -9999 -9999 -9999 -9999 -9999 -9999 -9999 -9999 -9999 -9999
-9999 -9999 -9999 -9999 -9999 -9999 -9999 -9999 -9999 -9999 -9999 -9999 -9999 -9999 -9999 -9999 -9999 -9999 -9999 -9999 -9999 -9999 -9999 -9999 -9999 -9999 -9999 -9999 -9999 -9999 -9999 -9999 -9999 -9999 -9999 -9999 -9999 -9999 -9999 -9999 -9999 -9999 -9999 -9999 -9999 -9999 -9999 -9999 -9999 -9999 -9999 -9999 -9999 -9999 -9999 -9999 -9999 -9999 -9999 -9999 -9999 -9999 -9999 -9999 -9999 -9999 -9999 -9999 -9999 -9999 -9999 -9999 -9999 -9999 -9999 -9999 -9999
