Model and model input files/precip_2008.asc
ncols         625
nrows         453
xllcorner     138621.56993419
yllcorner     4094031.9406744
cellsize      1000
NODATA_value  -9999
[rows 34 to 67 of 453, columns 0 to 76 of 625]
-9999 -9999 -9999 -9999 -9999 -9999 -9999 -9999 -9999 -9999 -9999 -9999 -9999 -9999 -9999 -9999 -9999 290.38 285.6451 285.69 285.69 286.5635 269.57 269.57 269.57 292.6183 292.4 292.4 293.6842 268.7 268.7 268.7 222.25 222.69 222.69 223.2243 212.83 212.83 212.83 213.4155 213.41 213.41 213.41 221.4057 221.33 221.33 234.4005 235.94 235.94 235.94 264.35 264.35 264.35 281.9741 284.05 284.05 282.2526 317.22 317.22 317.22 313.892 313.5 313.5 313.5 280.7296 281.04 281.04 281.0227 281.36 281.36 281.36 291.1225 291.03 291.03 290.6501 298.04 298.04
-9999 -9999 -9999 -9999 -9999 -9999 -9999 -9999 -9999 -9999 -9999 -9999 -9999 -9999 -9999 -9999 -9999 280.26 277.9683 277.99 277.99 278.2436 273.31 273.31 273.31 286.4949 286.37 291.7646 293.6842 268.7 268.7 268.7 222.25 222.69 222.69 223.2243 212.83 212.83 212.83 213.4155 213.41 213.41 212.9808 221.33 221.33 221.33 234.4005 235.94 235.94 235.94 264.35 264.35 264.35 281.9741 284.05 284.05 282.2526 317.22 317.22 317.22 313.892 313.5 313.5 315.2589 281.04 281.04 281.04 281.0227 281.36 281.36 281.36 291.1225 291.03 291.03 290.6501 298.04 298.04
-9999 -9999 -9999 -9999 -9999 -9999 -9999 -9999 -9999 -9999 -9999 -9999 -9999 -9999 -9999 -9999 -9999 280.26 277.9683 277.99 277.99 273.8032 273.31 273.31 273.31 286.4949 286.37 286.37 287.1216 272.5 272.5 272.5 283.0499 282.95 282.95 284.2289 259.35 259.35 259.35 232.7985 233.05 233.05 233.2868 228.68 228.68 228.68 248.4674 248.28 248.28 237.2403 264.35 264.35 264.35 281.9741 284.05 284.05 282.2526 317.22 317.22 317.22 313.892 313.5 313.5 315.2589 281.04 281.04 281.04 281.3263 281.36 281.36 281.36 291.1225 291.03 291.03 290.6501 298.04 298.04
-9999 -9999 -9999 -9999 -9999 -9999 -9999 -9999 -9999 -9999 -9999 -9999 -9999 -9999 -9999 -9999 -9999 280.26 277.9683 277.99 277.99 273.8032 273.31 273.31 273.31 286.37 286.37 286.37 287.1216 272.5 272.5 272.5 283.0499 282.95 282.95 284.2289 259.35 259.35 259.35 232.7985 233.05 233.05 233.2868 228.68 228.68 228.68 248.4674 248.28 248.28 248.28 264.36 264.36 264.36 276.5716 278.01 278.01 277.2752 291.57 291.57 291.57 305.0878 306.68 306.68 307.1173 298.61 298.61 298.61 285.5485 284.01 284.01 283.751 288.79 288.6686 291.03 290.6501 298.04 298.04
-9999 -9999 -9999 -9999 -9999 -9999 -9999 -9999 -9999 -9999 -9999 -9999 -9999 -9999 -9999 -9999 -9999 280.26 277.9683 277.99 277.99 273.8032 273.31 273.31 273.31 286.37 286.37 286.37 273.9615 272.5 272.5 272.5 283.0499 282.95 282.95 284.2289 259.35 259.35 259.35 232.7985 233.05 233.05 233.2868 228.68 228.68 228.68 248.4674 248.28 248.28 247.4087 264.36 264.36 264.36 276.5716 278.01 278.01 277.2752 291.57 291.57 291.57 305.0878 306.68 306.68 307.1173 298.61 298.61 298.61 285.5485 284.01 284.01 283.751 288.79 288.79 288.79 300.8317 302.25 302.25
-9999 -9999 -9999 -9999 -9999 -9999 -9999 -9999 -9999 -9999 -9999 -9999 -9999 -9999 -9999 -9999 -9999 280.26 277.9683 277.99 277.99 273.8032 273.31 273.31 273.31 286.37 286.37 286.37 273.9615 272.5 272.5 271.9337 282.95 282.95 282.95 284.2289 259.35 259.35 259.35 232.7985 233.05 233.05 233.2868 228.68 228.68 228.68 248.4674 248.28 248.28 247.4087 264.36 264.36 264.36 278.1405 278.01 278.01 277.2752 291.57 291.57 291.57 305.0878 306.68 306.68 307.1173 298.61 298.61 298.61 285.5485 284.01 284.01 283.751 288.79 288.79 288.79 300.8317 302.25 302.25
-9999 -9999 -9999 -9999 -9999 -9999 -9999 -9999 -9999 -9999 -9999 -9999 -9999 -9999 -9999 -9999 -9999 299.1 328.024 327.75 327.75 287.3756 282.62 282.62 282.62 275.4 275.4 275.4 295.8601 298.27 298.27 296.614 328.83 328.83 328.83 321.2525 320.36 258.7666 259.35 232.7985 233.05 233.05 233.2868 228.68 228.68 228.68 248.4674 248.28 248.28 247.4087 264.36 264.36 264.36 278.1405 278.01 278.01 290.1411 291.57 291.57 291.57 305.0878 306.68 306.68 307.1173 298.61 298.61 298.61 285.5485 284.01 284.01 283.751 288.79 288.79 288.79 300.8317 302.25 302.25
-9999 -9999 -9999 -9999 -9999 -9999 -9999 -9999 -9999 -9999 -9999 -9999 -9999 -9999 -9999 -9999 -9999 297.5475 327.75 327.75 327.75 287.3756 282.62 282.62 282.62 275.4 275.4 275.4 295.8601 298.27 298.27 296.614 328.83 328.83 328.83 321.2525 320.36 320.36 323.1609 268.67 268.67 268.67 269.5527 252.38 252.38 252.38 256.075 256.04 256.04 255.0457 274.39 274.39 274.39 277.0552 277.03 277.03 286.0747 287.14 287.14 291.1032 306.8245 306.68 306.68 307.1173 298.61 298.61 298.61 285.5485 284.01 284.01 283.751 288.79 288.79 288.79 300.8317 302.25 302.25
-9999 -9999 -9999 -9999 -9999 -9999 -9999 -9999 -9999 -9999 -9999 -9999 -9999 -9999 -9999 -9999 -9999 297.5475 327.75 327.75 327.75 282.1884 282.62 282.62 282.62 275.4 275.4 275.4 295.8601 298.27 298.27 296.614 328.83 328.83 328.83 321.2525 320.36 320.36 323.1609 268.67 268.67 268.67 269.5527 252.38 252.38 252.38 256.075 256.04 256.04 255.0457 274.39 274.39 274.39 277.0552 277.03 277.03 286.0747 287.14 287.14 287.14 293.0359 292.98 292.98 293.4265 284.74 284.74 284.74 284.8474 284.86 284.86 284.3923 293.49 293.49 293.49 304.4492 305.74 305.74
-9999 -9999 -9999 -9999 -9999 -9999 -9999 -9999 -9999 -9999 -9999 -9999 -9999 -9999 -9999 -9999 -9999 297.5475 327.75 327.75 327.75 282.1884 282.62 282.62 282.62 275.4 275.4 275.4 295.8601 298.27 298.27 296.614 328.83 328.83 328.83 321.2525 320.36 320.36 323.1609 268.67 268.67 268.67 254.0966 252.38 252.38 252.38 256.075 256.04 256.04 255.0457 274.39 274.39 274.39 277.0552 277.03 277.03 286.0747 287.14 287.14 287.14 293.0359 292.98 292.98 285.6083 284.74 284.74 284.74 284.8474 284.86 284.86 284.3923 293.49 293.49 293.49 304.4492 305.74 305.74
-9999 -9999 -9999 -9999 -9999 -9999 -9999 -9999 -9999 -9999 -9999 -9999 -9999 -9999 -9999 -9999 -9999 260.03 291.74 291.74 291.74 315.0508 314.83 314.83 316.1706 275.2595 275.4 275.4 295.8601 298.27 298.27 296.614 328.83 328.83 328.83 321.2525 320.36 320.36 323.1609 268.67 268.67 268.67 254.0966 252.38 252.38 252.1817 256.04 256.04 256.04 255.0457 274.39 274.39 274.39 277.0552 277.03 277.03 286.0747 287.14 287.14 287.14 293.0359 292.98 292.98 285.6083 284.74 284.74 284.74 284.8611 284.86 284.86 284.3923 293.49 293.49 293.49 304.4492 305.74 305.74
-9999 -9999 -9999 -9999 -9999 -9999 -9999 -9999 -9999 -9999 -9999 -9999 -9999 -9999 -9999 -9999 -9999 260.03 291.74 291.74 291.74 315.0508 314.83 314.83 316.1706 290.09 290.09 290.09 333.9252 333.51 333.51 332.6381 349.6 349.6 349.6 347.8018 347.59 347.59 348.3053 334.39 334.39 334.39 338.7289 339.24 339.24 340.1942 325.1842 256.04 256.04 272.4564 274.39 274.39 274.39 277.0552 277.03 277.03 286.0747 287.14 287.14 287.14 293.0359 292.98 292.98 285.6083 284.74 284.74 284.74 284.8611 284.86 284.86 292.5806 293.49 293.49 293.49 304.4492 305.74 305.74
-9999 -9999 -9999 -9999 -9999 -9999 -9999 -9999 -9999 -9999 -9999 -9999 -9999 -9999 -9999 -9999 -9999 260.03 291.74 291.74 291.74 315.0508 314.83 314.83 316.1706 290.09 290.09 290.09 333.9252 333.51 333.51 347.9045 349.6 349.6 349.6 347.8018 347.59 347.59 348.3053 334.39 334.39 334.39 338.7289 339.24 339.24 340.1942 321.63 321.63 321.63 307.9154 306.3 306.3 306.7514 297.97 297.97 297.97 292.2712 291.6 291.6 291.6 276.5172 276.66 276.66 277.0447 277.09 277.09 277.09 284.7021 284.63 284.63 292.5828 293.49 293.49 293.49 305.8571 305.74 305.74
-9999 -9999 -9999 -9999 -9999 -9999 -9999 -9999 -9999 -9999 -9999 -9999 -9999 -9999 -9999 -9999 -9999 260.03 291.74 291.74 291.74 315.0508 314.83 314.83 316.1706 290.09 290.09 290.09 333.9252 333.51 333.51 347.9045 349.6 349.6 349.6 347.5708 347.59 347.59 348.3053 334.39 334.39 334.39 338.7289 339.24 339.24 340.1942 321.63 321.63 321.63 307.9154 306.3 306.3 306.7514 297.97 297.97 297.97 292.2712 291.6 291.6 291.6 276.5172 276.66 276.66 277.0447 277.09 277.09 277.09 284.7021 284.63 284.63 285.453 285.55 285.55 285.55 296.8167 296.71 296.71
-9999 -9999 -9999 -9999 -9999 -9999 -9999 -9999 -9999 -9999 -9999 -9999 -9999 -9999 -9999 -9999 -9999 288.5703 291.74 291.74 291.74 315.0508 314.83 314.83 316.1706 290.09 290.09 290.09 333.9252 333.51 333.51 347.9045 349.6 349.6 349.6 347.5708 347.59 347.59 348.3053 334.39 334.39 334.39 338.7289 339.24 339.24 340.1942 321.63 321.63 321.63 307.9154 306.3 306.3 306.7514 297.97 297.97 297.97 291.5391 291.6 291.6 291.6 276.5172 276.66 276.66 277.0447 277.09 277.09 277.09 284.7021 284.63 284.63 285.453 285.55 285.55 285.55 296.8167 296.71 296.71
-9999 -9999 -9999 -9999 -9999 -9999 -9999 -9999 -9999 -9999 -9999 -9999 -9999 -9999 -9999 -9999 -9999 274.1128 276.41 276.41 276.6512 271.96 271.96 271.96 271.6712 277.29 277.29 288.7412 333.9252 333.51 333.51 347.9045 349.6 349.6 349.6 347.5708 347.59 347.59 335.781 334.39 334.39 334.39 338.7289 339.24 339.24 340.1942 321.63 321.63 321.63 307.9154 306.3 306.3 306.7514 297.97 297.97 297.97 291.5391 291.6 291.6 292.4096 276.66 276.66 276.66 277.0447 277.09 277.09 277.09 284.7021 284.63 284.63 285.453 285.55 285.55 285.55 296.8167 296.71 296.71
-9999 -9999 -9999 -9999 -9999 -9999 -9999 -9999 -9999 -9999 -9999 -9999 -9999 -9999 -9999 -9999 -9999 274.1128 276.41 276.41 276.6512 271.96 271.96 271.96 276.7284 277.29 277.29 277.29 297.2793 297.09 297.09 314.4547 316.5 316.5 316.5 325.0005 324.92 324.92 332.3991 333.28 333.28 333.28 349.9479 349.79 349.79 349.6681 352.04 352.04 352.04 351.7179 351.68 351.68 351.6106 352.96 352.96 352.96 338.2608 291.1525 291.6 292.4096 276.66 276.66 276.66 277.0941 277.09 277.09 277.09 284.7021 284.63 284.63 285.453 285.55 285.55 285.55 296.8167 296.71 296.71
-9999 -9999 -9999 -9999 -9999 -9999 -9999 -9999 -9999 -9999 -9999 -9999 -9999 -9999 -9999 -9999 -9999 274.1128 276.41 276.41 276.6512 271.96 271.96 271.96 276.7284 277.29 277.29 277.29 297.2793 297.09 297.09 314.4547 316.5 316.5 316.5 325.0005 324.92 324.92 332.3991 333.28 333.28 333.28 349.9479 349.79 349.79 351.8029 352.04 352.04 352.04 351.7179 351.68 351.68 351.6106 352.96 352.96 352.96 338.2608 338.4 338.4 339.2497 322.72 322.72 322.72 323.2752 323.27 323.27 323.27 306.0267 306.19 306.19 298.8809 298.02 298.02 298.02 314.9706 314.81 314.81
-9999 -9999 -9999 -9999 -9999 -9999 -9999 -9999 -9999 -9999 -9999 -9999 -9999 -9999 -9999 -9999 -9999 274.1128 276.41 276.41 276.6512 271.96 271.96 271.96 276.7284 277.29 277.29 276.2171 297.09 297.09 297.09 314.4547 316.5 316.5 316.5 325.0005 324.92 324.92 332.3991 333.28 333.28 333.28 349.9479 349.79 349.79 351.8029 352.04 352.04 352.04 351.7179 351.68 351.68 351.6106 352.96 352.96 352.96 338.2608 338.4 338.4 339.2497 322.72 322.72 322.72 323.2752 323.27 323.27 324.1955 306.19 306.19 306.19 298.8809 298.02 298.02 298.02 314.9706 314.81 314.81
-9999 -9999 -9999 -9999 -9999 -9999 -9999 -9999 -9999 -9999 -9999 -9999 -9999 -9999 -9999 -9999 -9999 274.1128 276.41 276.41 276.6512 271.96 271.96 271.96 276.7284 277.29 277.29 276.2171 297.09 297.09 297.09 316.6856 316.5 316.5 316.5 325.0005 324.92 324.92 332.3991 333.28 333.28 333.28 349.9479 349.79 349.79 351.8029 352.04 352.04 352.04 351.6765 351.68 351.68 351.6106 352.96 352.96 352.96 338.2608 338.4 338.4 339.2497 322.72 322.72 322.72 323.2752 323.27 323.27 324.1955 306.19 306.19 306.19 297.9419 298.02 298.02 298.02 314.9706 314.81 314.81
-9999 -9999 -9999 -9999 -9999 -9999 -9999 -9999 -9999 -9999 -9999 -9999 -9999 -9999 -9999 -9999 -9999 282.5469 281.98 281.98 282.9749 263.62 263.62 263.62 270.4102 271.21 271.21 270.9504 276 276 276 285.7221 285.63 285.63 285.63 287.851 287.83 321.0117 332.3991 333.28 333.28 333.28 349.9479 349.79 349.79 351.8029 352.04 352.04 352.04 351.6765 351.68 351.68 352.8251 352.96 352.96 352.96 338.2608 338.4 338.4 339.2497 322.72 322.72 322.72 323.2752 323.27 323.27 324.1955 306.19 306.19 306.19 297.9419 298.02 298.02 298.02 314.9706 314.81 314.81
-9999 -9999 -9999 -9999 -9999 -9999 -9999 -9999 -9999 -9999 -9999 -9999 -9999 -9999 -9999 -9999 -9999 281.9286 281.98 281.98 282.9749 263.62 263.62 263.62 270.4102 271.21 271.21 270.9504 276 276 276 285.7221 285.63 285.63 285.5108 287.83 287.83 287.83 279.7784 278.83 278.83 278.83 292.5096 292.38 292.38 324.6491 328.45 328.45 328.45 337.6572 337.57 337.57 343.5282 344.23 344.23 344.23 345.57 345.57 345.57 346.8082 322.72 322.72 322.72 323.2752 323.27 323.27 324.1955 306.19 306.19 306.19 297.9419 298.02 298.02 297.1102 314.81 314.81 314.81
-9999 -9999 -9999 -9999 -9999 -9999 -9999 -9999 -9999 -9999 -9999 -9999 -9999 -9999 -9999 -9999 -9999 281.9286 281.98 281.98 265.5547 263.62 263.62 263.62 270.4102 271.21 271.21 270.9504 276 276 276 285.7221 285.63 285.63 285.5108 287.83 287.83 287.83 278.7439 278.83 278.83 278.83 292.5096 292.38 292.38 324.6491 328.45 328.45 328.45 337.6572 337.57 337.57 343.5282 344.23 344.23 344.23 345.57 345.57 345.57 345.7304 342.61 342.61 342.61 318.2795 318.51 318.51 319.5341 299.61 299.61 299.61 303.2848 303.25 303.25 300.1917 359.69 359.69 359.69
-9999 -9999 -9999 -9999 -9999 -9999 -9999 -9999 -9999 -9999 -9999 -9999 -9999 -9999 -9999 -9999 -9999 281.9286 281.98 281.98 265.5547 263.62 263.62 263.62 271.2826 271.21 271.21 270.9504 276 276 276 285.7221 285.63 285.63 285.5108 287.83 287.83 287.83 278.7439 278.83 278.83 278.0957 292.38 292.38 292.38 324.6491 328.45 328.45 328.45 337.6572 337.57 337.57 343.5282 344.23 344.23 344.23 345.57 345.57 345.57 342.9219 342.61 342.61 342.61 318.2795 318.51 318.51 319.5341 299.61 299.61 299.61 303.2848 303.25 303.25 300.1917 359.69 359.69 359.69
-9999 -9999 -9999 -9999 -9999 -9999 -9999 -9999 -9999 -9999 -9999 -9999 -9999 -9999 -9999 -9999 -9999 295.6537 295.71 295.71 298.9575 299.34 299.34 299.34 291.7885 271.0125 271.21 270.9504 276 276 276 285.7221 285.63 285.63 285.5108 287.83 287.83 287.83 278.7439 278.83 278.83 278.0957 292.38 292.38 292.38 324.6491 328.45 328.45 328.45 337.6572 337.57 337.57 343.5282 344.23 344.23 344.23 345.57 345.57 345.57 342.9219 342.61 342.61 343.9159 318.51 318.51 318.51 319.5341 299.61 299.61 299.61 303.2848 303.25 303.25 300.1917 359.69 359.69 359.69
-9999 -9999 -9999 -9999 -9999 -9999 -9999 -9999 -9999 -9999 -9999 -9999 -9999 -9999 -9999 -9999 -9999 295.6537 295.71 295.71 298.9575 299.34 299.34 299.34 291.7885 291.86 291.86 290.2675 290.08 290.08 290.08 277.8643 277.98 277.98 277.9312 278.88 278.88 278.88 289.5309 289.43 289.43 287.7334 320.74 320.74 320.74 316.2878 316.33 328.5659 328.45 337.6572 337.57 337.57 343.5282 344.23 344.23 344.23 345.57 345.57 345.57 342.9219 342.61 342.61 343.9159 318.51 318.51 318.51 319.5341 299.61 299.61 299.61 303.2848 303.25 303.25 300.1917 359.69 359.69 359.69
-9999 -9999 -9999 -9999 -9999 -9999 -9999 -9999 -9999 -9999 -9999 -9999 -9999 -9999 -9999 -9999 -9999 295.6537 295.71 295.71 298.9575 299.34 299.34 299.34 291.7885 291.86 291.86 290.2675 290.08 290.08 290.08 277.98 277.98 277.98 277.9312 278.88 278.88 278.88 289.5309 289.43 289.43 287.7334 320.74 320.74 320.74 316.2878 316.33 316.33 317.2523 299.31 299.31 299.31 302.0655 302.39 302.39 302.39 300.94 300.94 300.94 290.7055 289.5 289.5 289.7655 284.6 284.6 284.6 286.7829 287.04 287.04 287.04 302.6844 303.25 303.25 300.1917 359.69 359.69 359.69
-9999 -9999 -9999 -9999 -9999 -9999 -9999 -9999 -9999 -9999 -9999 -9999 -9999 -9999 -9999 -9999 -9999 295.6537 295.71 295.71 298.9575 299.34 299.34 299.34 291.7885 291.86 291.86 290.2675 290.08 290.08 290.08 277.98 277.98 277.98 277.9312 278.88 278.88 278.88 289.5309 289.43 289.43 287.7334 320.74 320.74 320.74 316.2878 316.33 316.33 317.2523 299.31 299.31 299.31 302.0655 302.39 302.39 302.39 300.94 300.94 300.94 290.7055 289.5 289.5 289.7655 284.6 284.6 284.6 286.7829 287.04 287.04 286.5014 296.98 296.98 296.98 295.1935 329.95 329.95 329.95
-9999 -9999 -9999 -9999 -9999 -9999 -9999 -9999 -9999 -9999 -9999 -9999 -9999 -9999 -9999 -9999 -9999 295.71 295.71 295.71 298.9575 299.34 299.34 299.34 291.7885 291.86 291.86 290.2675 290.08 290.08 290.08 277.98 277.98 277.98 278.7852 278.88 278.88 278.88 289.5309 289.43 289.43 287.7334 320.74 320.74 320.74 316.2878 316.33 316.33 317.2523 299.31 299.31 299.31 302.4195 302.39 302.39 302.39 300.94 300.94 300.94 290.7055 289.5 289.5 289.7655 284.6 284.6 284.6 286.7829 287.04 287.04 286.5014 296.98 296.98 296.98 295.1935 329.95 329.95 329.95
-9999 -9999 -9999 -9999 -9999 -9999 -9999 -9999 -9999 -9999 -9999 -9999 -9999 -9999 -9999 -9999 -9999 337.63 337.63 337.63 356.9328 356.75 356.75 356.75 376.7393 376.55 376.55 359.2658 357.23 357.23 357.23 342.95 342.95 342.95 410.2294 278.88 278.88 278.88 289.43 289.43 289.43 287.7334 320.74 320.74 320.74 316.2878 316.33 316.33 317.2523 299.31 299.31 299.31 302.4195 302.39 302.39 302.4686 300.94 300.94 300.94 290.7055 289.5 289.5 289.7655 284.6 284.6 284.6 286.7829 287.04 287.04 286.5014 296.98 296.98 296.98 326.4758 329.95 329.95 329.95
-9999 -9999 -9999 -9999 -9999 -9999 -9999 -9999 -9999 -9999 -9999 -9999 -9999 -9999 -9999 -9999 -9999 337.63 337.63 337.63 356.9328 356.75 356.75 356.75 376.7393 376.55 376.55 359.2658 357.23 357.23 357.23 342.95 342.95 342.95 403.1136 410.2 410.2 410.2 426.91 426.91 426.91 426.6396 431.9 431.9 431.9 401.4415 401.73 401.73 402.6057 385.57 385.57 385.57 365.0052 365.2 365.2 367.0744 330.61 304.0665 300.94 290.7055 289.5 289.5 289.7655 284.6 284.6 284.6 286.7829 287.04 287.04 286.5014 296.98 296.98 296.98 326.4758 329.95 329.95 329.503
-9999 -9999 -9999 -9999 -9999 -9999 -9999 -9999 -9999 -9999 -9999 -9999 -9999 -9999 -9999 -9999 -9999 337.63 337.63 337.63 356.9328 356.75 356.75 355.6771 376.55 376.55 376.55 359.2658 357.23 357.23 357.23 342.95 342.95 342.95 403.1136 410.2 410.2 410.2 426.91 426.91 426.91 431.3742 431.9 431.9 431.9 401.4415 401.73 401.73 402.6057 385.57 385.57 385.57 365.0052 365.2 365.2 367.0744 330.61 330.61 330.61 296.2243 296.55 296.55 296.7332 293.17 293.17 293.17 296.6501 297.06 297.06 294.7906 338.94 338.94 338.94 345.6765 346.47 346.47 346.4765
-9999 -9999 -9999 -9999 -9999 -9999 -9999 -9999 -9999 -9999 -9999 -9999 -9999 -9999 -9999 -9999 -9999 337.63 337.63 337.63 356.9328 356.75 356.75 355.6771 376.55 376.55 376.55 357.0453 357.23 357.23 357.23 342.95 342.95 342.95 403.1136 410.2 410.2 410.2 426.91 426.91 426.91 431.3742 431.9 431.9 433.5348 401.73 401.73 401.73 402.6057 385.57 385.57 385.57 365.0052 365.2 365.2 367.0744 330.61 330.61 330.61 296.2243 296.55 296.55 293.5262 293.17 293.17 293.17 296.6501 297.06 297.06 294.7906 338.94 338.94 338.94 345.6765 346.47 346.47 346.4765
-9999 -9999 -9999 -9999 -9999 -9999 -9999 -9999 -9999 -9999 -9999 -9999 -9999 -9999 -9999 -9999 -9999 337.63 337.63 337.63 356.9328 356.75 356.75 355.6771 376.55 376.55 376.55 357.0453 357.23 357.23 357.23 342.95 342.95 342.95 403.1136 410.2 410.2 410.2 426.91 426.91 426.91 431.3742 431.9 431.9 433.5348 401.73 401.73 401.73 402.6057 385.57 385.57 385.57 365.0052 365.2 365.2 367.0744 330.61 330.61 330.61 296.2243 296.55 296.55 293.5262 293.17 293.17 293.17 296.6501 297.06 297.06 294.7906 338.94 338.94 338.94 345.6765 346.47 346.47 346.4765
