Model and model input files/precip_30yr_avg.asc
ncols         625
nrows         453
xllcorner     138621.56993419
yllcorner     4094031.9406744
cellsize      1000
NODATA_value  -9999
[rows 102 to 135 of 453, columns 0 to 76 of 625]
-9999 -9999 -9999 -9999 -9999 -9999 -9999 -9999 -9999 -9999 -9999 -9999 -9999 -9999 -9999 -9999 -9999 232.4424 234.9141 243.5354 248.1151 257.7603 265.4094 272.49 276.6619 268.3053 262.4615 260.8454 261.6537 261.1276 261.4431 262.7422 263.5099 265.5381 266.9505 268.06 269.9248 270.7306 271.775 272.6875 273.3104 275.67 277.9003 281.2091 291.5531 303.2594 310.4669 314.8815 313.8299 309.1876 307.061 308.3403 310.0677 317.5681 325.4496 346.4003 353.3238 404.3572 470.4809 494.3876 503.7026 467.8484 456.9734 445.8465 423.552 399.9119 391.3677 386.764 381.6686 379.2329 371.6197 364.3324 357.67 347.1596 345.1943 351.19 373.2039
-9999 -9999 -9999 -9999 -9999 -9999 -9999 -9999 -9999 -9999 -9999 -9999 -9999 -9999 -9999 -9999 -9999 234.5638 236.7931 243.9664 251.554 256.3028 261.4315 265.7927 262.9002 258.8071 257.2356 257.3087 258.7032 259.5194 260.6786 262.996 264.1681 266.8083 267.4934 268.5986 271.1518 272.2302 273.5743 274.705 275.9133 278.6562 280.3078 285.9192 296.9473 310.0733 317.3776 320.223 317.6332 316.0917 313.3286 314.3951 318.9681 335.8441 356.3604 386.3712 425.1133 444.3636 490.6564 506.5979 507.8296 467.0059 456.1826 444.5881 426.1184 401.8049 395.4607 391.6331 388.4994 385.7342 375.7712 368.5203 363.5554 354.7979 351.5539 348.544 354.0208
-9999 -9999 -9999 -9999 -9999 -9999 -9999 -9999 -9999 -9999 -9999 -9999 -9999 -9999 -9999 -9999 -9999 237.6561 237.7778 242.0633 246.3197 251.0256 253.8533 256.0904 253.8797 254.4269 255.7229 256.4094 258.4406 259.2339 260.9661 264.1973 265.7755 269.1452 271.4203 271.154 274.4764 276.2345 277.3327 278.406 281.3848 283.4825 284.6771 293.4405 300.7132 312.4656 319.458 321.5488 319.3164 319.1922 318.7916 324.4052 329.0505 358.9595 387.5177 417.5831 458.6574 481.2902 504.5676 514.1263 493.2841 472.2079 458.3539 445.7161 431.3165 409.907 402.7104 397.512 391.7851 386.1417 376.3814 371.0222 368.279 363.2061 357.841 353.2335 352.9297
-9999 -9999 -9999 -9999 -9999 -9999 -9999 -9999 -9999 -9999 -9999 -9999 -9999 -9999 -9999 -9999 -9999 239.374 238.4795 239.6303 242.831 246.3279 247.9355 249.3597 251.9027 252.1379 256.1298 258.0071 260.875 262.233 263.2987 266.016 268.9063 272.1656 274.4837 275.915 279.134 280.9017 281.7216 282.1095 285.8105 288.495 290.8599 295.0078 299.2821 307.6 314.5082 317.8273 320.6711 318.5527 321.4505 326.9357 344.5619 380.5747 406.0974 432.0901 470.0515 506.2765 517.6993 523.9371 494.3669 480.3498 465.2753 449.8148 441.3916 423.2369 410.4016 402.3093 390.135 385.6421 377.1302 374.017 373.4388 369.6515 364.2039 358.0412 352.3916
-9999 -9999 -9999 -9999 -9999 -9999 -9999 -9999 -9999 -9999 -9999 -9999 -9999 -9999 -9999 -9999 -9999 240.342 235.2766 237.4748 242.588 246.2984 246.2042 248.3569 249.237 252.6924 257.6495 260.4009 264.1027 264.829 265.3898 268.1434 272.0933 274.9702 277.8037 281.927 283.2257 284.7867 285.4084 284.7896 288.3895 292.105 294.616 295.6554 298.1792 303.5457 308.6062 313.0668 319.2662 320.8609 321.6754 330.002 373.4395 398.6799 421.288 456.4595 475.9094 513.6252 532.598 533.3734 502.6176 494.4621 475.7591 455.2393 446.9803 427.0673 414.8391 402.7299 389.4788 382.6861 380.0659 379.3224 378.336 375.1205 367.8104 358.1865 354.7508
-9999 -9999 -9999 -9999 -9999 -9999 -9999 -9999 -9999 -9999 -9999 -9999 -9999 -9999 -9999 -9999 -9999 236.3004 234.4118 237.4364 245.037 250.0224 248.5382 250.2172 251.9547 254.4983 259.5465 266.2293 267.8604 267.8983 268.9706 270.6133 274.5589 278.0947 280.9944 286.0367 288.5991 288.6082 287.1414 286.3265 289.3539 293.9885 296.9349 300.5468 299.8417 301.9163 305.993 310.7724 321.6337 324.9941 325.9245 334.8168 379.9542 410.5238 433.9087 462.5786 480.4933 520.8164 544.4787 549.5727 513.3853 505.9281 488.8628 460.7256 449.9785 427.3505 414.3739 402.3796 389.2627 385.2388 384.7456 384.3842 383.0049 378.3551 369.7154 358.8767 355.7394
-9999 -9999 -9999 -9999 -9999 -9999 -9999 -9999 -9999 -9999 -9999 -9999 -9999 -9999 -9999 -9999 -9999 232.3492 235.0474 240.779 249.0102 255.4003 258.61 254.0589 254.6919 256.2379 262.1043 270.9912 273.3062 272.248 271.7655 273.6115 277.1972 280.7365 283.2595 291.24 293.6061 292.4114 288.2888 286.9283 290.7828 294.38 297.505 303.0356 304.67 305.9566 310.7249 324.8101 332.8778 339.314 336.5842 340.0187 387.5579 416.1079 439.6105 473.8598 491.8295 526.432 553.7945 557.215 520.2019 508.3975 495.0101 464.0638 440.8311 425.7351 411.24 394.6906 389.8394 389.0011 389.595 389.0174 384.42 378.7204 369.6031 359.235 356.4358
-9999 -9999 -9999 -9999 -9999 -9999 -9999 -9999 -9999 -9999 -9999 -9999 -9999 -9999 -9999 -9999 -9999 237.1059 241.1557 247.4348 251.7154 258.6857 264.9711 259.1591 258.6659 260.6035 263.6977 272.0816 275.8752 275.664 274.085 275.1559 278.8183 282.3006 285.7591 291.765 294.2759 293.366 288.8119 289.363 291.2845 294.7806 301.2313 304.3015 314.8342 319.3212 334.1779 356.4606 366.3915 368.4818 351.6216 353.4953 388.9651 414.2201 433.9505 476.1562 497.1251 532.458 553.7003 553.2852 518.1438 506.8602 491.3188 460.7421 439.7828 425.6357 414.7878 400.5363 392.5912 394.9491 394.5744 392.1194 383.5201 377.7083 369.2033 360.0122 357.8526
-9999 -9999 -9999 -9999 -9999 -9999 -9999 -9999 -9999 -9999 -9999 -9999 -9999 -9999 -9999 -9999 -9999 248.2739 249.5457 252.8044 256.3038 260.7325 268.6698 269.1376 264.0108 263.5268 265.4857 270.7881 274.4691 276.56 276.7191 277.5444 281.6577 285.5537 288.9548 294.3493 295.9252 295.0027 290.4048 289.3768 292.3864 297.1968 302.8233 306.5308 324.2663 359.7267 383.616 405.7362 408.2292 398.202 377.4208 380.82 406.7364 414.5941 430.5427 471.0381 504.6147 530.4839 546.7893 534.3831 506.77 495.9791 474.7204 455.4758 440.8835 430.1397 419.6291 409.3781 407.0197 402.4254 399.1635 394.3571 384.2263 377.2484 370.5426 362.4342 364.1728
-9999 -9999 -9999 -9999 -9999 -9999 -9999 -9999 -9999 -9999 -9999 -9999 -9999 -9999 -9999 -9999 -9999 258.3351 258.335 257.6943 257.1186 260.8876 271.2722 273.4469 269.5602 268.8702 268.9976 271.8129 274.1222 275.7948 278.7178 281.663 284.1355 288.2195 293.3346 296.0445 295.0259 290.7036 289.9597 290.5746 293.4998 298.7603 304.317 308.6383 328.1046 383.4021 412.3717 439.3122 434.9179 420.7694 406.118 420.2639 442.0315 451.9597 443.0735 471.4461 500.0227 520.4017 528.4934 509.0644 494.5528 481.2686 463.7464 450.4822 440.0056 431.7025 423.4348 418.7147 417.2023 409.572 402.6303 397.2823 385.9671 379.2274 372.6691 365.2355 367.7813
-9999 -9999 -9999 -9999 -9999 -9999 -9999 -9999 -9999 -9999 -9999 -9999 -9999 -9999 -9999 -9999 -9999 266.3245 264.9309 261.1201 257.0032 260.5648 270.9222 275.052 276.5392 275.3566 273.9519 273.8402 274.1014 277.7115 281.4034 285.1227 286.5841 290.2144 294.446 295.5438 293.2461 288.3141 286.466 290.059 294.4256 299.8562 305.7995 311.332 333.456 385.1707 420.5088 451.8692 446.4555 433.8211 429.3955 459.3389 482.0807 494.0119 474.8857 483.759 501.4156 515.8708 514.089 492.4502 484.0753 473.101 452.3821 445.6039 434.9468 430.0262 423.2507 420.0331 417.9218 413.8729 405.4444 395.729 387.452 380.5137 372.2353 367.9081 370.8029
-9999 -9999 -9999 -9999 -9999 -9999 -9999 -9999 -9999 -9999 -9999 -9999 -9999 -9999 -9999 -9999 -9999 273.035 269.7946 263.7832 257.6725 258.82 267.6478 272.6713 276.5063 278.1939 277.1388 276.2831 276.1297 280.5727 283.3321 288.2023 290.5594 290.9254 294.1934 293.431 290.4171 287.1782 285.623 289.2716 294.3252 300.0132 305.5401 315.7268 337.9542 387.5667 435.0212 452.8857 451.0219 440.8626 448.5395 486.1169 515.3554 529.5613 521.3438 501.4902 506.6739 506.3692 500.0876 473.3729 464.7276 455.719 448.4466 442.1357 425.687 422.3757 420.3502 415.2512 412.0966 406.9109 400.8091 391.5327 386.1018 380.2744 372.4409 369.8981 373.2984
-9999 -9999 -9999 -9999 -9999 -9999 -9999 -9999 -9999 -9999 -9999 -9999 -9999 -9999 -9999 -9999 -9999 280.4335 273.2731 267.1894 259.4785 261.4129 265.944 269.4043 274.6965 276.7625 278.2968 278.1009 279.1127 282.4065 286.0096 290.481 292.4742 291.5755 292.3338 291.4365 289.3408 285.3786 285.6629 287.9924 293.9132 299.5594 305.1446 317.0294 338.5157 384.0698 433.8864 450.9096 454.2595 453.3725 466.1908 508.6195 546.434 555.1791 540.5629 516.4858 511.9326 501.7969 490.5244 466.2924 457.543 448.5693 442.9057 428.1227 417.6018 413.3651 407.896 405.8022 400.1984 394.2612 391.8325 387.0094 383.3622 379.3604 373.8487 372.4655 376.3769
-9999 -9999 -9999 -9999 -9999 -9999 -9999 -9999 -9999 -9999 -9999 -9999 -9999 -9999 -9999 -9999 -9999 287.0455 278.4401 271.1058 263.6217 261.8748 264.1738 266.4915 272.0042 274.5791 278.0613 280.3909 282.1466 287.134 288.7765 291.738 293.4224 292.8552 291.8502 290.6586 289.0797 286.3747 285.9157 287.0617 291.326 300.8967 308.6546 320.6481 352.5351 380.1716 429.3495 449.9399 458.0286 465.6451 479.3285 524.3903 560.2217 569.1047 553.5736 539.5859 515.1324 500.6496 491.8473 467.3746 457.5396 448.3893 433.8145 424.5359 413.5463 405.8386 399.9495 395.0464 391.469 388.8057 387.7375 384.2121 381.3755 378.4717 375.9632 376.7209 380.589
-9999 -9999 -9999 -9999 -9999 -9999 -9999 -9999 -9999 -9999 -9999 -9999 -9999 -9999 -9999 -9999 -9999 291.6089 285.1817 274.7203 269.2951 265.5632 264.6811 265.9328 269.9718 271.5433 276.8555 280.5949 284.1996 291.3064 291.6607 291.8516 292.2102 292.1157 291.3383 290.329 289.3387 288.1724 287.0339 286.9679 291.0004 301.4803 310.4499 322.4447 349.8918 373.2925 422.8078 446.0945 459.5557 476.9621 491.9763 538.1243 570.9343 577.951 561.1077 544.4442 523.9789 501.9583 479.7102 469.0997 459.2603 444.2907 435.2824 422.7812 410.1217 404.9345 396.9925 393.4174 390.6624 387.5862 386.2727 383.0312 379.7997 378.2865 379.2734 381.1006 384.725
-9999 -9999 -9999 -9999 -9999 -9999 -9999 -9999 -9999 -9999 -9999 -9999 -9999 -9999 -9999 -9999 -9999 296.4583 291.0859 279.8294 279.9486 269.4272 267.2933 267.5027 268.8976 270.2043 275.0324 279.3374 284.1744 290.8782 292.4942 292.7349 293.0909 291.6182 292.0463 291.5227 291.9659 291.6009 289.1893 287.8052 289.8878 300.5598 310.498 323.9807 347.5695 365.4466 411.3213 433.9534 454.4225 484.9647 509.5558 550.3079 578.5651 579.1885 562.8881 547.4032 528.6309 504.6382 481.1908 470.6888 460.5959 445.8481 439.0869 427.4019 415.1801 407.8215 398.6891 394.8997 390.4612 387.8628 386.2219 383.0356 380.6829 380.9543 383.3188 386.284 388.4603
-9999 -9999 -9999 -9999 -9999 -9999 -9999 -9999 -9999 -9999 -9999 -9999 -9999 -9999 -9999 -9999 -9999 298.3199 296.7209 288.1144 288.882 273.9943 271.0799 270.3783 269.1413 271.3844 274.8422 279.1038 288.882 291.5517 293.2022 293.1304 293.0924 291.5176 293.2495 294.1712 296.8598 295.6135 291.4419 287.5604 288.2665 299.7553 311.0547 327.2737 349.0787 362.1582 397.679 419.7611 445.9758 487.7306 525.2895 557.7018 581.5823 571.012 559.6568 542.8845 515.0919 503.7742 482.0318 472.1261 465.1189 451.5087 444.3359 433.9091 422.2338 416.352 403.5003 399.2091 393.9859 388.1844 385.9793 384.4591 384.0025 384.5537 387.8922 390.4754 391.7736
-9999 -9999 -9999 -9999 -9999 -9999 -9999 -9999 -9999 -9999 -9999 -9999 -9999 -9999 -9999 -9999 -9999 295.05 298.2295 298.5613 289.1489 283.9588 272.5287 270.9295 271.688 272.1321 277.8855 281.7792 289.4342 294.0118 295.9934 296.7813 293.8559 292.1042 294.692 297.1973 300.2597 298.5652 293.0225 288.3585 288.1651 297.3391 310.3662 329.8002 351.1492 371.8961 389.6727 409.3793 459.9465 486.0933 528.8018 569.1935 581.2589 567.0441 555.2482 537.7373 511.4627 502.2021 485.2435 478.2273 472.9414 459.059 451.3519 438.4302 428.4367 420.574 406.6497 401.5323 394.4472 389.4362 386.6471 386.3053 387.0799 390.1471 392.3091 394.4354 394.8742
-9999 -9999 -9999 -9999 -9999 -9999 -9999 -9999 -9999 -9999 -9999 -9999 -9999 -9999 -9999 -9999 -9999 289.2213 296.5175 304.311 300.0931 291.5938 279.4503 276.6244 276.3336 277.396 280.2067 283.5147 291.6017 295.3013 296.8678 295.0626 293.7576 293.3208 295.4766 298.1412 301.4308 297.1379 294.2602 292.0401 291.6181 296.818 305.0845 322.9875 348.5582 369.0805 385.388 401.5324 449.0165 479.8567 530.6348 576.0131 584.1255 566.5994 554.2145 536.645 513.1453 505.8624 490.296 484.0475 477.8748 461.5273 448.923 439.9517 430.5229 416.4844 409.9767 402.4933 392.766 390.9516 388.2535 389.8122 391.6601 394.9881 396.3729 397.679 396.2616
-9999 -9999 -9999 -9999 -9999 -9999 -9999 -9999 -9999 -9999 -9999 -9999 -9999 -9999 -9999 -9999 -9999 288.8857 308.0287 314.0651 307.9228 301.6983 295.0585 282.2107 281.5924 280.8134 283.3737 286.4659 294.5339 297.9987 298.896 298.2487 294.709 295.7898 297.2949 300.377 301.2173 299.0916 296.4543 296.9644 294.1669 296.6535 305.3344 335.2897 347.6784 368.4786 385.4797 395.4124 436.7825 468.6591 526.9627 578.0566 587.585 568.3223 556.39 539.2059 515.7502 507.9849 490.9862 483.0661 475.4449 457.4522 444.5203 436.7694 429.6642 418.072 412.6544 403.856 392.418 392.2742 392.9572 395.0753 398.4518 403.2669 402.2953 399.7923 396.0923
-9999 -9999 -9999 -9999 -9999 -9999 -9999 -9999 -9999 -9999 -9999 -9999 -9999 -9999 -9999 -9999 -9999 295.3192 327.244 335.4342 338.2118 325.7541 310.0012 287.1506 284.8562 285.1765 287.3386 290.3554 296.8772 299.8394 300.4442 300.9885 302.4113 304.106 303.8258 309.7795 307.9077 305.7101 301.1382 299.6434 295.455 298.7792 306.8209 334.2968 346.1808 367.2126 381.9531 391.2495 426.9774 457.4341 515.6075 570.9579 586.7717 570.652 558.0616 540.6004 515.6706 500.6465 487.5454 480.4819 460.527 451.3239 441.8885 433.3605 431.2171 422.0992 417.4691 411.674 397.5646 394.7841 399.2032 402.8632 406.2706 409.5637 406.6194 401.1414 394.4028
-9999 -9999 -9999 -9999 -9999 -9999 -9999 -9999 -9999 -9999 -9999 -9999 -9999 -9999 -9999 -9999 -9999 312.079 362.2581 375.1078 383.2287 368.5747 332.0987 298.8842 290.7528 290.3101 291.7718 296.9448 301.1762 304.6239 308.5843 306.8189 308.8159 310.1642 313.1532 318.2346 320.1721 317.1101 309.7236 303.911 299.0393 301.3093 308.2803 331.6429 342.8895 364.0125 376.2857 386.9816 419.8396 456.1613 495.6864 550.9886 579.2927 572.0304 558.2323 535.2446 513.9858 497.9709 484.8495 476.7158 458.7487 451.4248 443.0998 437.3926 435.2886 426.9555 421.8835 416.859 408.8358 403.2192 404.4544 407.714 410.9598 411.2528 405.7592 399.4973 392.0694
-9999 -9999 -9999 -9999 -9999 -9999 -9999 -9999 -9999 -9999 -9999 -9999 -9999 -9999 -9999 -9999 -9999 333.6031 371.0346 388.5243 389.9763 366.2534 333.7635 304.9307 297.786 297.1024 298.7443 302.3391 307.0157 311.6806 317.9326 316.2416 319.1089 323.7684 324.4889 333.2071 334.3735 330.4977 320.1034 308.4357 301.7866 304.295 308.2908 328.9204 340.081 361.2866 372.7566 382.8119 413.6267 440.9574 474.1323 527.5637 573.6576 572.6965 558.5461 525.3462 512.0762 496.5309 481.765 477.2885 461.6497 456.8119 449.0281 442.2292 437.803 430.0357 425.4221 421.8563 417.9139 411.437 408.0384 409.3897 408.2039 405.6302 400.481 396.0029 390.9389
-9999 -9999 -9999 -9999 -9999 -9999 -9999 -9999 -9999 -9999 -9999 -9999 -9999 -9999 -9999 -9999 -9999 341.2009 363.2458 372.1763 367.0451 339.507 310.9799 307.9152 305.9181 305.8654 307.6318 311.5469 317.129 321.1859 330.9107 336.9166 331.8579 337.2462 338.6276 348.5987 345.8557 338.2606 322.6337 311.4595 301.8892 303.9044 309.7301 329.3056 350.0559 364.463 375.2859 392.6691 408.356 432.0003 481.0695 517.5627 575.2567 581.4432 561.34 525.9713 513.4064 496.6718 482.3197 477.7543 466.3951 461.3522 454.3651 445.1418 440.151 432.4581 429.0926 426.9618 423.705 416.0228 412.0153 408.0087 402.8777 400.8442 398.0606 394.889 393.0826
-9999 -9999 -9999 -9999 -9999 -9999 -9999 -9999 -9999 -9999 -9999 -9999 -9999 -9999 -9999 -9999 -9999 339.2921 341.3844 332.7001 321.9538 313.71 307.2579 307.937 312.3483 320.7302 323.5771 326.6018 334.3513 339.7641 354.5103 361.6012 348.7074 358.5642 358.3052 359.3691 351.8938 339.8891 322.1379 306.9139 302.873 304.6634 314.7943 328.9297 350.7785 366.8354 377.7222 391.9283 404.2856 425.9781 477.6819 516.6372 581.0884 587.543 570.5176 530.2194 515.3215 496.8004 483.0265 479.5029 470.6215 464.2047 456.649 445.8604 437.2748 433.9807 431.3488 430.8971 427.7851 419.913 414.1138 412.627 404.9259 402.2492 400.0384 398.3006 396.7922
-9999 -9999 -9999 -9999 -9999 -9999 -9999 -9999 -9999 -9999 -9999 -9999 -9999 -9999 -9999 -9999 -9999 -9999 -9999 -9999 -9999 -9999 -9999 -9999 -9999 -9999 -9999 -9999 -9999 -9999 -9999 -9999 -9999 -9999 -9999 -9999 -9999 -9999 -9999 -9999 -9999 -9999 -9999 -9999 -9999 -9999 -9999 -9999 -9999 -9999 -9999 -9999 -9999 -9999 -9999 -9999 -9999 -9999 -9999 -9999 -9999 -9999 -9999 -9999 -9999 -9999 -9999 -9999 -9999 -9999 -9999 -9999 -9999 -9999 -9999 -9999 -9999
-9999 -9999 -9999 -9999 -9999 -9999 -9999 -9999 -9999 -9999 -9999 -9999 -9999 -9999 -9999 -9999 -9999 -9999 -9999 -9999 -9999 -9999 -9999 -9999 -9999 -9999 -9999 -9999 -9999 -9999 -9999 -9999 -9999 -9999 -9999 -9999 -9999 -9999 -9999 -9999 -9999 -9999 -9999 -9999 -9999 -9999 -9999 -9999 -9999 -9999 -9999 -9999 -9999 -9999 -9999 -9999 -9999 -9999 -9999 -9999 -9999 -9999 -9999 -9999 -9999 -9999 -9999 -9999 -9999 -9999 -9999 -9999 -9999 -9999 -9999 -9999 -9999
-9999 -9999 -9999 -9999 -9999 -9999 -9999 -9999 -9999 -9999 -9999 -9999 -9999 -9999 -9999 -9999 -9999 -9999 -9999 -9999 -9999 -9999 -9999 -9999 -9999 -9999 -9999 -9999 -9999 -9999 -9999 -9999 -9999 -9999 -9999 -9999 -9999 -9999 -9999 -9999 -9999 -9999 -9999 -9999 -9999 -9999 -9999 -9999 -9999 -9999 -9999 -9999 -9999 -9999 -9999 -9999 -9999 -9999 -9999 -9999 -9999 -9999 -9999 -9999 -9999 -9999 -9999 -9999 -9999 -9999 -9999 -9999 -9999 -9999 -9999 -9999 -9999
-9999 -9999 -9999 -9999 -9999 -9999 -9999 -9999 -9999 -9999 -9999 -9999 -9999 -9999 -9999 -9999 -9999 -9999 -9999 -9999 -9999 -9999 -9999 -9999 -9999 -9999 -9999 -9999 -9999 -9999 -9999 -9999 -9999 -9999 -9999 -9999 -9999 -9999 -9999 -9999 -9999 -9999 -9999 -9999 -9999 -9999 -9999 -9999 -9999 -9999 -9999 -9999 -9999 -9999 -9999 -9999 -9999 -9999 -9999 -9999 -9999 -9999 -9999 -9999 -9999 -9999 -9999 -9999 -9999 -9999 -9999 -9999 -9999 -9999 -9999 -9999 -9999
-9999 -9999 -9999 -9999 -9999 -9999 -9999 -9999 -9999 -9999 -9999 -9999 -9999 -9999 -9999 -9999 -9999 -9999 -9999 -9999 -9999 -9999 -9999 -9999 -9999 -9999 -9999 -9999 -9999 -9999 -9999 -9999 -9999 -9999 -9999 -9999 -9999 -9999 -9999 -9999 -9999 -9999 -9999 -9999 -9999 -9999 -9999 -9999 -9999 -9999 -9999 -9999 -9999 -9999 -9999 -9999 -9999 -9999 -9999 -9999 -9999 -9999 -9999 -9999 -9999 -9999 -9999 -9999 -9999 -9999 -9999 -9999 -9999 -9999 -9999 -9999 -9999
-9999 -9999 -9999 -9999 -9999 -9999 -9999 -9999 -9999 -9999 -9999 -9999 -9999 -9999 -9999 -9999 -9999 -9999 -9999 -9999 -9999 -9999 -9999 -9999 -9999 -9999 -9999 -9999 -9999 -9999 -9999 -9999 -9999 -9999 -9999 -9999 -9999 -9999 -9999 -9999 -9999 -9999 -9999 -9999 -9999 -9999 -9999 -9999 -9999 -9999 -9999 -9999 -9999 -9999 -9999 -9999 -9999 -9999 -9999 -9999 -9999 -9999 -9999 -9999 -9999 -9999 -9999 -9999 -9999 -9999 -9999 -9999 -9999 -9999 -9999 -9999 -9999
-9999 -9999 -9999 -9999 -9999 -9999 -9999 -9999 -9999 -9999 -9999 -9999 -9999 -9999 -9999 -9999 -9999 -9999 -9999 -9999 -9999 -9999 -9999 -9999 -9999 -9999 -9999 -9999 -9999 -9999 -9999 -9999 -9999 -9999 -9999 -9999 -9999 -9999 -9999 -9999 -9999 -9999 -9999 -9999 -9999 -9999 -9999 -9999 -9999 -9999 -9999 -9999 -9999 -9999 -9999 -9999 -9999 -9999 -9999 -9999 -9999 -9999 -9999 -9999 -9999 -9999 -9999 -9999 -9999 -9999 -9999 -9999 -9999 -9999 -9999 -9999 -9999
-9999 -9999 -9999 -9999 -9999 -9999 -9999 -9999 -9999 -9999 -9999 -9999 -9999 -9999 -9999 -9999 -9999 -9999 -9999 -9999 -9999 -9999 -9999 -9999 -9999 -9999 -9999 -9999 -9999 -9999 -9999 -9999 -9999 -9999 -9999 -9999 -9999 -9999 -9999 -9999 -9999 -9999 -9999 -9999 -9999 -9999 -9999 -9999 -9999 -9999 -9999 -9999 -9999 -9999 -9999 -9999 -9999 -9999 -9999 -9999 -9999 -9999 -9999 -9999 -9999 -9999 -9999 -9999 -9999 -9999 -9999 -9999 -9999 -9999 -9999 -9999 -9999
-9999 -9999 -9999 -9999 -9999 -9999 -9999 -9999 -9999 -9999 -9999 -9999 -9999 -9999 -9999 -9999 -9999 -9999 -9999 -9999 -9999 -9999 -9999 -9999 -9999 -9999 -9999 -9999 -9999 -9999 -9999 -9999 -9999 -9999 -9999 -9999 -9999 -9999 -9999 -9999 -9999 -9999 -9999 -9999 -9999 -9999 -9999 -9999 -9999 -9999 -9999 -9999 -9999 -9999 -9999 -9999 -9999 -9999 -9999 -9999 -9999 -9999 -9999 -9999 -9999 -9999 -9999 -9999 -9999 -9999 -9999 -9999 -9999 -9999 -9999 -9999 -9999
