Model and model input files/precip_1995.asc
ncols         625
nrows         453
xllcorner     138621.56993419
yllcorner     4094031.9406744
cellsize      1000
NODATA_value  -9999
[rows 68 to 101 of 453, columns 154 to 230 of 625]
719.6513 683.44 683.44 683.44 623.9566 624.52 624.52 626.6794 584.67 584.67 584.67 579.4991 578.89 578.89 578.1666 592.24 592.24 592.24 582.2113 581.03 581.03 581.0756 580.19 580.19 580.19 586.5508 587.3 587.3 587.3 594.4376 594.37 607.0468 617.5668 618.63 618.63 618.63 649.7952 649.5 649.5 680.123 683.73 683.73 683.73 733.1481 732.68 732.68 725.2227 870.3 870.3 870.3 765.1843 766.18 766.18 761.0815 860.27 860.27 860.27 1644.932 1637.5 1637.5 1609.599 2152.39 2152.39 2152.39 2085.409 2077.52 2077.52 2077.52 1461.25 -9999 -9999 -9999 -9999 -9999 -9999 -9999 -9999
719.6513 683.44 683.44 683.44 623.9566 624.52 624.52 626.6794 584.67 584.67 584.67 579.4991 578.89 578.89 578.1666 592.24 592.24 592.24 582.2113 581.03 581.03 581.0756 580.19 580.19 580.19 587.368 587.3 587.3 587.3 594.4376 594.37 594.37 583.6614 582.4 582.4 582.4 638.5418 638.01 638.01 681.113 686.19 686.19 686.19 751.963 751.34 751.34 749.1194 792.32 792.32 792.32 674.1911 675.31 675.31 671.2199 750.79 750.79 750.79 1292.824 1287.69 1287.69 1262.142 1759.16 1759.16 1759.16 1939.831 1938.12 1938.12 1938.12 1825.33 -9999 -9999 -9999 -9999 -9999 -9999 -9999 -9999
719.6513 683.44 683.44 683.44 623.9566 624.52 624.52 588.8692 584.67 584.67 584.67 579.4991 578.89 578.89 578.1666 592.24 592.24 592.24 582.2113 581.03 581.03 581.0756 580.19 580.19 580.19 587.368 587.3 587.3 587.3 594.4376 594.37 594.37 583.6614 582.4 582.4 582.4 638.5418 638.01 638.01 681.113 686.19 686.19 686.19 751.963 751.34 751.34 788.0018 792.32 792.32 792.32 674.1911 675.31 675.31 671.2199 750.79 750.79 750.79 1292.824 1287.69 1287.69 1262.142 1759.16 1759.16 1759.16 1939.831 1938.12 1938.12 1938.12 1825.33 -9999 -9999 -9999 -9999 -9999 -9999 -9999 -9999
719.6513 683.44 683.44 683.44 623.9566 624.52 624.52 588.8692 584.67 584.67 584.67 579.4991 578.89 578.89 578.1666 592.24 592.24 592.24 582.2113 581.03 581.03 581.0756 580.19 580.19 580.19 587.368 587.3 587.3 586.9169 594.37 594.37 594.37 583.6614 582.4 582.4 582.4 638.5418 638.01 638.01 681.113 686.19 686.19 686.19 751.963 751.34 751.34 788.0018 792.32 792.32 792.32 674.1911 675.31 675.31 671.2199 750.79 750.79 750.79 1292.824 1287.69 1287.69 1262.142 1759.16 1759.16 1759.16 1939.831 1938.12 1938.12 1938.12 1825.33 -9999 -9999 -9999 -9999 -9999 -9999 -9999 -9999
719.6513 683.44 683.44 683.44 623.9566 624.52 624.52 588.8692 584.67 584.67 584.67 578.8347 578.89 578.89 578.1666 592.24 592.24 592.24 582.2113 581.03 581.03 581.0756 580.19 580.19 580.19 587.368 587.3 587.3 586.9169 594.37 594.37 594.37 583.6614 582.4 582.4 582.4 638.5418 638.01 638.01 681.113 686.19 686.19 686.19 751.963 751.34 751.34 788.0018 792.32 792.32 792.32 674.1911 675.31 675.31 671.2199 750.79 750.79 750.79 1292.824 1287.69 1287.69 1262.142 1759.16 1759.16 1759.16 1939.831 1938.12 1938.12 1944.232 1825.33 -9999 -9999 -9999 -9999 -9999 -9999 -9999 -9999
658.4446 700.96 700.96 700.96 689.4207 689.53 689.53 644.1725 638.83 638.83 638.83 615.4485 615.67 615.67 614.8555 630.7 630.7 630.7 651.1064 653.51 653.51 655.8368 610.57 610.57 610.57 570.6721 571.05 571.05 571.1069 570 570 570 565.6879 565.18 565.18 565.18 610.6022 638.01 638.01 681.113 686.19 686.19 686.19 751.963 751.34 751.34 788.0018 792.32 792.32 792.32 675.31 675.31 675.31 671.2199 750.79 750.79 750.79 1292.824 1287.69 1287.69 1262.142 1759.16 1759.16 1759.16 1939.831 1938.12 1938.12 1944.232 1825.33 -9999 -9999 -9999 -9999 -9999 -9999 -9999 -9999
658.4446 700.96 700.96 700.96 689.4207 689.53 689.53 644.1725 638.83 638.83 638.83 615.4485 615.67 615.67 614.8555 630.7 630.7 630.7 651.1064 653.51 653.51 655.8368 610.57 610.57 610.57 570.6721 571.05 571.05 571.1069 570 570 570 565.1339 565.18 565.18 565.18 612.0338 611.59 611.59 651.9107 656.66 656.66 656.66 701.7773 701.35 701.35 660.1704 655.32 655.32 655.32 620.77 620.77 620.77 609.699 825.08 825.08 825.08 1442.135 1436.29 1436.29 1421.003 1718.4 1718.4 1718.4 1743.084 1742.85 1742.85 1760.758 1412.37 -9999 -9999 -9999 -9999 -9999 -9999 -9999 -9999
658.4446 700.96 700.96 700.96 689.4207 689.53 689.53 644.1725 638.83 638.83 638.83 615.4485 615.67 615.67 629.1162 630.7 630.7 630.7 651.1064 653.51 653.51 655.8368 610.57 610.57 610.57 570.6721 571.05 571.05 571.1069 570 570 570 565.1339 565.18 565.18 565.18 612.0338 611.59 611.59 651.9107 656.66 656.66 656.66 701.7773 701.35 701.35 660.1704 655.32 655.32 655.32 620.77 620.77 620.77 609.699 825.08 825.08 825.08 1442.135 1436.29 1436.29 1421.003 1718.4 1718.4 1718.4 1743.084 1742.85 1742.85 1760.758 1412.37 -9999 -9999 -9999 -9999 -9999 -9999 -9999 -9999
658.4446 700.96 700.96 700.96 689.4207 689.53 689.53 644.1725 638.83 638.83 638.83 615.4485 615.67 615.67 629.1162 630.7 630.7 630.7 651.1064 653.51 653.51 655.8368 610.57 610.57 610.57 570.6721 571.05 571.05 571.1069 570 570 570 565.1339 565.18 565.18 562.6652 611.59 611.59 611.59 651.9107 656.66 656.66 656.66 701.7773 701.35 701.35 660.1704 655.32 655.32 655.32 620.77 620.77 620.77 803.5508 825.08 825.08 825.08 1442.135 1436.29 1436.29 1421.003 1718.4 1718.4 1718.4 1743.084 1742.85 1742.85 1760.758 1412.37 -9999 -9999 -9999 -9999 -9999 -9999 -9999 -9999
619.5825 617.16 617.16 617.16 647.4065 647.12 647.12 642.3159 641.75 641.75 641.75 649.3419 649.27 649.27 668.2539 630.3195 630.7 630.7 653.7281 653.51 653.51 655.8368 610.57 610.57 610.57 570.6721 571.05 571.05 571.1069 570 570 570 565.1339 565.18 565.18 562.6652 611.59 611.59 611.59 651.9107 656.66 656.66 656.66 701.7773 701.35 701.35 660.1704 655.32 655.32 655.32 620.77 620.77 620.77 803.5508 825.08 825.08 825.08 1442.135 1436.29 1436.29 1421.003 1718.4 1718.4 1718.4 1743.084 1742.85 1742.85 1760.758 1412.37 -9999 -9999 -9999 -9999 -9999 -9999 -9999 -9999
619.5825 617.16 617.16 617.16 647.4065 647.12 647.12 642.3159 641.75 641.75 641.75 649.3419 649.27 649.27 668.2539 670.49 670.49 670.49 650.2685 650.46 650.46 653.6451 591.68 591.68 591.68 563.4526 563.72 563.72 564.6233 547.05 547.05 547.05 536.601 536.7 536.7 534.1158 584.39 584.39 584.39 645.8865 653.13 653.13 653.13 777.7806 776.6 776.6 686.2161 675.57 675.57 675.57 620.47 620.47 620.47 851.8826 879.14 879.14 882.0694 1442.135 1436.29 1436.29 1421.003 1718.4 1718.4 1718.4 1743.084 1742.85 1742.85 1760.758 1412.37 -9999 -9999 -9999 -9999 -9999 -9999 -9999 -9999
619.5825 617.16 617.16 615.5365 647.12 647.12 647.12 642.3159 641.75 641.75 641.75 649.3419 649.27 649.27 668.2539 670.49 670.49 670.49 650.2685 650.46 650.46 597.874 591.68 591.68 591.68 563.4526 563.72 563.72 564.6233 547.05 547.05 547.05 536.601 536.7 536.7 534.1158 584.39 584.39 584.39 653.7874 653.13 653.13 653.13 777.7806 776.6 776.6 686.2161 675.57 675.57 675.57 620.47 620.47 620.47 851.8826 879.14 879.14 845.2073 1505.35 1505.35 1505.35 1492.598 1740.69 1740.69 1740.69 1559.272 1560.99 1560.99 1583.923 1137.78 -9999 -9999 -9999 -9999 -9999 -9999 -9999 -9999
619.5825 617.16 617.16 615.5365 647.12 647.12 647.12 642.3159 641.75 641.75 641.75 649.3419 649.27 649.27 668.2539 670.49 670.49 670.49 650.2685 650.46 650.46 597.874 591.68 591.68 591.68 563.4526 563.72 563.72 564.6233 547.05 547.05 547.05 536.601 536.7 536.7 534.1158 584.39 584.39 584.39 653.7874 653.13 653.13 653.13 777.7806 776.6 776.6 686.2161 675.57 675.57 675.57 620.47 620.47 620.47 851.8826 879.14 879.14 845.2073 1505.35 1505.35 1505.35 1492.598 1740.69 1740.69 1740.69 1559.272 1560.99 1560.99 1583.923 1137.78 -9999 -9999 -9999 -9999 -9999 -9999 -9999 -9999
619.5825 617.16 617.16 615.5365 647.12 647.12 647.12 642.3159 641.75 641.75 641.75 649.3419 649.27 649.27 668.2539 670.49 670.49 670.49 650.2685 650.46 650.46 597.874 591.68 591.68 591.68 563.4526 563.72 563.72 564.6233 547.05 547.05 547.05 536.601 536.7 536.7 534.1158 584.39 584.39 584.39 653.7874 653.13 653.13 653.13 777.7806 776.6 776.6 686.2161 675.57 675.57 675.57 620.47 620.47 620.47 851.8826 879.14 879.14 845.2073 1505.35 1505.35 1505.35 1492.598 1740.69 1740.69 1740.69 1559.272 1560.99 1560.99 1583.923 1137.78 -9999 -9999 -9999 -9999 -9999 -9999 -9999 -9999
626.8018 619.14 619.14 618.0671 638.94 638.94 638.94 645.5728 645.51 645.51 645.51 641.0478 641.09 641.09 673.046 676.81 676.81 676.81 649.6225 649.88 649.88 609.9619 605.26 605.26 605.26 600.42 600.42 600.42 602.0537 570.27 570.27 570.27 576.1313 536.7 536.7 534.1158 584.39 584.39 584.39 653.7874 653.13 653.13 646.4395 776.6 776.6 776.6 686.2161 675.57 675.57 675.57 620.47 620.47 620.47 851.8826 879.14 879.14 845.2073 1505.35 1505.35 1505.35 1715.891 1740.69 1740.69 1740.69 1559.272 1560.99 1560.99 1583.923 1137.78 -9999 -9999 -9999 -9999 -9999 -9999 -9999 -9999
626.8018 619.14 619.14 618.0671 638.94 638.94 638.94 645.5728 645.51 645.51 645.51 641.0478 641.09 641.09 673.046 676.81 676.81 676.81 649.6225 649.88 649.88 609.9619 605.26 605.26 605.26 600.42 600.42 600.42 602.0537 570.27 570.27 570.27 574.1063 574.07 574.07 571.3991 623.36 623.36 623.36 655.8477 655.54 655.54 639.9551 943.15 943.15 943.15 728.3237 703.02 703.02 703.02 670.31 670.31 670.31 891.5687 917.63 917.63 885.7477 1506 1506 1506 1660.591 1678.8 1678.8 1678.8 1367.592 1370.54 1370.54 1392.481 965.64 -9999 -9999 -9999 -9999 -9999 -9999 -9999 -9999
626.8018 619.14 619.14 618.0671 638.94 638.94 638.94 645.5728 645.51 645.51 645.7495 641.09 641.09 641.09 673.046 676.81 676.81 676.81 649.6225 649.88 649.88 609.9619 605.26 605.26 605.26 600.42 600.42 600.42 602.0537 570.27 570.27 570.27 574.1063 574.07 574.07 571.3991 623.36 623.36 623.36 655.8477 655.54 655.54 639.9551 943.15 943.15 943.15 728.3237 703.02 703.02 703.02 670.31 670.31 670.31 891.5687 917.63 917.63 885.7477 1506 1506 1506 1660.591 1678.8 1678.8 1678.8 1367.592 1370.54 1370.54 1392.481 965.64 -9999 -9999 -9999 -9999 -9999 -9999 -9999 -9999
626.8018 619.14 619.14 618.0671 638.94 638.94 638.94 645.5728 645.51 645.51 645.7495 641.09 641.09 641.09 673.046 676.81 676.81 676.81 649.6225 649.88 649.88 609.9619 605.26 605.26 605.26 600.42 600.42 600.42 573.4471 570.27 570.27 570.27 574.1063 574.07 574.07 571.3991 623.36 623.36 623.36 655.8477 655.54 655.54 639.9551 943.15 943.15 943.15 700.7238 703.02 703.02 703.02 670.31 670.31 670.31 891.5687 917.63 917.63 885.7477 1506 1506 1506 1660.591 1678.8 1678.8 1695.504 1370.54 1370.54 1370.54 1392.481 965.64 -9999 -9999 -9999 -9999 -9999 -9999 -9999 -9999
626.7617 619.14 619.14 618.0671 638.94 638.94 638.94 645.5728 645.51 645.51 645.7495 641.09 641.09 641.09 673.046 676.81 676.81 676.81 649.6225 649.88 649.88 609.9619 605.26 605.26 605.26 600.42 600.42 600.42 573.4471 570.27 570.27 570.27 574.1063 574.07 574.07 571.3991 623.36 623.36 623.36 655.8477 655.54 655.54 639.9551 943.15 943.15 943.15 700.7238 703.02 703.02 703.02 670.31 670.31 670.31 891.5687 917.63 917.63 885.7477 1506 1506 1506 1660.591 1678.8 1678.8 1695.504 1370.54 1370.54 1370.54 1392.481 965.64 -9999 -9999 -9999 -9999 -9999 -9999 -9999 -9999
687.5332 686.53 686.53 679.1454 822.81 822.81 822.81 847.0395 846.81 846.81 854.2445 709.61 709.61 709.61 902.3759 900.55 900.55 900.55 1003.414 1002.44 1002.44 860.5346 843.82 843.82 843.82 693.97 693.97 693.97 646.7696 641.21 641.21 638.1387 697.89 697.89 697.89 699.132 674.97 674.97 674.97 590.086 590.89 590.89 590.1124 605.24 605.24 605.24 730.4156 729.23 729.23 729.23 701.72 701.72 703.422 891.5687 917.63 917.63 885.7477 1506 1506 1506 1660.591 1678.8 1678.8 1695.504 1370.54 1370.54 1370.54 1392.481 965.64 -9999 -9999 -9999 -9999 -9999 -9999 -9999 -9999
686.439 686.53 686.53 679.1454 822.81 822.81 822.81 847.0395 846.81 846.81 854.2445 709.61 709.61 709.61 902.3759 900.55 900.55 900.55 1003.414 1002.44 1002.44 860.5346 843.82 843.82 843.82 693.97 693.97 693.97 646.7696 641.21 641.21 638.1387 697.89 697.89 697.89 699.132 674.97 674.97 674.97 590.086 590.89 590.89 590.1124 605.24 605.24 605.24 730.4156 729.23 729.23 730.7207 701.72 701.72 701.72 883.0068 904.36 904.36 878.771 1376.59 1376.59 1376.59 1457.688 1467.24 1467.24 1477.252 1282.47 1282.47 1282.47 1298.218 991.85 -9999 -9999 -9999 -9999 -9999 -9999 -9999 -9999
686.439 686.53 686.53 679.1454 822.81 822.81 822.81 847.0395 846.81 846.81 854.2445 709.61 709.61 709.61 902.3759 900.55 900.55 895.0288 1002.44 1002.44 1002.44 860.5346 843.82 843.82 843.82 693.97 693.97 693.97 646.7696 641.21 641.21 638.1387 697.89 697.89 697.89 699.132 674.97 674.97 674.97 590.086 590.89 590.89 590.1124 605.24 605.24 605.24 730.4156 729.23 729.23 730.7207 701.72 701.72 701.72 883.0068 904.36 904.36 878.771 1376.59 1376.59 1376.59 1457.688 1467.24 1467.24 1477.252 1282.47 1282.47 1282.47 1022.474 991.85 -9999 -9999 -9999 -9999 -9999 -9999 -9999 -9999
686.439 686.53 686.53 679.1454 822.81 822.81 822.81 847.0395 846.81 846.81 854.2445 709.61 709.61 709.61 902.3759 900.55 900.55 895.0288 1002.44 1002.44 1002.44 860.5346 843.82 843.82 843.82 693.97 693.97 693.97 646.7696 641.21 641.21 638.1387 697.89 697.89 697.89 677.3852 674.97 674.97 674.97 590.086 590.89 590.89 590.1124 605.24 605.24 605.24 730.4156 729.23 729.23 730.7207 701.72 701.72 701.72 883.0068 904.36 904.36 878.771 1376.59 1376.59 1376.59 1457.688 1467.24 1467.24 1477.252 1282.47 1282.47 1282.47 1022.474 991.85 -9999 -9999 -9999 -9999 -9999 -9999 -9999 -9999
793.1158 792.58 792.58 897.2064 909.53 909.53 909.53 1016.614 1015.6 1015.6 1023.286 873.76 873.76 873.76 746.5248 747.73 884.4466 895.0288 1002.44 1002.44 1002.44 860.5346 843.82 843.82 843.82 693.97 693.97 693.97 646.7696 641.21 641.21 638.1387 697.89 697.89 697.89 677.3852 674.97 674.97 674.97 590.086 590.89 590.89 590.1124 605.24 605.24 605.24 730.4156 729.23 729.23 730.7207 701.72 701.72 701.72 906.2977 904.36 904.36 878.771 1376.59 1376.59 1376.59 1457.688 1467.24 1467.24 1477.252 1282.47 1282.47 1282.47 1022.474 991.85 -9999 -9999 -9999 -9999 -9999 -9999 -9999 -9999
793.1158 792.58 792.58 897.2064 909.53 909.53 909.53 1016.614 1015.6 1015.6 1023.286 873.76 873.76 873.76 746.5248 747.73 747.73 739.0085 908.68 908.68 908.68 1085.677 1084 1084 1084 912.73 912.73 912.73 796.5719 782.89 782.89 787.0256 706.57 706.57 706.57 638.999 631.04 631.04 631.04 529.2862 530.25 530.25 526.866 592.7 592.7 592.7 1061.48 1057.04 1057.04 1053.942 1114.21 1114.21 1114.21 791.8466 794.9 794.9 778.6183 1095.37 1346.956 1376.59 1457.688 1467.24 1467.24 1477.252 1282.47 1282.47 1282.47 1022.474 991.85 -9999 -9999 -9999 -9999 -9999 -9999 -9999 -9999
793.1158 792.58 792.58 897.2064 909.53 909.53 909.53 1015.6 1015.6 1015.6 1023.286 873.76 873.76 873.76 746.5248 747.73 747.73 739.0085 908.68 908.68 908.68 1085.677 1084 1084 1084 912.73 912.73 912.73 796.5719 782.89 782.89 787.0256 706.57 706.57 706.57 638.999 631.04 631.04 636.5015 530.25 530.25 530.25 526.866 592.7 592.7 592.7 1061.48 1057.04 1057.04 1053.942 1114.21 1114.21 1114.21 791.8466 794.9 794.9 778.6183 1095.37 1095.37 1095.37 1425.773 1464.69 1464.69 1467.555 1411.82 1411.82 1411.82 1184.854 1158.12 -9999 -9999 -9999 -9999 -9999 -9999 -9999 -9999
793.1158 792.58 792.58 897.2064 909.53 909.53 909.53 1015.6 1015.6 1015.6 1023.286 873.76 873.76 873.76 746.5248 747.73 747.73 739.0085 908.68 908.68 908.68 1085.677 1084 1084 1084 912.73 912.73 912.73 796.5719 782.89 782.89 787.0256 706.57 706.57 706.57 638.999 631.04 631.04 636.5015 530.25 530.25 530.25 526.866 592.7 592.7 592.7 1061.48 1057.04 1057.04 1053.942 1114.21 1114.21 1114.21 791.8466 794.9 794.9 778.6183 1095.37 1095.37 1095.37 1425.773 1464.69 1464.69 1467.555 1411.82 1411.82 1411.82 1184.854 1158.12 -9999 -9999 -9999 -9999 -9999 -9999 -9999 -9999
793.1158 792.58 792.58 897.2064 909.53 909.53 909.53 1015.6 1015.6 1015.6 1023.286 873.76 873.76 873.76 746.5248 747.73 747.73 739.0085 908.68 908.68 908.68 1085.677 1084 1084 1093.281 912.73 912.73 912.73 796.5719 782.89 782.89 787.0256 706.57 706.57 706.57 638.999 631.04 631.04 636.5015 530.25 530.25 530.25 526.866 592.7 592.7 592.7 1061.48 1057.04 1057.04 1053.942 1114.21 1114.21 1114.21 791.8466 794.9 794.9 1063.708 1095.37 1095.37 1095.37 1425.773 1464.69 1464.69 1467.555 1411.82 1411.82 1411.82 1184.854 1158.12 -9999 -9999 -9999 -9999 -9999 -9999 -9999 -9999
857.0161 857.47 857.47 1043.767 1065.71 1065.71 1065.71 1245.34 1245.34 1245.34 1142.038 1129.87 1129.87 1129.87 918.2253 920.23 920.23 922.8911 871.12 871.12 871.12 1045.593 1043.94 1043.94 1038.096 1151.79 1151.79 1151.79 1106.298 1100.94 1100.94 1114.057 858.88 858.88 722.6197 638.999 631.04 631.04 636.5015 530.25 530.25 530.25 526.866 592.7 592.7 592.7 1061.48 1057.04 1057.04 1053.942 1114.21 1114.21 1114.21 791.8466 794.9 794.9 1063.708 1095.37 1095.37 1095.37 1425.773 1464.69 1464.69 1467.555 1411.82 1411.82 1411.82 1184.854 1158.12 -9999 -9999 -9999 -9999 -9999 -9999 -9999 -9999
857.0161 857.47 857.47 1043.767 1065.71 1065.71 1065.71 1245.34 1245.34 1245.34 1142.038 1129.87 1129.87 1129.87 918.2253 920.23 920.23 922.8911 871.12 871.12 871.12 1045.593 1043.94 1043.94 1038.096 1151.79 1151.79 1151.79 1106.298 1100.94 1100.94 1114.057 858.88 858.88 858.88 678.613 657.38 657.38 664.4179 527.5 527.5 527.5 517.4355 516.25 516.25 516.25 795.5253 792.88 792.88 765.4102 1299.82 1299.82 1299.82 1222.568 1223.3 1223.3 885.6328 845.86 845.86 845.86 1225.324 1270.02 1270.02 1256.55 1518.61 1518.61 1518.61 1378.306 1361.78 -9999 -9999 -9999 -9999 -9999 -9999 -9999 -9999
857.0161 857.47 857.47 1043.767 1065.71 1065.71 1065.71 1245.34 1245.34 1245.34 1142.038 1129.87 1129.87 1129.87 918.2253 920.23 920.23 922.8911 871.12 871.12 871.12 1045.593 1043.94 1043.94 1038.096 1151.79 1151.79 1151.79 1100.454 1100.94 1100.94 1114.057 858.88 858.88 858.88 678.613 657.38 657.38 664.4179 527.5 527.5 527.5 517.4355 516.25 516.25 516.25 795.5253 792.88 792.88 765.4102 1299.82 1299.82 1299.82 1222.568 1223.3 1223.3 885.6328 845.86 845.86 845.86 1274.076 1270.02 1270.02 1256.55 1518.61 1518.61 1518.61 1378.306 1361.78 -9999 -9999 -9999 -9999 -9999 -9999 -9999 -9999
857.0161 857.47 857.47 1043.767 1065.71 1065.71 1065.71 1245.34 1245.34 1245.34 1142.038 1129.87 1129.87 1141.23 920.23 920.23 920.23 922.8911 871.12 871.12 871.12 1045.593 1043.94 1043.94 1038.096 1151.79 1151.79 1151.79 1100.454 1100.94 1100.94 1114.057 858.88 858.88 858.88 678.613 657.38 657.38 664.4179 527.5 527.5 527.5 517.4355 516.25 516.25 516.25 795.5253 792.88 792.88 765.4102 1299.82 1299.82 1299.82 1222.568 1223.3 1223.3 885.6328 845.86 845.86 845.86 1274.076 1270.02 1270.02 1256.55 1518.61 1518.61 1518.61 1378.306 1361.78 -9999 -9999 -9999 -9999 -9999 -9999 -9999 -9999
1040.37 1040.37 1040.37 1278.295 1306.32 1306.32 1306.32 1358.8 1358.8 1358.8 1326.71 1322.93 1322.93 1141.23 920.23 920.23 920.23 922.8911 871.12 871.12 871.12 1045.593 1043.94 1043.94 1038.096 1151.79 1151.79 1151.79 1100.454 1100.94 1100.94 1114.057 858.88 858.88 858.88 678.613 657.38 657.38 664.4179 527.5 527.5 527.5 517.4355 516.25 516.25 501.2601 792.88 792.88 792.88 765.4102 1299.82 1299.82 1299.82 1222.568 1223.3 1223.3 885.6328 845.86 845.86 845.86 1274.076 1270.02 1270.02 1256.55 1518.61 1518.61 1518.61 1378.306 1361.78 -9999 -9999 -9999 -9999 -9999 -9999 -9999 -9999
1040.37 1040.37 1040.37 1278.295 1306.32 1306.32 1306.32 1358.8 1358.8 1358.8 1326.71 1322.93 1322.93 1330.995 1174.09 1174.09 1174.09 1174.062 1174.61 1174.61 1174.61 1448.292 1445.7 1445.7 1443.326 1489.51 1489.51 1489.51 1410.401 1411.15 1411.15 1096.922 1059.91 1059.91 1059.91 809.1645 779.63 779.63 787.6926 630.84 630.84 630.84 574.8812 568.29 568.29 564.1246 645.16 645.16 645.16 620.2651 1104.58 1104.58 1104.58 1278.649 1228.959 1223.3 885.6328 845.86 845.86 845.86 1274.076 1270.02 1270.02 1256.55 1518.61 1518.61 1518.61 1378.306 1361.78 -9999 -9999 -9999 -9999 -9999 -9999 -9999 -9999
