Model and model input files/precip_2010.asc
ncols         625
nrows         453
xllcorner     138621.56993419
yllcorner     4094031.9406744
cellsize      1000
NODATA_value  -9999
[rows 102 to 135 of 453, columns 0 to 76 of 625]
-9999 -9999 -9999 -9999 -9999 -9999 -9999 -9999 -9999 -9999 -9999 -9999 -9999 -9999 -9999 -9999 -9999 253.61 253.1532 262.04 262.04 262.04 279.8083 279.64 279.64 277.2424 276.96 276.96 276.96 278.6687 278.87 278.87 278.7101 281.82 281.82 281.82 283.4124 283.6 283.6 283.2478 290.1 290.1 290.1 289.2254 306.24 306.24 306.24 314.5689 314.49 314.49 323.812 324.91 324.91 324.91 402.8886 402.15 402.15 396.728 502.21 502.21 502.21 452.0663 446.16 446.16 448.897 395.65 395.65 395.65 373.6415 373.85 373.85 373.85 357.5052 357.66 357.66 364.6202 365.44
-9999 -9999 -9999 -9999 -9999 -9999 -9999 -9999 -9999 -9999 -9999 -9999 -9999 -9999 -9999 -9999 -9999 253.61 253.1532 262.04 262.04 262.04 279.8083 279.64 279.64 277.2424 276.96 276.96 276.96 278.6687 278.87 278.87 278.7101 281.82 281.82 281.82 283.4124 283.6 283.6 283.2478 290.1 290.1 290.1 289.2254 306.24 306.24 306.24 314.5689 314.49 314.49 323.812 324.91 324.91 324.91 402.8886 402.15 402.15 396.728 502.21 502.21 502.21 452.0663 446.16 446.16 448.897 395.65 395.65 395.65 373.6415 373.85 373.85 373.85 357.5052 357.66 357.66 364.6202 365.44
-9999 -9999 -9999 -9999 -9999 -9999 -9999 -9999 -9999 -9999 -9999 -9999 -9999 -9999 -9999 -9999 -9999 253.61 253.1532 262.04 262.04 262.04 279.8083 279.64 279.64 277.2424 276.96 276.96 276.96 278.8882 278.87 278.87 278.7101 281.82 281.82 281.82 283.4124 283.6 283.6 283.2478 290.1 290.1 290.1 304.5392 306.24 306.24 306.24 314.5689 314.49 314.49 323.812 324.91 324.91 324.91 402.8886 402.15 402.15 491.6662 502.21 502.21 502.21 452.0663 446.16 446.16 448.897 395.65 395.65 395.65 373.6415 373.85 373.85 374.7273 357.66 357.66 357.66 364.6202 365.44
-9999 -9999 -9999 -9999 -9999 -9999 -9999 -9999 -9999 -9999 -9999 -9999 -9999 -9999 -9999 -9999 -9999 251.91 255.9 256.37 256.37 256.37 262.912 262.85 262.85 269.1839 269.93 269.93 269.93 276.5729 276.51 276.51 284.5885 285.54 285.54 285.54 290.702 291.31 291.31 290.9762 297.47 297.47 297.47 304.4688 306.24 306.24 306.24 314.5689 314.49 314.49 323.812 324.91 324.91 324.91 402.8886 402.15 402.15 491.6662 502.21 502.21 502.21 452.0663 446.16 446.16 448.897 395.65 395.65 395.65 373.6415 373.85 373.85 374.7273 357.66 357.66 357.66 364.6202 365.44
-9999 -9999 -9999 -9999 -9999 -9999 -9999 -9999 -9999 -9999 -9999 -9999 -9999 -9999 -9999 -9999 -9999 251.91 255.9 256.37 256.37 256.37 262.912 262.85 262.85 269.1839 269.93 269.93 269.93 276.5729 276.51 276.51 284.5885 285.54 285.54 285.54 290.702 291.31 291.31 290.9762 297.47 297.47 297.47 304.9938 305.88 305.88 304.3709 333.73 333.73 333.73 362.1254 365.47 365.47 365.47 474.0081 472.98 472.98 531.2201 538.08 538.08 538.08 463.7055 464.41 464.41 467.6813 404.04 396.5341 395.65 373.6415 373.85 373.85 374.7273 357.66 357.66 357.66 365.5144 365.44
-9999 -9999 -9999 -9999 -9999 -9999 -9999 -9999 -9999 -9999 -9999 -9999 -9999 -9999 -9999 -9999 -9999 251.91 255.9 256.37 256.37 256.0189 262.85 262.85 262.85 269.1839 269.93 269.93 269.93 276.5729 276.51 276.51 284.5885 285.54 285.54 285.54 291.3652 291.31 291.31 290.9762 297.47 297.47 297.47 304.9938 305.88 305.88 304.3709 333.73 333.73 333.73 362.1254 365.47 365.47 365.47 474.0081 472.98 472.98 531.2201 538.08 538.08 538.08 463.7055 464.41 464.41 467.6813 404.04 404.04 404.04 384.6766 384.86 384.86 385.7833 367.82 367.82 367.82 361.5103 361.57
-9999 -9999 -9999 -9999 -9999 -9999 -9999 -9999 -9999 -9999 -9999 -9999 -9999 -9999 -9999 -9999 -9999 251.91 255.9 256.37 256.37 256.0189 262.85 262.85 262.85 269.1839 269.93 269.93 269.93 276.5729 276.51 276.51 284.5885 285.54 285.54 285.54 291.3652 291.31 291.31 290.9762 297.47 297.47 297.47 304.9938 305.88 305.88 304.3709 333.73 333.73 333.73 365.7735 365.47 365.47 365.47 474.0081 472.98 472.98 531.2201 538.08 538.08 538.08 463.7055 464.41 464.41 410.4015 404.04 404.04 404.04 384.6766 384.86 384.86 385.7833 367.82 367.82 367.82 361.5103 361.57
-9999 -9999 -9999 -9999 -9999 -9999 -9999 -9999 -9999 -9999 -9999 -9999 -9999 -9999 -9999 -9999 -9999 258.54 261.2865 261.61 261.61 261.0291 272.33 263.849 262.85 269.9977 269.93 269.93 269.93 276.5729 276.51 276.51 284.5885 285.54 285.54 285.54 291.3652 291.31 291.31 296.8209 297.47 297.47 297.47 304.9938 305.88 305.88 304.3709 333.73 333.73 333.73 365.7735 365.47 365.47 365.47 474.0081 472.98 472.98 531.2201 538.08 538.08 538.08 463.7055 464.41 464.41 410.4015 404.04 404.04 404.04 384.6766 384.86 384.86 385.7833 367.82 367.82 367.82 361.5103 361.57
-9999 -9999 -9999 -9999 -9999 -9999 -9999 -9999 -9999 -9999 -9999 -9999 -9999 -9999 -9999 -9999 -9999 258.54 261.2865 261.61 261.61 261.0291 272.33 272.33 272.33 274.2986 274.28 274.28 274.28 281.5186 281.45 281.45 291.5414 292.73 292.73 292.73 292.2757 292.28 292.28 299.7859 300.67 300.67 300.67 348.783 354.45 310.9981 304.3709 333.73 333.73 333.73 365.7735 365.47 365.47 359.6443 472.98 472.98 472.98 531.2201 538.08 538.08 538.08 463.7055 464.41 464.41 410.4015 404.04 404.04 404.04 384.86 384.86 384.86 385.7833 367.82 367.82 367.82 361.5103 361.57
-9999 -9999 -9999 -9999 -9999 -9999 -9999 -9999 -9999 -9999 -9999 -9999 -9999 -9999 -9999 -9999 -9999 258.54 261.2865 261.61 261.61 261.0291 272.33 272.33 272.33 274.2986 274.28 274.28 273.8915 281.45 281.45 281.45 291.5414 292.73 292.73 292.73 292.2757 292.28 292.28 299.7859 300.67 300.67 300.67 354.9643 354.45 354.45 349.8609 439.14 439.14 439.14 470.5071 470.21 470.21 468.1465 508.29 508.29 508.29 488.2951 485.94 485.94 485.94 434.3513 434.84 434.84 407.3213 404.08 404.08 404.08 391.29 384.7985 384.86 385.7833 367.82 367.82 367.82 361.5103 361.57
-9999 -9999 -9999 -9999 -9999 -9999 -9999 -9999 -9999 -9999 -9999 -9999 -9999 -9999 -9999 -9999 -9999 258.54 261.6393 261.61 261.61 261.0291 272.33 272.33 272.33 274.2986 274.28 274.28 273.8915 281.45 281.45 281.45 291.5414 292.73 292.73 292.73 292.2757 292.28 292.28 299.7859 300.67 300.67 300.67 354.9643 354.45 354.45 349.8609 439.14 439.14 439.14 470.5071 470.21 470.21 468.1465 508.29 508.29 508.29 485.7263 485.94 485.94 485.94 434.3513 434.84 434.84 407.3213 404.08 404.08 404.08 391.29 391.29 391.29 372.9591 370.8 370.8 370.8 369.8409 369.85
-9999 -9999 -9999 -9999 -9999 -9999 -9999 -9999 -9999 -9999 -9999 -9999 -9999 -9999 -9999 -9999 -9999 258.54 261.6393 261.61 261.61 261.0291 272.33 272.33 272.33 274.2986 274.28 274.28 273.8915 281.45 281.45 281.45 292.8379 292.73 292.73 292.73 292.2757 292.28 292.28 299.7859 300.67 300.67 300.67 354.9643 354.45 354.45 430.2158 439.14 439.14 439.14 470.5071 470.21 470.21 468.1465 508.29 508.29 508.29 485.7263 485.94 485.94 485.94 434.3513 434.84 434.84 407.3213 404.08 404.08 404.08 391.29 391.29 391.29 372.9591 370.8 370.8 370.8 369.8409 369.85
-9999 -9999 -9999 -9999 -9999 -9999 -9999 -9999 -9999 -9999 -9999 -9999 -9999 -9999 -9999 -9999 -9999 287.22 271.9554 272.1 272.1 265.5603 264.79 264.79 264.79 276.5918 276.48 276.48 276.0162 285.04 285.04 285.04 287.7052 292.7783 292.73 292.73 292.2757 292.28 292.28 299.7859 300.67 300.67 300.67 354.9643 354.45 354.45 430.2158 439.14 439.14 439.14 470.5071 470.21 470.21 468.1465 508.29 508.29 508.29 485.7263 485.94 485.94 488.709 434.84 434.84 434.84 407.3213 404.08 404.08 404.08 391.29 391.29 391.29 372.9591 370.8 370.8 370.8 369.8409 369.85
-9999 -9999 -9999 -9999 -9999 -9999 -9999 -9999 -9999 -9999 -9999 -9999 -9999 -9999 -9999 -9999 -9999 287.22 271.9554 272.1 272.1 265.5603 264.79 264.79 264.79 276.5918 276.48 276.48 276.0162 285.04 285.04 285.04 287.7052 287.68 287.68 287.5765 289.59 289.59 289.59 300.2718 301.53 301.53 301.53 354.9359 354.43 354.43 443.6241 454.13 454.13 454.13 557.09 557.09 557.09 557.4076 551.23 551.23 508.29 485.7263 485.94 485.94 488.709 434.84 434.84 434.84 407.3213 404.08 404.08 404.08 391.29 391.29 391.29 372.9591 370.8 370.8 370.8 369.85 369.85
-9999 -9999 -9999 -9999 -9999 -9999 -9999 -9999 -9999 -9999 -9999 -9999 -9999 -9999 -9999 -9999 -9999 287.22 271.9554 272.1 272.1 265.5603 264.79 264.79 264.79 276.48 276.48 276.48 276.0162 285.04 285.04 285.04 287.7052 287.68 287.68 287.5765 289.59 289.59 289.59 300.2718 301.53 301.53 301.53 354.9359 354.43 354.43 443.6241 454.13 454.13 454.13 557.09 557.09 557.09 557.4076 551.23 551.23 551.23 479.3087 479.99 479.99 482.4133 435.27 435.27 435.27 398.8551 399.2 399.2 399.2 380.39 380.39 380.39 378.6187 378.41 378.41 378.41 391.31 391.31
-9999 -9999 -9999 -9999 -9999 -9999 -9999 -9999 -9999 -9999 -9999 -9999 -9999 -9999 -9999 -9999 -9999 287.22 271.9554 272.1 272.1 265.5603 264.79 264.79 264.79 276.48 276.48 276.48 276.0162 285.04 285.04 285.04 287.7052 287.68 287.68 287.5765 289.59 289.59 289.59 301.6442 301.53 301.53 301.53 354.9359 354.43 354.43 443.6241 454.13 454.13 454.13 557.09 557.09 557.09 557.4076 551.23 551.23 551.23 479.3087 479.99 479.99 482.4133 435.27 435.27 435.27 398.8551 399.2 399.2 399.2 380.39 380.39 380.39 378.6187 378.41 378.41 378.41 391.31 391.31
-9999 -9999 -9999 -9999 -9999 -9999 -9999 -9999 -9999 -9999 -9999 -9999 -9999 -9999 -9999 -9999 -9999 283.52 303.5295 303.34 303.34 265.2616 264.79 264.79 264.79 276.48 276.48 276.48 284.138 285.04 285.04 285.04 287.7052 287.68 287.68 287.5765 289.59 289.59 289.59 301.6442 301.53 301.53 301.53 354.9359 354.43 354.43 443.6241 454.13 454.13 454.13 557.09 557.09 557.09 551.8475 551.23 551.23 551.23 479.3087 479.99 479.99 482.4133 435.27 435.27 435.27 398.8551 399.2 399.2 400.2193 380.39 380.39 380.39 378.6187 378.41 378.41 378.41 391.31 391.31
-9999 -9999 -9999 -9999 -9999 -9999 -9999 -9999 -9999 -9999 -9999 -9999 -9999 -9999 -9999 -9999 -9999 282.446 303.34 303.34 303.34 283.864 281.57 281.57 281.57 279.77 279.77 279.77 290.4339 291.69 291.69 291.69 295.2739 295.24 295.24 294.9441 300.7 300.7 300.7 301.8206 301.81 301.81 299.1461 354.0654 354.43 354.43 443.6241 454.13 454.13 454.13 557.09 557.09 557.09 551.8475 551.23 551.23 551.23 479.3087 479.99 479.99 482.4133 435.27 435.27 435.27 398.8551 399.2 399.2 400.2193 380.39 380.39 380.39 378.6187 378.41 378.41 378.41 391.31 391.31
-9999 -9999 -9999 -9999 -9999 -9999 -9999 -9999 -9999 -9999 -9999 -9999 -9999 -9999 -9999 -9999 -9999 282.446 303.34 303.34 303.34 283.864 281.57 281.57 281.57 279.77 279.77 279.77 290.4339 291.69 291.69 291.4977 295.24 295.24 295.24 294.9441 300.7 300.7 300.7 301.8206 301.81 301.81 299.1461 350.97 350.97 350.97 415.7945 423.43 423.43 423.43 565.49 565.49 565.49 550.3619 548.58 548.58 552.1364 482.95 482.95 482.95 485.3993 437.75 437.75 437.75 415.5699 415.78 416.6784 400.2193 380.39 380.39 380.39 378.6187 378.41 378.41 378.41 391.31 391.31
-9999 -9999 -9999 -9999 -9999 -9999 -9999 -9999 -9999 -9999 -9999 -9999 -9999 -9999 -9999 -9999 -9999 282.446 303.34 303.34 303.34 281.3618 281.57 281.57 281.57 279.77 279.77 279.77 290.4339 291.69 291.69 291.4977 295.24 295.24 295.24 294.9441 300.7 300.7 300.7 301.8206 301.81 301.81 299.1461 350.97 350.97 350.97 424.1229 423.43 423.43 423.43 565.49 565.49 565.49 550.3619 548.58 548.58 552.1364 482.95 482.95 482.95 485.3993 437.75 437.75 437.75 415.5699 415.78 415.78 416.8171 396.64 396.64 396.64 401.5667 401.52 401.52 401.52 392.43 392.43
-9999 -9999 -9999 -9999 -9999 -9999 -9999 -9999 -9999 -9999 -9999 -9999 -9999 -9999 -9999 -9999 -9999 282.446 303.34 303.34 303.34 281.3618 281.57 281.57 281.57 279.77 279.77 279.77 290.4339 291.69 291.69 291.4977 295.24 295.24 295.24 300.1247 300.7 300.7 300.7 301.8206 301.81 301.81 299.1461 350.97 350.97 350.97 424.1229 423.43 423.43 423.43 565.49 565.49 565.49 550.3619 548.58 548.58 552.1364 482.95 482.95 482.95 442.5129 437.75 437.75 437.75 415.5699 415.78 415.78 416.8171 396.64 396.64 396.64 401.5667 401.52 401.52 401.52 392.43 392.43
-9999 -9999 -9999 -9999 -9999 -9999 -9999 -9999 -9999 -9999 -9999 -9999 -9999 -9999 -9999 -9999 -9999 319.1649 374.71 374.71 374.71 316.6299 317.18 319.1096 281.6675 279.77 279.77 279.77 290.4339 291.69 291.69 291.4977 295.24 295.24 295.24 300.1247 300.7 300.7 300.7 301.8206 301.81 301.81 299.1461 350.97 350.97 350.97 424.1229 423.43 423.43 415.7321 565.49 565.49 565.49 550.3619 548.58 548.58 552.1364 482.95 482.95 482.95 442.5129 437.75 437.75 437.75 415.5699 415.78 415.78 416.8171 396.64 396.64 396.64 401.5667 401.52 401.52 402.0125 392.43 392.43
-9999 -9999 -9999 -9999 -9999 -9999 -9999 -9999 -9999 -9999 -9999 -9999 -9999 -9999 -9999 -9999 -9999 319.1649 374.71 374.71 374.71 316.6299 317.18 317.18 317.6135 309.18 309.18 309.18 335.3836 338.47 338.47 336.5122 374.6 374.6 374.6 353.0753 350.54 350.54 352.7498 309.76 309.76 309.76 307.5849 349.9 349.9 349.9 408.5859 408.03 408.03 401.586 526.95 526.95 526.95 546.3008 548.58 548.58 552.1364 482.95 482.95 482.95 442.5129 437.75 437.75 438.9405 415.78 415.78 415.78 416.8171 396.64 396.64 396.64 401.5667 401.52 401.52 402.0125 392.43 392.43
-9999 -9999 -9999 -9999 -9999 -9999 -9999 -9999 -9999 -9999 -9999 -9999 -9999 -9999 -9999 -9999 -9999 319.1649 374.71 374.71 374.71 316.6299 317.18 317.18 317.6135 309.18 309.18 309.18 338.7501 338.47 338.47 336.5122 374.6 374.6 374.6 353.0753 350.54 350.54 352.7498 309.76 309.76 309.76 307.5849 349.9 349.9 349.9 408.5859 408.03 408.03 401.586 526.95 526.95 526.95 557.5801 557.29 557.29 560.8392 491.79 491.79 491.79 459.1272 455.28 455.28 456.4504 433.68 433.68 433.68 434.327 421.74 421.74 421.74 407.2225 407.36 407.36 407.8189 398.89 398.89
-9999 -9999 -9999 -9999 -9999 -9999 -9999 -9999 -9999 -9999 -9999 -9999 -9999 -9999 -9999 -9999 -9999 368.4378 374.71 374.71 374.71 317.18 317.18 317.18 317.18 309.18 309.18 309.18 338.47 338.47 338.47 338.47 374.6 374.6 374.6 353.4041 350.54 350.54 350.54 309.76 309.76 309.76 345.1218 349.9 349.9 349.9 408.03 408.03 408.03 408.03 526.95 526.95 526.95 557.29 557.29 557.29 557.29 491.79 491.79 491.79 459.6261 455.28 455.28 455.28 433.68 433.68 433.68 433.5772 421.74 421.74 421.74 407.36 407.36 407.36 407.36 398.89 398.89
-9999 -9999 -9999 -9999 -9999 -9999 -9999 -9999 -9999 -9999 -9999 -9999 -9999 -9999 -9999 -9999 -9999 -9999 -9999 -9999 -9999 -9999 -9999 -9999 -9999 -9999 -9999 -9999 -9999 -9999 -9999 -9999 -9999 -9999 -9999 -9999 -9999 -9999 -9999 -9999 -9999 -9999 -9999 -9999 -9999 -9999 -9999 -9999 -9999 -9999 -9999 -9999 -9999 -9999 -9999 -9999 -9999 -9999 -9999 -9999 -9999 -9999 -9999 -9999 -9999 -9999 -9999 -9999 -9999 -9999 -9999 -9999 -9999 -9999 -9999 -9999 -9999
-9999 -9999 -9999 -9999 -9999 -9999 -9999 -9999 -9999 -9999 -9999 -9999 -9999 -9999 -9999 -9999 -9999 -9999 -9999 -9999 -9999 -9999 -9999 -9999 -9999 -9999 -9999 -9999 -9999 -9999 -9999 -9999 -9999 -9999 -9999 -9999 -9999 -9999 -9999 -9999 -9999 -9999 -9999 -9999 -9999 -9999 -9999 -9999 -9999 -9999 -9999 -9999 -9999 -9999 -9999 -9999 -9999 -9999 -9999 -9999 -9999 -9999 -9999 -9999 -9999 -9999 -9999 -9999 -9999 -9999 -9999 -9999 -9999 -9999 -9999 -9999 -9999
-9999 -9999 -9999 -9999 -9999 -9999 -9999 -9999 -9999 -9999 -9999 -9999 -9999 -9999 -9999 -9999 -9999 -9999 -9999 -9999 -9999 -9999 -9999 -9999 -9999 -9999 -9999 -9999 -9999 -9999 -9999 -9999 -9999 -9999 -9999 -9999 -9999 -9999 -9999 -9999 -9999 -9999 -9999 -9999 -9999 -9999 -9999 -9999 -9999 -9999 -9999 -9999 -9999 -9999 -9999 -9999 -9999 -9999 -9999 -9999 -9999 -9999 -9999 -9999 -9999 -9999 -9999 -9999 -9999 -9999 -9999 -9999 -9999 -9999 -9999 -9999 -9999
-9999 -9999 -9999 -9999 -9999 -9999 -9999 -9999 -9999 -9999 -9999 -9999 -9999 -9999 -9999 -9999 -9999 -9999 -9999 -9999 -9999 -9999 -9999 -9999 -9999 -9999 -9999 -9999 -9999 -9999 -9999 -9999 -9999 -9999 -9999 -9999 -9999 -9999 -9999 -9999 -9999 -9999 -9999 -9999 -9999 -9999 -9999 -9999 -9999 -9999 -9999 -9999 -9999 -9999 -9999 -9999 -9999 -9999 -9999 -9999 -9999 -9999 -9999 -9999 -9999 -9999 -9999 -9999 -9999 -9999 -9999 -9999 -9999 -9999 -9999 -9999 -9999
-9999 -9999 -9999 -9999 -9999 -9999 -9999 -9999 -9999 -9999 -9999 -9999 -9999 -9999 -9999 -9999 -9999 -9999 -9999 -9999 -9999 -9999 -9999 -9999 -9999 -9999 -9999 -9999 -9999 -9999 -9999 -9999 -9999 -9999 -9999 -9999 -9999 -9999 -9999 -9999 -9999 -9999 -9999 -9999 -9999 -9999 -9999 -9999 -9999 -9999 -9999 -9999 -9999 -9999 -9999 -9999 -9999 -9999 -9999 -9999 -9999 -9999 -9999 -9999 -9999 -9999 -9999 -9999 -9999 -9999 -9999 -9999 -9999 -9999 -9999 -9999 -9999
-9999 -9999 -9999 -9999 -9999 -9999 -9999 -9999 -9999 -9999 -9999 -9999 -9999 -9999 -9999 -9999 -9999 -9999 -9999 -9999 -9999 -9999 -9999 -9999 -9999 -9999 -9999 -9999 -9999 -9999 -9999 -9999 -9999 -9999 -9999 -9999 -9999 -9999 -9999 -9999 -9999 -9999 -9999 -9999 -9999 -9999 -9999 -9999 -9999 -9999 -9999 -9999 -9999 -9999 -9999 -9999 -9999 -9999 -9999 -9999 -9999 -9999 -9999 -9999 -9999 -9999 -9999 -9999 -9999 -9999 -9999 -9999 -9999 -9999 -9999 -9999 -9999
-9999 -9999 -9999 -9999 -9999 -9999 -9999 -9999 -9999 -9999 -9999 -9999 -9999 -9999 -9999 -9999 -9999 -9999 -9999 -9999 -9999 -9999 -9999 -9999 -9999 -9999 -9999 -9999 -9999 -9999 -9999 -9999 -9999 -9999 -9999 -9999 -9999 -9999 -9999 -9999 -9999 -9999 -9999 -9999 -9999 -9999 -9999 -9999 -9999 -9999 -9999 -9999 -9999 -9999 -9999 -9999 -9999 -9999 -9999 -9999 -9999 -9999 -9999 -9999 -9999 -9999 -9999 -9999 -9999 -9999 -9999 -9999 -9999 -9999 -9999 -9999 -9999
-9999 -9999 -9999 -9999 -9999 -9999 -9999 -9999 -9999 -9999 -9999 -9999 -9999 -9999 -9999 -9999 -9999 -9999 -9999 -9999 -9999 -9999 -9999 -9999 -9999 -9999 -9999 -9999 -9999 -9999 -9999 -9999 -9999 -9999 -9999 -9999 -9999 -9999 -9999 -9999 -9999 -9999 -9999 -9999 -9999 -9999 -9999 -9999 -9999 -9999 -9999 -9999 -9999 -9999 -9999 -9999 -9999 -9999 -9999 -9999 -9999 -9999 -9999 -9999 -9999 -9999 -9999 -9999 -9999 -9999 -9999 -9999 -9999 -9999 -9999 -9999 -9999
-9999 -9999 -9999 -9999 -9999 -9999 -9999 -9999 -9999 -9999 -9999 -9999 -9999 -9999 -9999 -9999 -9999 -9999 -9999 -9999 -9999 -9999 -9999 -9999 -9999 -9999 -9999 -9999 -9999 -9999 -9999 -9999 -9999 -9999 -9999 -9999 -9999 -9999 -9999 -9999 -9999 -9999 -9999 -9999 -9999 -9999 -9999 -9999 -9999 -9999 -9999 -9999 -9999 -9999 -9999 -9999 -9999 -9999 -9999 -9999 -9999 -9999 -9999 -9999 -9999 -9999 -9999 -9999 -9999 -9999 -9999 -9999 -9999 -9999 -9999 -9999 -9999
