Model and model input files/precip_2009.asc
ncols         625
nrows         453
xllcorner     138621.56993419
yllcorner     4094031.9406744
cellsize      1000
NODATA_value  -9999
[rows 34 to 67 of 453, columns 154 to 230 of 625]
745.43 835.2951 845.88 845.88 845.88 1023.472 1021.79 1021.79 1138.431 1152.17 1152.17 1152.17 934.4451 908.8 908.8 910.9095 869.87 869.87 869.87 845.5698 845.8 845.8 849.8413 771.22 771.22 771.22 756.7126 756.85 756.85 740.5726 1057.24 1057.24 1057.24 1122.175 1121.56 1121.56 1121.56 813.0175 815.94 815.94 711.1794 698.84 698.84 698.84 673.13 673.13 673.13 652.2047 649.74 649.74 651.1321 624.05 624.05 624.05 754.6205 770 770 754.595 1054.29 1054.29 1054.29 1517.106 1571.62 1571.62 1571.62 1848.604 1845.98 1845.98 1570.185 -9999 -9999 -9999 -9999 -9999 -9999 -9999 -9999
728.0146 835.2951 845.88 845.88 845.88 1023.472 1021.79 1021.79 1138.431 1152.17 1152.17 1152.17 934.4451 908.8 908.8 910.9095 869.87 869.87 869.87 845.5698 845.8 845.8 849.8413 771.22 771.22 771.22 756.7126 756.85 756.85 740.5726 1057.24 1057.24 1057.24 1122.175 1121.56 1121.56 1138.121 815.94 815.94 815.94 711.1794 698.84 698.84 698.84 673.13 673.13 673.13 652.2047 649.74 649.74 651.1321 624.05 624.05 624.05 754.6205 770 770 754.595 1054.29 1054.29 1054.29 1517.106 1571.62 1571.62 1571.62 1848.604 1845.98 1845.98 1570.185 -9999 -9999 -9999 -9999 -9999 -9999 -9999 -9999
580.16 615.3903 619.54 619.54 619.54 694.4293 693.72 693.72 711.5767 713.68 713.68 713.68 685.7757 686.04 686.04 686.3288 680.71 680.71 680.71 704.8083 704.58 704.58 697.9811 826.36 826.36 826.36 829.0555 829.03 829.03 822.9166 941.85 941.85 941.85 872.4931 873.15 873.15 878.8684 767.62 815.94 815.94 711.1794 698.84 698.84 698.84 673.13 673.13 673.13 652.2047 649.74 649.74 651.1321 624.05 624.05 624.05 754.6205 770 770 754.595 1054.29 1054.29 1054.29 1517.106 1571.62 1571.62 1556.753 1845.98 1845.98 1845.98 1570.185 -9999 -9999 -9999 -9999 -9999 -9999 -9999 -9999
580.16 615.3903 619.54 619.54 619.54 694.4293 693.72 693.72 711.5767 713.68 713.68 713.68 685.7757 686.04 686.04 686.3288 680.71 680.71 680.71 704.8083 704.58 704.58 697.9811 826.36 826.36 826.36 829.0555 829.03 829.03 822.9166 941.85 941.85 941.85 872.4931 873.15 873.15 878.8684 767.62 767.62 767.62 644.2515 645.42 645.42 645.42 621.31 621.31 621.31 645.5812 648.44 648.44 644.4708 721.69 721.69 721.69 1024.225 1059.86 1059.86 1033.118 1553.36 1553.36 1553.36 1728.644 1749.29 1749.29 1746.793 1795.37 1795.37 1795.37 1435.015 -9999 -9999 -9999 -9999 -9999 -9999 -9999 -9999
580.16 615.3903 619.54 619.54 619.54 694.4293 693.72 693.72 711.5767 713.68 713.68 713.68 685.7757 686.04 686.04 681.2717 680.71 680.71 680.71 704.8083 704.58 704.58 697.9811 826.36 826.36 826.36 829.0555 829.03 829.03 822.9166 941.85 941.85 941.85 872.4931 873.15 873.15 878.8684 767.62 767.62 767.62 644.2515 645.42 645.42 645.42 621.31 621.31 621.31 645.5812 648.44 648.44 644.4708 721.69 721.69 721.69 1024.225 1059.86 1059.86 1033.118 1553.36 1553.36 1553.36 1728.644 1749.29 1749.29 1746.793 1795.37 1795.37 1795.37 1388.718 -9999 -9999 -9999 -9999 -9999 -9999 -9999 -9999
580.16 615.3903 619.54 619.54 619.54 694.4293 693.72 693.72 711.5767 713.68 713.68 713.68 685.7757 686.04 686.04 681.2717 680.71 680.71 680.71 704.58 704.58 704.58 697.9811 826.36 826.36 826.36 829.0555 829.03 829.03 822.9166 941.85 941.85 941.85 872.4931 873.15 873.15 878.8684 767.62 767.62 767.62 644.2515 645.42 645.42 646.7264 621.31 621.31 621.31 645.5812 648.44 648.44 644.4708 721.69 721.69 721.69 1024.225 1059.86 1059.86 1033.118 1553.36 1553.36 1553.36 1728.644 1749.29 1749.29 1746.793 1795.37 1795.37 1795.37 1388.718 -9999 -9999 -9999 -9999 -9999 -9999 -9999 -9999
491.96 538.23 543.68 543.68 543.68 563.0838 562.9 562.9 591.7338 595.13 595.13 595.13 592.8383 592.86 592.86 610.4125 673.5203 680.71 680.71 704.58 704.58 704.58 697.9811 826.36 826.36 826.36 829.0555 829.03 829.03 822.9166 941.85 941.85 941.85 872.4931 873.15 873.15 878.8684 767.62 767.62 767.62 644.2515 645.42 645.42 646.7264 621.31 621.31 621.31 645.5812 648.44 648.44 644.4708 721.69 721.69 721.69 1024.225 1059.86 1059.86 1033.118 1553.36 1553.36 1553.36 1728.644 1749.29 1749.29 1746.793 1795.37 1795.37 1795.37 1388.718 -9999 -9999 -9999 -9999 -9999 -9999 -9999 -9999
491.96 538.23 543.68 543.68 543.68 563.0838 562.9 562.9 591.7338 595.13 595.13 595.13 592.8383 592.86 592.86 610.4125 612.48 612.48 612.48 657.81 657.81 657.81 736.528 745.8 745.8 745.8 912.1355 910.56 910.56 908.9582 940.12 940.12 940.12 695.3011 697.62 697.62 698.6804 678.05 678.05 678.05 637.6271 638.01 638.01 635.3391 687.3 687.3 687.3 708.1374 707.94 707.94 698.2751 886.3 886.3 886.3 1285.16 1332.14 1332.14 1320.153 1553.36 1553.36 1553.36 1728.644 1749.29 1749.29 1746.793 1795.37 1795.37 1795.37 1388.718 -9999 -9999 -9999 -9999 -9999 -9999 -9999 -9999
491.96 538.23 543.68 543.68 543.68 563.0838 562.9 562.9 591.7338 595.13 595.13 595.13 592.8383 592.86 592.86 610.4125 612.48 612.48 612.48 657.81 657.81 657.81 736.528 745.8 745.8 745.8 912.1355 910.56 910.56 908.9582 940.12 940.12 940.12 695.3011 697.62 697.62 698.6804 678.05 678.05 678.05 637.6271 638.01 638.01 635.3391 687.3 687.3 687.3 708.1374 707.94 707.94 698.2751 886.3 886.3 886.3 1285.16 1332.14 1332.14 1308.271 1772.62 1772.62 1772.62 1915.867 1932.74 1932.74 1939.854 1801.46 1801.46 1801.46 1432.879 -9999 -9999 -9999 -9999 -9999 -9999 -9999 -9999
491.96 544.1746 543.68 543.68 543.68 563.0838 562.9 562.9 591.7338 595.13 595.13 595.13 592.8383 592.86 592.86 610.4125 612.48 612.48 612.48 657.81 657.81 657.81 736.528 745.8 745.8 736.8721 910.56 910.56 910.56 908.9582 940.12 940.12 940.12 695.3011 697.62 697.62 698.6804 678.05 678.05 678.05 637.6271 638.01 638.01 635.3391 687.3 687.3 687.3 708.1374 707.94 707.94 867.5053 886.3 886.3 886.3 1285.16 1332.14 1332.14 1308.271 1772.62 1772.62 1772.62 1915.867 1932.74 1932.74 1939.854 1801.46 1801.46 1801.46 1432.879 -9999 -9999 -9999 -9999 -9999 -9999 -9999 -9999
491.96 544.1746 543.68 543.68 542.6385 562.9 562.9 562.9 591.7338 595.13 595.13 595.13 592.8383 592.86 592.86 610.4125 612.48 612.48 612.48 657.81 657.81 657.81 736.528 745.8 745.8 736.8721 910.56 910.56 910.56 908.9582 940.12 940.12 940.12 695.3011 697.62 697.62 698.6804 678.05 678.05 678.05 637.6271 638.01 638.01 635.3391 687.3 687.3 687.3 708.1374 707.94 707.94 867.5053 886.3 886.3 886.3 1285.16 1332.14 1332.14 1308.271 1772.62 1772.62 1772.62 1915.867 1932.74 1932.74 1939.854 1801.46 1801.46 1801.46 1432.879 -9999 -9999 -9999 -9999 -9999 -9999 -9999 -9999
459.18 500.8043 500.41 500.41 498.6928 532.1 532.1 532.1 542.2093 543.4 543.4 543.4 550.1741 550.11 550.11 557.4012 558.26 558.26 558.26 602.88 602.88 602.88 652.639 658.5 658.5 651.8122 781.92 781.92 781.92 734.0486 728.41 728.41 728.41 617.5701 698.3754 697.62 698.6804 678.05 678.05 678.05 637.6271 638.01 638.01 635.3391 687.3 687.3 687.3 708.1374 707.94 707.94 867.5053 886.3 886.3 886.3 1336.403 1332.14 1332.14 1308.271 1772.62 1772.62 1772.62 1915.867 1932.74 1932.74 1939.854 1801.46 1801.46 1801.46 1432.879 -9999 -9999 -9999 -9999 -9999 -9999 -9999 -9999
459.18 500.8043 500.41 500.41 498.6928 532.1 532.1 532.1 543.5081 543.4 543.4 543.4 550.1741 550.11 550.11 557.4012 558.26 558.26 558.26 602.88 602.88 602.88 652.639 658.5 658.5 651.8122 781.92 781.92 781.92 734.0486 728.41 728.41 728.41 617.5701 618.62 618.62 617.8798 632.28 632.28 632.28 613.6233 613.8 613.8 610.9243 666.87 666.87 666.87 725.889 725.33 725.33 930.6733 954.86 954.86 954.86 1243.363 1240.63 1240.63 1220.931 1604.16 1604.16 1604.16 1797.972 1820.8 1820.8 1825.244 1738.79 1738.79 1738.79 1286.809 -9999 -9999 -9999 -9999 -9999 -9999 -9999 -9999
459.18 500.8043 500.41 500.41 498.6928 532.1 532.1 532.1 543.5081 543.4 543.4 543.4 550.1741 550.11 550.11 557.4012 558.26 558.26 558.26 602.88 602.88 602.88 652.639 658.5 658.5 651.8122 781.92 781.92 781.92 734.0486 728.41 728.41 734.3592 618.62 618.62 618.62 617.8798 632.28 632.28 632.28 613.6233 613.8 613.8 610.9243 666.87 666.87 666.87 725.889 725.33 725.33 930.6733 954.86 954.86 954.86 1243.363 1240.63 1240.63 1565.853 1604.16 1604.16 1604.16 1797.972 1820.8 1820.8 1825.244 1738.79 1738.79 1738.79 1286.809 -9999 -9999 -9999 -9999 -9999 -9999 -9999 -9999
459.18 500.8043 500.41 500.41 498.6928 532.1 532.1 532.1 543.5081 543.4 543.4 543.0364 550.11 550.11 550.11 557.4012 558.26 558.26 558.26 602.88 602.88 602.88 652.639 658.5 658.5 651.8122 781.92 781.92 781.92 734.0486 728.41 728.41 734.3592 618.62 618.62 618.62 617.8798 632.28 632.28 632.28 613.6233 613.8 613.8 610.9243 666.87 666.87 666.87 725.889 725.33 725.33 930.6733 954.86 954.86 954.86 1243.363 1240.63 1240.63 1565.853 1604.16 1604.16 1604.16 1797.972 1820.8 1820.8 1825.244 1738.79 1738.79 1738.79 1286.809 -9999 -9999 -9999 -9999 -9999 -9999 -9999 -9999
460.2 500.7945 500.41 500.41 498.6928 532.1 532.1 532.1 543.5081 543.4 543.4 543.0364 550.11 550.11 550.11 557.4012 558.26 558.26 558.26 602.88 602.88 602.88 652.639 658.5 658.5 651.8122 781.92 781.92 781.92 734.0486 728.41 728.41 734.3592 618.62 618.62 618.62 630.8406 632.28 632.28 632.28 613.6233 613.8 613.8 610.9243 666.87 666.87 666.87 725.889 725.33 725.33 930.6733 954.86 954.86 954.86 1243.363 1240.63 1240.63 1565.853 1604.16 1604.16 1604.16 1797.972 1820.8 1820.8 1825.244 1738.79 1738.79 1738.79 1286.809 -9999 -9999 -9999 -9999 -9999 -9999 -9999 -9999
460.2 499.3206 498.95 498.95 498.4607 507.98 507.98 507.98 533.6229 533.38 533.38 532.6062 547.66 547.66 547.66 569.3252 569.12 569.12 569.12 578.98 578.98 578.98 646.4705 654.42 654.42 648.1304 770.49 770.49 770.49 721.0262 715.2 715.2 718.6778 651.02 651.02 651.02 638.0032 636.47 636.47 636.47 638.4891 638.47 638.47 639.3928 621.44 621.44 621.44 705.8091 705.01 705.01 937.0489 964.38 964.38 964.8959 1243.363 1240.63 1240.63 1565.853 1604.16 1604.16 1604.16 1822.872 1820.8 1820.8 1825.244 1738.79 1738.79 1738.79 1286.809 -9999 -9999 -9999 -9999 -9999 -9999 -9999 -9999
460.2 499.3206 498.95 498.95 498.4607 507.98 507.98 507.98 533.6229 533.38 533.38 532.6062 547.66 547.66 547.66 569.3252 569.12 569.12 569.12 578.98 578.98 578.98 646.4705 654.42 654.42 648.1304 770.49 770.49 770.49 721.0262 715.2 715.2 718.6778 651.02 651.02 651.02 638.0032 636.47 636.47 636.3616 638.47 638.47 638.47 639.3928 621.44 621.44 621.44 705.8091 705.01 705.01 937.0489 964.38 964.38 964.38 1267.4 1264.53 1264.53 1475.456 1500.3 1500.3 1500.3 1665.161 1663.6 1663.6 1682.691 1311.29 1311.29 1311.29 930.4225 -9999 -9999 -9999 -9999 -9999 -9999 -9999 -9999
460.2 499.3206 498.95 498.95 498.4607 507.98 507.98 507.98 533.6229 533.38 533.38 532.6062 547.66 547.66 547.66 569.3252 569.12 569.12 568.5857 578.98 578.98 578.98 646.4705 654.42 654.42 648.1304 770.49 770.49 770.49 721.0262 715.2 715.2 718.6778 651.02 651.02 651.02 638.0032 636.47 636.47 636.3616 638.47 638.47 638.47 639.3928 621.44 621.44 621.44 705.8091 705.01 705.01 937.0489 964.38 964.38 964.38 1267.4 1264.53 1264.53 1475.456 1500.3 1500.3 1500.3 1665.161 1663.6 1663.6 1348.415 1311.29 1311.29 1311.29 930.4225 -9999 -9999 -9999 -9999 -9999 -9999 -9999 -9999
460.2 499.3206 498.95 498.95 498.4607 507.98 507.98 507.98 533.6229 533.38 533.38 532.6062 547.66 547.66 547.66 569.3252 569.12 569.12 568.5857 578.98 578.98 578.98 646.4705 654.42 654.42 648.1304 770.49 770.49 770.49 721.0262 715.2 715.2 718.6778 651.02 651.02 651.02 638.0032 636.47 636.47 636.3616 638.47 638.47 638.47 623.2346 621.44 621.44 621.44 705.8091 705.01 705.01 937.0489 964.38 964.38 964.38 1267.4 1264.53 1264.53 1475.456 1500.3 1500.3 1500.3 1665.161 1663.6 1663.6 1348.415 1311.29 1311.29 1311.29 930.4225 -9999 -9999 -9999 -9999 -9999 -9999 -9999 -9999
443.08 455.19 455.19 455.19 452.3685 507.26 507.26 507.26 563.4623 562.93 562.93 562.2906 574.73 574.73 574.73 568.5818 568.64 568.614 568.5857 578.98 578.98 578.98 655.1414 654.42 654.42 648.1304 770.49 770.49 770.49 721.0262 715.2 715.2 718.6778 651.02 651.02 651.02 638.0032 636.47 636.47 636.3616 638.47 638.47 638.47 623.2346 621.44 621.44 621.44 705.8091 705.01 705.01 937.0489 964.38 964.38 964.38 1267.4 1264.53 1264.53 1475.456 1500.3 1500.3 1500.3 1665.161 1663.6 1663.6 1348.415 1311.29 1311.29 1311.29 930.4225 -9999 -9999 -9999 -9999 -9999 -9999 -9999 -9999
443.08 455.19 455.19 455.19 452.3685 507.26 507.26 507.26 563.4623 562.93 562.93 562.2906 574.73 574.73 574.73 568.5818 568.64 568.64 570.2288 539.32 539.32 539.32 570.4953 570.2 570.2 565.9788 648.1 648.1 648.1 679.1345 682.79 682.79 681.9847 697.65 697.65 697.65 647.891 642.03 642.03 642.1335 640.12 640.12 640.12 622.4332 620.35 620.35 620.35 647.7092 647.45 647.45 764.3506 778.12 778.12 778.12 959.6292 957.91 957.91 1210.436 1240.18 1472.89 1500.3 1665.161 1663.6 1663.6 1348.415 1311.29 1311.29 1311.29 934.03 -9999 -9999 -9999 -9999 -9999 -9999 -9999 -9999
443.08 455.19 455.19 455.19 501.7731 507.26 507.26 507.26 563.4623 562.93 562.93 562.2906 574.73 574.73 574.73 568.5818 568.64 568.64 570.2288 539.32 539.32 539.32 570.4953 570.2 570.2 639.8913 648.1 648.1 648.1 679.1345 682.79 682.79 681.9847 697.65 697.65 697.65 647.891 642.03 642.03 642.1335 640.12 640.12 640.12 622.4332 620.35 620.35 618.8815 647.45 647.45 647.45 764.3506 778.12 778.12 778.12 959.6292 957.91 957.91 1210.436 1240.18 1240.18 1240.18 1539.455 1536.62 1536.62 1453.697 1443.93 1443.93 1443.93 927.85 -9999 -9999 -9999 -9999 -9999 -9999 -9999 -9999
443.08 455.19 455.19 455.19 501.7731 507.26 507.26 507.26 563.4623 562.93 562.93 562.2906 574.73 574.73 574.73 568.5818 568.64 568.64 570.2288 539.32 539.32 539.32 570.4953 570.2 570.2 639.8913 648.1 648.1 648.1 679.1345 682.79 682.79 681.9847 697.65 697.65 697.65 647.891 642.03 642.03 642.1335 640.12 640.12 640.12 622.4332 620.35 620.35 618.8815 647.45 647.45 647.45 764.3506 778.12 778.12 778.12 959.6292 957.91 957.91 1210.436 1240.18 1240.18 1240.18 1539.455 1536.62 1536.62 1453.697 1443.93 1443.93 1443.93 927.85 -9999 -9999 -9999 -9999 -9999 -9999 -9999 -9999
443.08 455.19 455.19 455.19 501.7731 507.26 507.26 504.2434 562.93 562.93 562.93 562.2906 574.73 574.73 574.73 568.5818 568.64 568.64 570.2288 539.32 539.32 539.32 570.4953 570.2 570.2 639.8913 648.1 648.1 648.1 683.1217 682.79 682.79 681.9847 697.65 697.65 697.65 647.891 642.03 642.03 642.1335 640.12 640.12 640.12 622.4332 620.35 620.35 618.8815 647.45 647.45 647.45 779.3695 778.12 778.12 778.12 959.6292 957.91 957.91 1210.436 1240.18 1240.18 1240.18 1539.455 1536.62 1536.62 1453.697 1443.93 1443.93 1443.93 927.85 -9999 -9999 -9999 -9999 -9999 -9999 -9999 -9999
436.84 453.19 453.19 453.19 467.0567 468.69 468.69 467.0286 499.35 499.35 499.35 498.1145 522.15 522.15 522.15 510.0049 510.12 510.12 510.6597 500.16 500.16 500.16 503.855 503.82 503.82 536.0802 539.88 539.88 539.88 560.4448 560.25 560.25 559.0546 582.31 582.31 685.4961 647.891 642.03 642.03 642.1335 640.12 640.12 640.12 622.4332 620.35 620.35 618.8815 647.45 647.45 647.45 779.3695 778.12 778.12 778.12 959.6292 957.91 957.91 1210.436 1240.18 1240.18 1240.18 1539.455 1536.62 1536.62 1453.697 1443.93 1443.93 1443.93 927.85 -9999 -9999 -9999 -9999 -9999 -9999 -9999 -9999
436.84 453.19 453.19 453.19 467.0567 468.69 468.69 467.0286 499.35 499.35 499.35 519.7475 522.15 522.15 522.15 510.0049 510.12 510.12 510.6597 500.16 500.16 500.16 503.855 503.82 503.82 536.0802 539.88 539.88 539.88 560.4448 560.25 560.25 579.9854 582.31 582.31 582.31 619.3475 623.71 623.71 623.994 618.47 618.47 618.47 613.2365 612.62 612.62 612.8096 609.12 609.12 609.12 634.248 634.01 634.01 634.01 806.3726 804.74 804.74 1142.345 1182.11 1182.11 1182.11 1497.245 1494.26 1494.26 1532.97 1537.53 1537.53 1537.53 1053.34 -9999 -9999 -9999 -9999 -9999 -9999 -9999 -9999
436.84 453.19 453.19 453.19 467.0567 468.69 468.69 467.0286 499.35 499.35 499.35 519.7475 522.15 522.15 522.15 510.0049 510.12 510.12 510.6597 500.16 500.16 500.16 503.855 503.82 503.82 536.0802 539.88 539.88 539.88 560.4448 560.25 560.25 579.9854 582.31 582.31 582.31 619.3475 623.71 623.71 623.994 618.47 618.47 618.47 613.2365 612.62 612.62 612.8096 609.12 609.12 609.12 634.248 634.01 634.01 624.7586 804.74 804.74 804.74 1142.345 1182.11 1182.11 1182.11 1497.245 1494.26 1494.26 1532.97 1537.53 1537.53 1537.53 1053.34 -9999 -9999 -9999 -9999 -9999 -9999 -9999 -9999
436.84 453.19 453.19 453.19 467.0567 468.69 468.69 467.0286 499.35 499.35 499.35 519.7475 522.15 522.15 522.8019 510.12 510.12 510.12 510.6597 500.16 500.16 500.16 503.855 503.82 503.82 536.0802 539.88 539.88 539.88 560.4448 560.25 560.25 579.9854 582.31 582.31 582.31 624.1059 623.71 623.71 623.994 618.47 618.47 618.47 613.2365 612.62 612.62 612.8096 609.12 609.12 609.12 634.248 634.01 634.01 624.7586 804.74 804.74 804.74 1142.345 1182.11 1182.11 1182.11 1497.245 1494.26 1494.26 1532.97 1537.53 1537.53 1537.53 1053.34 -9999 -9999 -9999 -9999 -9999 -9999 -9999 -9999
497.92 482.11 482.11 482.11 490.6089 491.61 491.61 491.1889 499.38 499.38 499.38 510.9744 512.34 512.34 522.8957 510.12 510.12 510.12 510.6597 500.16 500.16 500.16 503.855 503.82 503.82 536.0802 539.88 539.88 539.88 560.4448 560.25 560.25 579.9854 582.31 582.31 582.31 624.1059 623.71 623.71 623.994 618.47 618.47 618.47 613.2365 612.62 612.62 612.8096 609.12 609.12 609.12 634.248 634.01 634.01 624.7586 804.74 804.74 804.74 1185.719 1182.11 1182.11 1182.11 1497.245 1494.26 1494.26 1532.97 1537.53 1537.53 1537.53 1053.34 -9999 -9999 -9999 -9999 -9999 -9999 -9999 -9999
497.92 482.11 482.11 482.11 490.6089 491.61 491.61 491.1889 499.38 499.38 499.38 510.9744 512.34 512.34 512.385 511.51 511.51 511.51 514.337 514.67 514.67 514.67 504.7662 504.86 504.86 494.706 493.51 493.51 493.51 502.384 502.3 502.3 529.7381 532.97 532.97 532.97 580.9041 580.45 580.45 578.0885 624.03 624.03 624.03 632.028 632.97 632.97 628.3109 718.95 718.95 718.95 644.6462 645.35 645.35 641.7682 711.45 794.9095 804.74 1185.719 1182.11 1182.11 1182.11 1497.245 1494.26 1494.26 1532.97 1537.53 1537.53 1537.53 1053.34 -9999 -9999 -9999 -9999 -9999 -9999 -9999 -9999
498.7767 482.11 482.11 482.11 490.6089 491.61 491.61 491.1889 499.38 499.38 499.38 510.9744 512.34 512.34 512.385 511.51 511.51 511.51 514.337 514.67 514.67 514.67 504.7662 504.86 504.86 494.706 493.51 493.51 493.51 502.384 502.3 502.3 529.7381 532.97 532.97 532.97 580.9041 580.45 580.45 619.4378 624.03 624.03 624.03 632.028 632.97 632.97 628.3109 718.95 718.95 718.95 644.6462 645.35 645.35 641.7682 711.45 711.45 711.45 1268.355 1263.08 1263.08 1263.08 1598.356 1595.18 1595.18 1574.675 1572.26 1572.26 1572.26 1172.84 -9999 -9999 -9999 -9999 -9999 -9999 -9999 -9999
498.7767 482.11 482.11 482.11 490.6089 491.61 491.61 491.1889 499.38 499.38 499.38 510.9744 512.34 512.34 512.385 511.51 511.51 511.51 514.337 514.67 514.67 514.67 504.7662 504.86 504.86 494.706 493.51 493.51 493.51 502.384 502.3 502.3 529.7381 532.97 532.97 532.97 580.9041 580.45 580.45 619.4378 624.03 624.03 624.03 632.028 632.97 632.97 628.3109 718.95 718.95 718.95 644.6462 645.35 645.35 641.7682 711.45 711.45 711.45 1268.355 1263.08 1263.08 1245.084 1595.18 1595.18 1595.18 1574.675 1572.26 1572.26 1572.26 1172.84 -9999 -9999 -9999 -9999 -9999 -9999 -9999 -9999
498.7767 482.11 482.11 482.11 490.6089 491.61 491.61 491.1889 499.38 499.38 499.38 510.9744 512.34 512.34 512.385 511.51 511.51 511.51 514.337 514.67 514.67 515.2015 504.86 504.86 504.86 494.706 493.51 493.51 493.51 502.384 502.3 502.3 529.7381 532.97 532.97 532.97 580.9041 580.45 580.45 619.4378 624.03 624.03 624.03 632.028 632.97 632.97 628.3109 718.95 718.95 718.95 644.6462 645.35 645.35 641.7682 711.45 711.45 711.45 1268.355 1263.08 1263.08 1245.084 1595.18 1595.18 1595.18 1574.675 1572.26 1572.26 1572.26 1172.84 -9999 -9999 -9999 -9999 -9999 -9999 -9999 -9999
