Model and model input files/precip_1994.asc
ncols         625
nrows         453
xllcorner     138621.56993419
yllcorner     4094031.9406744
cellsize      1000
NODATA_value  -9999
[rows 68 to 101 of 453, columns 0 to 76 of 625]
-9999 -9999 -9999 -9999 -9999 -9999 -9999 -9999 -9999 -9999 -9999 -9999 -9999 -9999 -9999 -9999 -9999 348.63 348.63 348.63 348.3372 348.34 348.34 348.9762 336.6 336.6 336.6 332.4204 332.46 332.46 331.5166 349.87 349.87 349.87 383.2127 387.14 387.14 387.14 391.47 391.47 391.47 372.7902 370.59 370.59 371.3589 356.4 356.4 356.4 341.5224 339.77 339.77 339.77 322.1834 322.35 322.35 323.3509 303.88 303.88 303.88 279.4688 279.7 279.7 268.7587 267.47 267.47 267.47 265.3398 265.36 265.36 264.1895 286.96 286.96 286.96 288.6508 288.85 288.85 288.921
-9999 -9999 -9999 -9999 -9999 -9999 -9999 -9999 -9999 -9999 -9999 -9999 -9999 -9999 -9999 -9999 -9999 348.63 348.63 348.63 348.3372 348.34 348.34 348.9762 336.6 336.6 336.6 332.4204 332.46 332.46 331.5166 349.87 349.87 349.87 387.4964 387.14 387.14 387.14 391.47 391.47 391.47 372.7902 370.59 370.59 371.2944 357.59 357.59 357.59 336.0564 333.52 333.52 334.4965 315.5 315.5 315.5 315.8425 309.18 309.18 309.18 301.1439 301.22 301.22 294.7429 293.98 293.98 293.98 291.6479 291.67 265.36 284.6839 286.96 286.96 286.96 288.6508 288.85 288.85 288.921
-9999 -9999 -9999 -9999 -9999 -9999 -9999 -9999 -9999 -9999 -9999 -9999 -9999 -9999 -9999 -9999 -9999 348.63 348.63 348.6457 348.34 348.34 348.34 348.9762 336.6 336.6 336.6 332.4204 332.46 332.46 331.5166 349.87 349.87 349.87 387.4964 387.14 387.14 386.9054 391.47 391.47 391.47 372.7902 370.59 370.59 371.2944 357.59 357.59 357.59 336.0564 333.52 333.52 334.4965 315.5 315.5 315.5 315.8425 309.18 309.18 309.18 301.1439 301.22 301.22 294.7429 293.98 293.98 293.98 291.6479 291.67 291.67 306.2166 307.93 307.93 307.93 318.5223 319.77 319.77 319.6703
-9999 -9999 -9999 -9999 -9999 -9999 -9999 -9999 -9999 -9999 -9999 -9999 -9999 -9999 -9999 -9999 -9999 348.63 348.63 348.6457 348.34 348.34 348.34 348.9762 336.6 336.6 336.6 332.4204 332.46 332.46 331.5166 349.87 349.87 349.87 387.4964 387.14 387.14 386.9054 391.47 391.47 391.47 372.7902 370.59 370.59 371.2944 357.59 357.59 357.59 336.0564 333.52 333.52 334.4965 315.5 315.5 315.5 309.846 309.18 309.18 309.18 301.1439 301.22 301.22 294.7429 293.98 293.98 293.98 291.6479 291.67 291.67 306.2166 307.93 307.93 307.93 319.8832 319.77 319.77 319.6703
-9999 -9999 -9999 -9999 -9999 -9999 -9999 -9999 -9999 -9999 -9999 -9999 -9999 -9999 -9999 -9999 -9999 282.59 282.59 281.5512 301.76 301.76 301.76 341.6782 346.38 337.6306 336.6 332.4204 332.46 332.46 331.5166 349.87 349.87 349.87 387.4964 387.14 387.14 386.9054 391.47 391.47 391.47 370.3903 370.59 370.59 371.2944 357.59 357.59 357.59 336.0564 333.52 333.52 334.4965 315.5 315.5 315.5 309.846 309.18 309.18 309.18 301.1439 301.22 301.22 294.7429 293.98 293.98 293.98 291.6479 291.67 291.67 306.2166 307.93 307.93 307.93 319.8832 319.77 319.77 319.6703
-9999 -9999 -9999 -9999 -9999 -9999 -9999 -9999 -9999 -9999 -9999 -9999 -9999 -9999 -9999 -9999 -9999 282.59 282.59 281.5512 301.76 301.76 301.76 341.6782 346.38 346.38 341.1775 442.39 442.39 442.39 442.2172 445.58 445.58 445.58 412.3957 412.71 412.71 412.7512 411.95 411.95 411.95 405.6604 405.72 405.72 408.2365 359.28 359.28 357.7681 336.0564 333.52 333.52 334.4965 315.5 315.5 315.5 309.846 309.18 309.18 309.6113 301.22 301.22 301.22 294.7429 293.98 293.98 293.98 291.6479 291.67 291.67 306.2166 307.93 307.93 307.93 319.8832 319.77 319.77 321.4161
-9999 -9999 -9999 -9999 -9999 -9999 -9999 -9999 -9999 -9999 -9999 -9999 -9999 -9999 -9999 -9999 -9999 282.59 282.59 281.5512 301.76 301.76 301.76 341.6782 346.38 346.38 341.1775 442.39 442.39 442.39 442.2172 445.58 445.58 445.58 412.3957 412.71 412.71 412.7512 411.95 411.95 411.95 405.6604 405.72 405.72 364.1736 359.28 359.28 359.28 333.8637 330.87 330.87 332.4149 302.36 302.36 302.36 282.222 279.85 279.85 280.1892 273.59 273.59 273.59 269.1681 269.21 269.21 269.21 283.1924 283.06 283.06 305.9803 308.7206 307.93 307.93 319.8832 319.77 319.77 321.4161
-9999 -9999 -9999 -9999 -9999 -9999 -9999 -9999 -9999 -9999 -9999 -9999 -9999 -9999 -9999 -9999 -9999 282.59 282.59 281.5512 301.76 301.76 301.76 341.6782 346.38 346.38 341.1775 442.39 442.39 442.39 445.2438 445.58 445.58 445.58 412.3957 412.71 412.71 412.7512 411.95 411.95 411.95 405.6604 405.72 405.72 364.1736 359.28 359.28 359.28 330.5983 330.87 330.87 332.4149 302.36 302.36 302.36 282.222 279.85 279.85 280.1892 273.59 273.59 273.59 269.1681 269.21 269.21 269.21 283.1924 283.06 283.06 305.9803 308.68 308.68 308.68 323.8436 323.7 323.7 313.4297
-9999 -9999 -9999 -9999 -9999 -9999 -9999 -9999 -9999 -9999 -9999 -9999 -9999 -9999 -9999 -9999 -9999 282.59 282.59 281.5512 301.76 301.76 301.76 341.6782 346.38 346.38 341.1775 442.39 442.39 442.39 445.2438 445.58 445.58 447.3611 412.71 412.71 412.71 412.7512 411.95 411.95 411.95 405.6604 405.72 405.72 364.1736 359.28 359.28 359.28 330.5983 330.87 330.87 332.4149 302.36 302.36 302.36 282.222 279.85 279.85 280.1892 273.59 273.59 273.59 269.1681 269.21 269.21 268.4595 283.06 283.06 283.06 305.9803 308.68 308.68 308.68 323.8436 323.7 323.7 313.4297
-9999 -9999 -9999 -9999 -9999 -9999 -9999 -9999 -9999 -9999 -9999 -9999 -9999 -9999 -9999 -9999 -9999 258.72 258.72 273.696 275.46 275.46 275.46 307.1655 310.9 310.9 307.8498 367.19 367.19 367.19 380.3678 381.92 381.92 384.6234 332.03 413.4815 412.71 412.7512 411.95 411.95 411.95 405.6604 405.72 405.72 364.1736 359.28 359.28 359.28 330.5983 330.87 330.87 305.3642 302.36 302.36 302.36 282.222 279.85 279.85 280.1892 273.59 273.59 273.59 269.1681 269.21 269.21 268.4595 283.06 283.06 283.06 305.9803 308.68 308.68 308.68 323.8436 323.7 323.7 313.4297
-9999 -9999 -9999 -9999 -9999 -9999 -9999 -9999 -9999 -9999 -9999 -9999 -9999 -9999 -9999 -9999 -9999 258.72 258.72 273.696 275.46 275.46 275.46 307.1655 310.9 310.9 307.8498 367.19 367.19 367.19 380.3678 381.92 381.92 384.6234 332.03 332.03 332.03 322.869 321.79 321.79 321.79 311.866 311.96 311.96 293.656 291.5 291.5 291.5 285.8565 285.91 285.91 295.1873 296.28 296.28 296.28 269.0655 265.86 265.1019 280.1892 273.59 273.59 273.59 269.1681 269.21 269.21 268.4595 283.06 283.06 283.06 308.925 308.68 308.68 308.68 323.8436 323.7 323.7 313.4297
-9999 -9999 -9999 -9999 -9999 -9999 -9999 -9999 -9999 -9999 -9999 -9999 -9999 -9999 -9999 -9999 -9999 258.72 258.72 273.696 275.46 275.46 275.46 311.2389 310.9 310.9 307.8498 367.19 367.19 367.19 380.3678 381.92 381.92 384.6234 332.03 332.03 332.03 322.869 321.79 321.79 321.79 311.866 311.96 311.96 293.656 291.5 291.5 291.5 285.8565 285.91 285.91 295.1873 296.28 296.28 296.28 265.5691 265.86 265.86 266.6099 252.02 252.02 252.02 246.8712 246.92 246.92 246.2757 258.81 258.81 258.81 292.6808 292.36 292.36 291.0476 316.58 316.58 316.58 297.0324
-9999 -9999 -9999 -9999 -9999 -9999 -9999 -9999 -9999 -9999 -9999 -9999 -9999 -9999 -9999 -9999 -9999 258.72 258.72 273.696 275.46 275.46 275.46 311.2389 310.9 310.9 361.2585 367.19 367.19 367.19 380.3678 381.92 381.92 384.6234 332.03 332.03 332.03 322.869 321.79 321.79 322.3227 311.96 311.96 311.96 293.656 291.5 291.5 291.5 285.8565 285.91 285.91 295.1873 296.28 296.28 296.28 265.5691 265.86 265.86 253.4784 252.02 252.02 252.02 246.8712 246.92 246.92 246.2757 258.81 258.81 258.81 292.6808 292.36 292.36 291.0476 316.58 316.58 316.58 297.0324
-9999 -9999 -9999 -9999 -9999 -9999 -9999 -9999 -9999 -9999 -9999 -9999 -9999 -9999 -9999 -9999 -9999 261.92 261.92 267.744 268.43 268.43 268.43 307.1546 310.9 310.9 361.2585 367.19 367.19 367.19 380.3678 381.92 381.92 384.6234 332.03 332.03 332.03 322.869 321.79 321.79 322.3227 311.96 311.96 311.96 291.3044 291.5 291.5 291.5 285.8565 285.91 285.91 295.1873 296.28 296.28 296.28 265.5691 265.86 265.86 253.4784 252.02 252.02 252.02 246.8712 246.92 246.92 246.2757 258.81 258.81 258.81 292.6808 292.36 292.36 291.0476 316.58 316.58 316.58 294.5211
-9999 -9999 -9999 -9999 -9999 -9999 -9999 -9999 -9999 -9999 -9999 -9999 -9999 -9999 -9999 -9999 -9999 261.92 261.92 267.744 268.43 268.43 268.43 274.8407 274.78 274.78 277.1776 277.46 277.46 277.46 272.816 272.86 272.86 272.8692 272.69 272.69 272.69 265.4704 264.62 264.62 264.6644 263.8 263.8 263.8 248.1086 291.5 291.5 291.5 285.8565 285.91 285.91 295.1873 296.28 296.28 296.28 265.5691 265.86 265.86 253.4784 252.02 252.02 252.02 246.92 246.92 246.92 246.2757 258.81 258.81 258.81 292.6808 292.36 292.36 291.0476 316.58 316.58 316.58 294.5211
-9999 -9999 -9999 -9999 -9999 -9999 -9999 -9999 -9999 -9999 -9999 -9999 -9999 -9999 -9999 -9999 -9999 261.92 261.92 267.744 268.43 268.43 268.43 274.8407 274.78 274.78 277.1776 277.46 277.46 277.46 272.816 272.86 272.86 272.7079 272.69 272.69 272.69 265.4704 264.62 264.62 264.6644 263.8 263.8 263.8 250.3324 250.46 250.46 250.4855 249.99 249.99 249.99 259.9472 261.12 261.12 261.12 253.1142 253.19 253.19 244.9595 243.99 243.99 243.99 242 242 242 241.0203 260.08 260.08 258.9438 292.6808 292.36 292.36 291.0476 316.58 316.58 316.58 294.5211
-9999 -9999 -9999 -9999 -9999 -9999 -9999 -9999 -9999 -9999 -9999 -9999 -9999 -9999 -9999 -9999 -9999 261.92 261.92 268.4922 268.43 268.43 268.43 274.8407 274.78 274.78 277.1776 277.46 277.46 277.46 272.816 272.86 272.86 272.7079 272.69 272.69 272.69 265.4704 264.62 264.62 264.6644 263.8 263.8 263.8 250.3324 250.46 250.46 250.4855 249.99 249.99 249.99 259.9472 261.12 261.12 261.12 253.1142 253.19 253.19 244.9595 243.99 243.99 243.99 242 242 242 258.1748 260.08 260.08 260.08 296.1416 295.8 295.8 295.7111 297.44 297.44 297.44 276.3603
-9999 -9999 -9999 -9999 -9999 -9999 -9999 -9999 -9999 -9999 -9999 -9999 -9999 -9999 -9999 -9999 -9999 261.92 261.92 268.4922 268.43 268.43 268.43 274.8407 274.78 274.78 277.1776 277.46 277.46 277.46 272.816 272.86 272.86 272.7079 272.69 272.69 272.69 264.5428 264.62 264.62 264.6644 263.8 263.8 263.8 250.3324 250.46 250.46 250.4855 249.99 249.99 249.99 261.2264 261.12 261.12 261.12 253.1142 253.19 253.19 244.9595 243.99 243.99 243.99 242 242 242 258.1748 260.08 260.08 260.08 296.1416 295.8 295.8 295.7111 297.44 297.44 297.44 276.3603
-9999 -9999 -9999 -9999 -9999 -9999 -9999 -9999 -9999 -9999 -9999 -9999 -9999 -9999 -9999 -9999 -9999 263.13 263.13 257.3452 257.4 257.4 257.213 260.85 260.85 273.3121 277.1776 277.46 277.46 277.46 272.816 272.86 272.86 272.7079 272.69 272.69 272.69 264.5428 264.62 264.62 264.6644 263.8 263.8 263.8 250.3324 250.46 250.46 250.4855 249.99 249.99 249.99 261.2264 261.12 261.12 261.5497 253.19 253.19 253.19 244.9595 243.99 243.99 243.99 242 242 242 258.1748 260.08 260.08 258.1444 295.8 295.8 295.8 295.7111 297.44 297.44 297.44 276.3603
-9999 -9999 -9999 -9999 -9999 -9999 -9999 -9999 -9999 -9999 -9999 -9999 -9999 -9999 -9999 -9999 -9999 263.13 263.13 257.3452 257.4 257.4 257.213 260.85 260.85 260.85 257.7809 257.81 257.81 257.81 256.5379 256.55 256.55 265.5499 266.61 266.61 266.61 270.618 270.58 270.58 260.8912 259.75 259.75 259.75 241.9312 242.1 242.1 242.2506 239.32 239.32 239.32 249.2541 249.16 249.16 249.0397 252.9993 253.19 253.19 244.9595 243.99 243.99 243.99 242 242 242 258.1748 260.08 260.08 258.1444 295.8 295.8 295.8 297.2672 297.44 297.44 297.44 276.3603
-9999 -9999 -9999 -9999 -9999 -9999 -9999 -9999 -9999 -9999 -9999 -9999 -9999 -9999 -9999 -9999 -9999 263.13 263.13 257.3452 257.4 257.4 257.213 260.85 260.85 260.85 257.7809 257.81 257.81 257.81 256.5379 256.55 256.55 265.5499 266.61 266.61 266.61 270.618 270.58 270.58 260.8912 259.75 259.75 259.75 241.9312 242.1 242.1 242.2506 239.32 239.32 239.32 249.2541 249.16 249.16 249.0397 251.38 251.38 251.38 251.2589 251.26 251.26 251.26 251.68 251.68 251.68 262.0576 263.28 263.28 261.5503 295.2 295.2 295.2 285.0549 283.86 283.86 283.86 268.9993
-9999 -9999 -9999 -9999 -9999 -9999 -9999 -9999 -9999 -9999 -9999 -9999 -9999 -9999 -9999 -9999 -9999 263.13 263.13 257.3452 257.4 257.4 257.213 260.85 260.85 260.85 257.7809 257.81 257.81 257.8783 256.55 256.55 256.55 265.5499 266.61 266.61 266.61 270.618 270.58 270.58 260.8912 259.75 259.75 259.75 242.1 242.1 242.1 242.2506 239.32 239.32 239.32 249.2541 249.16 249.16 249.0397 251.38 251.38 251.38 251.2589 251.26 251.26 251.26 251.68 251.68 251.68 262.0576 263.28 263.28 261.5503 295.2 295.2 295.2 285.0549 283.86 283.86 284.6576 269.14
-9999 -9999 -9999 -9999 -9999 -9999 -9999 -9999 -9999 -9999 -9999 -9999 -9999 -9999 -9999 -9999 -9999 263.13 263.13 257.3452 257.4 257.4 257.213 260.85 260.85 260.85 257.7809 257.81 257.81 257.8783 256.55 256.55 256.55 265.5499 266.61 266.61 266.61 270.618 270.58 270.58 260.8912 259.75 259.75 259.75 242.1 242.1 242.1 239.6129 239.32 239.32 239.32 249.2541 249.16 249.16 249.0397 251.38 251.38 251.38 251.2589 251.26 251.26 251.2372 251.68 251.68 251.68 262.0576 263.28 263.28 261.5503 295.2 295.2 295.2 285.0549 283.86 283.86 284.6576 269.14
-9999 -9999 -9999 -9999 -9999 -9999 -9999 -9999 -9999 -9999 -9999 -9999 -9999 -9999 -9999 -9999 -9999 246.49 246.49 244.95 244.95 244.95 244.4293 254.56 254.56 254.56 240.5069 240.64 240.64 240.7435 238.73 238.73 238.73 246.756 246.68 264.5099 266.61 270.618 270.58 270.58 260.8912 259.75 259.75 259.75 242.1 242.1 242.1 239.6129 239.32 239.32 239.32 249.2541 249.16 249.16 249.0397 251.38 251.38 251.38 251.2589 251.26 251.26 251.2372 251.68 251.68 251.68 262.0576 263.28 263.28 261.5503 295.2 295.2 295.2 285.0549 283.86 283.86 284.6576 269.14
-9999 -9999 -9999 -9999 -9999 -9999 -9999 -9999 -9999 -9999 -9999 -9999 -9999 -9999 -9999 -9999 -9999 246.49 246.49 244.95 244.95 244.95 244.4293 254.56 254.56 254.56 240.5069 240.64 240.64 240.7435 238.73 238.73 238.73 246.756 246.68 246.68 246.68 269.4456 269.23 269.23 264.2917 263.71 263.71 263.71 245.76 245.76 245.76 240.428 239.8 239.8 239.6353 242.84 242.84 242.84 242.4482 250.07 250.07 250.07 251.2714 251.26 251.26 251.2372 251.68 251.68 251.68 263.3909 263.28 263.28 261.5503 295.2 295.2 295.2 285.0549 283.86 283.86 284.6576 269.14
-9999 -9999 -9999 -9999 -9999 -9999 -9999 -9999 -9999 -9999 -9999 -9999 -9999 -9999 -9999 -9999 -9999 246.49 246.49 244.95 244.95 244.95 253.5473 254.56 254.56 254.56 240.5069 240.64 240.64 240.7435 238.73 238.73 238.73 246.756 246.68 246.68 245.4581 269.23 269.23 269.23 264.2917 263.71 263.71 263.71 245.76 245.76 245.76 240.428 239.8 239.8 239.6353 242.84 242.84 242.84 242.4482 250.07 250.07 250.07 260.6199 260.52 260.52 259.7738 274.29 274.29 274.29 281.9021 281.83 281.83 282.4266 270.82 270.82 270.82 264.1193 263.33 263.33 263.2964 263.95
-9999 -9999 -9999 -9999 -9999 -9999 -9999 -9999 -9999 -9999 -9999 -9999 -9999 -9999 -9999 -9999 -9999 246.49 246.49 244.95 244.95 244.95 253.5473 254.56 254.56 255.3143 240.64 240.64 240.64 240.7435 238.73 238.73 238.73 246.756 246.68 246.68 245.4581 269.23 269.23 269.23 263.6572 263.71 263.71 263.71 245.76 245.76 245.76 240.428 239.8 239.8 239.6353 242.84 242.84 242.84 249.3082 250.07 250.07 250.07 260.6199 260.52 260.52 259.7738 274.29 274.29 274.29 281.9021 281.83 281.83 271.9802 270.82 270.82 270.82 264.1193 263.33 263.33 263.2964 263.95
-9999 -9999 -9999 -9999 -9999 -9999 -9999 -9999 -9999 -9999 -9999 -9999 -9999 -9999 -9999 -9999 -9999 227.53 227.53 231.78 231.78 231.78 244.8057 253.6938 254.56 255.3143 240.64 240.64 240.64 240.7435 238.73 238.73 238.73 246.756 246.68 246.68 245.4581 269.23 269.23 269.23 263.6572 263.71 263.71 263.71 245.76 245.76 245.76 240.428 239.8 239.8 239.6353 242.84 242.84 242.84 249.3082 250.07 250.07 250.07 260.6199 260.52 260.52 259.7738 274.29 274.29 274.29 281.9021 281.83 281.83 271.9802 270.82 270.82 270.82 264.1193 263.33 263.33 263.2964 263.95
-9999 -9999 -9999 -9999 -9999 -9999 -9999 -9999 -9999 -9999 -9999 -9999 -9999 -9999 -9999 -9999 -9999 227.53 227.53 231.78 231.78 231.78 244.8057 246.34 246.34 246.8168 237.54 237.54 237.54 234.8024 234.48 234.48 234.48 239.4672 239.42 239.42 239.2894 241.83 241.83 241.83 248.2508 248.19 248.19 248.1542 248.85 245.7305 245.76 240.428 239.8 239.8 239.6353 242.84 242.84 242.84 249.3082 250.07 250.07 249.5038 260.52 260.52 260.52 259.7738 274.29 274.29 274.29 281.9021 281.83 281.83 271.9802 270.82 270.82 270.82 263.2584 263.33 263.33 263.2964 263.95
-9999 -9999 -9999 -9999 -9999 -9999 -9999 -9999 -9999 -9999 -9999 -9999 -9999 -9999 -9999 -9999 -9999 227.53 227.53 231.78 231.78 231.78 244.8057 246.34 246.34 246.8168 237.54 237.54 237.54 234.8024 234.48 234.48 234.48 239.4672 239.42 239.42 239.2894 241.83 241.83 241.83 248.2508 248.19 248.19 248.1542 248.85 248.85 248.85 253.511 254.06 254.06 253.9413 256.25 256.25 256.25 263.7112 264.59 264.59 261.0293 330.3 330.3 330.3 329.9174 337.36 337.36 337.36 309.9605 310.22 310.22 294.8304 270.82 270.82 270.82 263.2584 263.33 263.33 263.2964 263.95
-9999 -9999 -9999 -9999 -9999 -9999 -9999 -9999 -9999 -9999 -9999 -9999 -9999 -9999 -9999 -9999 -9999 227.53 227.2997 231.78 231.78 231.78 244.8057 246.34 246.34 246.8168 237.54 237.54 237.54 234.8024 234.48 234.48 234.2123 239.42 239.42 239.42 239.2894 241.83 241.83 241.83 248.2508 248.19 248.19 248.1542 248.85 248.85 248.85 254.1098 254.06 254.06 253.9413 256.25 256.25 256.25 263.7112 264.59 264.59 261.0293 330.3 330.3 330.3 336.616 337.36 337.36 337.36 309.9605 310.22 310.22 293.6963 291.75 291.75 291.75 281.8765 281.97 281.97 290.1379 291.1
-9999 -9999 -9999 -9999 -9999 -9999 -9999 -9999 -9999 -9999 -9999 -9999 -9999 -9999 -9999 -9999 -9999 227.53 227.2997 231.78 231.78 231.78 244.8057 246.34 246.34 246.8168 237.54 237.54 237.54 234.8024 234.48 234.48 234.2123 239.42 239.42 239.42 239.2894 241.83 241.83 241.83 248.2508 248.19 248.19 248.1542 248.85 248.85 248.85 254.1098 254.06 254.06 253.9413 256.25 256.25 256.25 263.7112 264.59 264.59 261.0293 330.3 330.3 330.3 336.616 337.36 337.36 337.36 309.9605 310.22 310.22 293.6963 291.75 291.75 291.75 281.8765 281.97 281.97 290.1379 291.1
-9999 -9999 -9999 -9999 -9999 -9999 -9999 -9999 -9999 -9999 -9999 -9999 -9999 -9999 -9999 -9999 -9999 223.32 222.9266 230.58 230.58 230.58 241.14 241.04 241.04 241.3749 234.86 234.86 234.86 233.2497 233.06 233.06 232.7154 239.42 239.42 239.42 241.576 241.83 241.83 241.83 248.2508 248.19 248.19 248.1542 248.85 248.85 248.85 254.1098 254.06 254.06 256.0192 256.25 256.25 256.25 263.7112 264.59 264.59 261.0293 330.3 330.3 330.3 336.616 337.36 337.36 338.8306 310.22 310.22 310.22 293.6963 291.75 291.75 291.75 281.8765 281.97 281.97 290.1379 291.1
-9999 -9999 -9999 -9999 -9999 -9999 -9999 -9999 -9999 -9999 -9999 -9999 -9999 -9999 -9999 -9999 -9999 223.32 222.9266 230.58 230.58 230.58 241.14 241.04 241.04 241.3749 234.86 234.86 234.86 233.2497 233.06 233.06 232.9787 234.56 234.56 234.56 235.1147 235.18 235.18 235.18 240.3591 240.31 240.31 239.3812 257.45 257.45 257.45 266.2029 266.12 266.12 268.0882 268.32 268.32 268.32 315.3326 323.9197 264.59 261.0293 330.3 330.3 330.3 336.616 337.36 337.36 338.8306 310.22 310.22 310.22 293.6963 291.75 291.75 291.75 281.8765 281.97 281.97 290.1379 291.1
