Model and model input files/precip_1981.asc
ncols         625
nrows         453
xllcorner     138621.56993419
yllcorner     4094031.9406744
cellsize      1000
NODATA_value  -9999
[rows 68 to 101 of 453, columns 154 to 230 of 625]
692.8011 662.82 662.82 662.82 610.1713 610.67 610.67 612.7621 572.06 572.06 572.06 564.0173 563.07 563.07 562.5027 573.54 573.54 573.54 564.9695 563.96 563.96 564.0651 562.02 562.02 562.02 559.3451 559.03 559.03 559.03 557.6065 557.62 565.0812 573.9848 574.93 574.93 574.93 603.3492 603.08 603.08 625.5351 628.18 628.18 628.18 662.8383 662.51 662.51 656.3679 775.86 775.86 775.86 683.1216 684 684 680.1663 754.75 754.75 754.75 1441.858 1435.35 1435.35 1413.687 1835.13 1835.13 1835.13 1770.923 1763.36 1763.36 1763.36 1236.48 -9999 -9999 -9999 -9999 -9999 -9999 -9999 -9999
692.8011 662.82 662.82 662.82 610.1713 610.67 610.67 612.7621 572.06 572.06 572.06 564.0173 563.07 563.07 562.5027 573.54 573.54 573.54 564.9695 563.96 563.96 564.0651 562.02 562.02 562.02 559.0015 559.03 559.03 559.03 557.6065 557.62 557.62 545.2831 543.83 543.83 543.83 590.068 589.63 589.63 618.6427 622.06 622.06 622.06 671.2964 670.83 670.83 669.2407 700.16 700.16 700.16 590.8547 591.89 591.89 588.5629 653.29 653.29 653.29 1108.855 1104.54 1104.54 1083.887 1485.68 1485.68 1485.68 1639.709 1638.25 1638.25 1638.25 1544.32 -9999 -9999 -9999 -9999 -9999 -9999 -9999 -9999
692.8011 662.82 662.82 662.82 610.1713 610.67 610.67 576.1285 572.06 572.06 572.06 564.0173 563.07 563.07 562.5027 573.54 573.54 573.54 564.9695 563.96 563.96 564.0651 562.02 562.02 562.02 559.0015 559.03 559.03 559.03 557.6065 557.62 557.62 545.2831 543.83 543.83 543.83 590.068 589.63 589.63 618.6427 622.06 622.06 622.06 671.2964 670.83 670.83 697.0693 700.16 700.16 700.16 590.8547 591.89 591.89 588.5629 653.29 653.29 653.29 1108.855 1104.54 1104.54 1083.887 1485.68 1485.68 1485.68 1639.709 1638.25 1638.25 1638.25 1544.32 -9999 -9999 -9999 -9999 -9999 -9999 -9999 -9999
692.8011 662.82 662.82 662.82 610.1713 610.67 610.67 576.1285 572.06 572.06 572.06 564.0173 563.07 563.07 562.5027 573.54 573.54 573.54 564.9695 563.96 563.96 564.0651 562.02 562.02 562.02 559.0015 559.03 559.03 559.1064 557.62 557.62 557.62 545.2831 543.83 543.83 543.83 590.068 589.63 589.63 618.6427 622.06 622.06 622.06 671.2964 670.83 670.83 697.0693 700.16 700.16 700.16 590.8547 591.89 591.89 588.5629 653.29 653.29 653.29 1108.855 1104.54 1104.54 1083.887 1485.68 1485.68 1485.68 1639.709 1638.25 1638.25 1638.25 1544.32 -9999 -9999 -9999 -9999 -9999 -9999 -9999 -9999
692.8011 662.82 662.82 662.82 610.1713 610.67 610.67 576.1285 572.06 572.06 572.06 562.9841 563.07 563.07 562.5027 573.54 573.54 573.54 564.9695 563.96 563.96 564.0651 562.02 562.02 562.02 559.0015 559.03 559.03 559.1064 557.62 557.62 557.62 545.2831 543.83 543.83 543.83 590.068 589.63 589.63 618.6427 622.06 622.06 622.06 671.2964 670.83 670.83 697.0693 700.16 700.16 700.16 590.8547 591.89 591.89 588.5629 653.29 653.29 653.29 1108.855 1104.54 1104.54 1083.887 1485.68 1485.68 1485.68 1639.709 1638.25 1638.25 1643.34 1544.32 -9999 -9999 -9999 -9999 -9999 -9999 -9999 -9999
645.9012 677.2 677.2 677.2 658.3716 658.55 658.55 619.276 614.65 614.65 614.65 594.8929 595.08 595.08 594.5181 605.45 605.45 605.45 619.4777 621.13 621.13 623.1599 583.67 583.67 583.67 548.0728 548.41 548.41 549.0488 536.62 536.62 536.62 531.6816 531.1 531.1 531.1 554.7668 589.63 589.63 618.6427 622.06 622.06 622.06 671.2964 670.83 670.83 697.0693 700.16 700.16 700.16 591.89 591.89 591.89 588.5629 653.29 653.29 653.29 1108.855 1104.54 1104.54 1083.887 1485.68 1485.68 1485.68 1639.709 1638.25 1638.25 1643.34 1544.32 -9999 -9999 -9999 -9999 -9999 -9999 -9999 -9999
645.9012 677.2 677.2 677.2 658.3716 658.55 658.55 619.276 614.65 614.65 614.65 594.8929 595.08 595.08 594.5181 605.45 605.45 605.45 619.4777 621.13 621.13 623.1599 583.67 583.67 583.67 548.0728 548.41 548.41 549.0488 536.62 536.62 536.62 531.0472 531.1 531.1 531.1 556.5713 556.33 556.33 586.1299 589.64 589.64 589.64 621.1888 620.89 620.89 585.6597 581.51 581.51 581.51 540.72 540.72 540.72 531.0166 719.79 719.79 719.79 1220.493 1215.75 1215.75 1203.764 1436.95 1436.95 1436.95 1472.396 1472.06 1472.06 1487.322 1190.41 -9999 -9999 -9999 -9999 -9999 -9999 -9999 -9999
645.9012 677.2 677.2 677.2 658.3716 658.55 658.55 619.276 614.65 614.65 614.65 594.8929 595.08 595.08 604.3573 605.45 605.45 605.45 619.4777 621.13 621.13 623.1599 583.67 583.67 583.67 548.0728 548.41 548.41 549.0488 536.62 536.62 536.62 531.0472 531.1 531.1 531.1 556.5713 556.33 556.33 586.1299 589.64 589.64 589.64 621.1888 620.89 620.89 585.6597 581.51 581.51 581.51 540.72 540.72 540.72 531.0166 719.79 719.79 719.79 1220.493 1215.75 1215.75 1203.764 1436.95 1436.95 1436.95 1472.396 1472.06 1472.06 1487.322 1190.41 -9999 -9999 -9999 -9999 -9999 -9999 -9999 -9999
645.9012 677.2 677.2 677.2 658.3716 658.55 658.55 619.276 614.65 614.65 614.65 594.8929 595.08 595.08 604.3573 605.45 605.45 605.45 619.4777 621.13 621.13 623.1599 583.67 583.67 583.67 548.0728 548.41 548.41 549.0488 536.62 536.62 536.62 531.0472 531.1 531.1 529.7328 556.33 556.33 556.33 586.1299 589.64 589.64 589.64 621.1888 620.89 620.89 585.6597 581.51 581.51 581.51 540.72 540.72 540.72 700.9205 719.79 719.79 719.79 1220.493 1215.75 1215.75 1203.764 1436.95 1436.95 1436.95 1472.396 1472.06 1472.06 1487.322 1190.41 -9999 -9999 -9999 -9999 -9999 -9999 -9999 -9999
616.0239 613.87 613.87 613.87 621.4922 621.42 621.42 614.3882 613.56 613.56 613.56 622.6461 622.56 622.56 635.4337 605.1488 605.45 605.45 621.28 621.13 621.13 623.1599 583.67 583.67 583.67 548.0728 548.41 548.41 549.0488 536.62 536.62 536.62 531.0472 531.1 531.1 529.7328 556.33 556.33 556.33 586.1299 589.64 589.64 589.64 621.1888 620.89 620.89 585.6597 581.51 581.51 581.51 540.72 540.72 540.72 700.9205 719.79 719.79 719.79 1220.493 1215.75 1215.75 1203.764 1436.95 1436.95 1436.95 1472.396 1472.06 1472.06 1487.322 1190.41 -9999 -9999 -9999 -9999 -9999 -9999 -9999 -9999
616.0239 613.87 613.87 613.87 621.4922 621.42 621.42 614.3882 613.56 613.56 613.56 622.6461 622.56 622.56 635.4337 636.95 636.95 636.95 617.2938 617.48 617.48 620.1671 567.89 567.89 567.89 545.1647 545.38 545.38 546.4643 525.37 525.37 525.37 510.055 510.2 510.2 508.5018 541.54 541.54 541.54 581.2256 585.9 585.9 585.9 683.6862 682.76 682.76 598.4058 588.47 588.47 588.47 532.52 532.52 532.52 726.3405 749.17 749.17 750.762 1220.493 1215.75 1215.75 1203.764 1436.95 1436.95 1436.95 1472.396 1472.06 1472.06 1487.322 1190.41 -9999 -9999 -9999 -9999 -9999 -9999 -9999 -9999
616.0239 613.87 613.87 613.4609 621.42 621.42 621.42 614.3882 613.56 613.56 613.56 622.6461 622.56 622.56 635.4337 636.95 636.95 636.95 617.2938 617.48 617.48 573.1155 567.89 567.89 567.89 545.1647 545.38 545.38 546.4643 525.37 525.37 525.37 510.055 510.2 510.2 508.5018 541.54 541.54 541.54 586.3242 585.9 585.9 585.9 683.6862 682.76 682.76 598.4058 588.47 588.47 588.47 532.52 532.52 532.52 726.3405 749.17 749.17 721.0987 1267.21 1267.21 1267.21 1257.097 1453.84 1453.84 1453.84 1310.038 1311.4 1311.4 1330.951 950.59 -9999 -9999 -9999 -9999 -9999 -9999 -9999 -9999
616.0239 613.87 613.87 613.4609 621.42 621.42 621.42 614.3882 613.56 613.56 613.56 622.6461 622.56 622.56 635.4337 636.95 636.95 636.95 617.2938 617.48 617.48 573.1155 567.89 567.89 567.89 545.1647 545.38 545.38 546.4643 525.37 525.37 525.37 510.055 510.2 510.2 508.5018 541.54 541.54 541.54 586.3242 585.9 585.9 585.9 683.6862 682.76 682.76 598.4058 588.47 588.47 588.47 532.52 532.52 532.52 726.3405 749.17 749.17 721.0987 1267.21 1267.21 1267.21 1257.097 1453.84 1453.84 1453.84 1310.038 1311.4 1311.4 1330.951 950.59 -9999 -9999 -9999 -9999 -9999 -9999 -9999 -9999
616.0239 613.87 613.87 613.4609 621.42 621.42 621.42 614.3882 613.56 613.56 613.56 622.6461 622.56 622.56 635.4337 636.95 636.95 636.95 617.2938 617.48 617.48 573.1155 567.89 567.89 567.89 545.1647 545.38 545.38 546.4643 525.37 525.37 525.37 510.055 510.2 510.2 508.5018 541.54 541.54 541.54 586.3242 585.9 585.9 585.9 683.6862 682.76 682.76 598.4058 588.47 588.47 588.47 532.52 532.52 532.52 726.3405 749.17 749.17 721.0987 1267.21 1267.21 1267.21 1257.097 1453.84 1453.84 1453.84 1310.038 1311.4 1311.4 1330.951 950.59 -9999 -9999 -9999 -9999 -9999 -9999 -9999 -9999
615.103 608.3 608.3 607.8193 617.17 617.17 617.17 613.4246 613.46 613.46 613.46 609.9366 609.97 609.97 635.4757 638.48 638.48 638.48 619.2681 619.45 619.45 589.0238 585.44 585.44 585.44 585.62 585.62 585.62 587.0029 560.1 560.1 560.1 560.1765 510.2 510.2 508.5018 541.54 541.54 541.54 586.3242 585.9 585.9 580.6514 682.76 682.76 682.76 598.4058 588.47 588.47 588.47 532.52 532.52 532.52 726.3405 749.17 749.17 721.0987 1267.21 1267.21 1267.21 1434.174 1453.84 1453.84 1453.84 1310.038 1311.4 1311.4 1330.951 950.59 -9999 -9999 -9999 -9999 -9999 -9999 -9999 -9999
615.103 608.3 608.3 607.8193 617.17 617.17 617.17 613.4246 613.46 613.46 613.46 609.9366 609.97 609.97 635.4757 638.48 638.48 638.48 619.2681 619.45 619.45 589.0238 585.44 585.44 585.44 585.62 585.62 585.62 587.0029 560.1 560.1 560.1 557.6064 557.63 557.63 556.2238 583.58 583.58 583.58 594.1602 594.06 594.06 581.0897 833.42 833.42 833.42 643.5179 621.15 621.15 621.15 586.57 586.57 586.57 765.9602 787.09 787.09 760.7078 1273.96 1273.96 1273.96 1398.554 1413.23 1413.23 1413.23 1141.426 1144 1144 1163.117 791.2 -9999 -9999 -9999 -9999 -9999 -9999 -9999 -9999
615.103 608.3 608.3 607.8193 617.17 617.17 617.17 613.4246 613.46 613.46 613.6491 609.97 609.97 609.97 635.4757 638.48 638.48 638.48 619.2681 619.45 619.45 589.0238 585.44 585.44 585.44 585.62 585.62 585.62 587.0029 560.1 560.1 560.1 557.6064 557.63 557.63 556.2238 583.58 583.58 583.58 594.1602 594.06 594.06 581.0897 833.42 833.42 833.42 643.5179 621.15 621.15 621.15 586.57 586.57 586.57 765.9602 787.09 787.09 760.7078 1273.96 1273.96 1273.96 1398.554 1413.23 1413.23 1413.23 1141.426 1144 1144 1163.117 791.2 -9999 -9999 -9999 -9999 -9999 -9999 -9999 -9999
615.103 608.3 608.3 607.8193 617.17 617.17 617.17 613.4246 613.46 613.46 613.6491 609.97 609.97 609.97 635.4757 638.48 638.48 638.48 619.2681 619.45 619.45 589.0238 585.44 585.44 585.44 585.62 585.62 585.62 562.7891 560.1 560.1 560.1 557.6064 557.63 557.63 556.2238 583.58 583.58 583.58 594.1602 594.06 594.06 581.0897 833.42 833.42 833.42 619.1202 621.15 621.15 621.15 586.57 586.57 586.57 765.9602 787.09 787.09 760.7078 1273.96 1273.96 1273.96 1398.554 1413.23 1413.23 1427.819 1144 1144 1144 1163.117 791.2 -9999 -9999 -9999 -9999 -9999 -9999 -9999 -9999
615.0793 608.3 608.3 607.8193 617.17 617.17 617.17 613.4246 613.46 613.46 613.6491 609.97 609.97 609.97 635.4757 638.48 638.48 638.48 619.2681 619.45 619.45 589.0238 585.44 585.44 585.44 585.62 585.62 585.62 562.7891 560.1 560.1 560.1 557.6064 557.63 557.63 556.2238 583.58 583.58 583.58 594.1602 594.06 594.06 581.0897 833.42 833.42 833.42 619.1202 621.15 621.15 621.15 586.57 586.57 586.57 765.9602 787.09 787.09 760.7078 1273.96 1273.96 1273.96 1398.554 1413.23 1413.23 1427.819 1144 1144 1144 1163.117 791.2 -9999 -9999 -9999 -9999 -9999 -9999 -9999 -9999
664.9713 663.75 663.75 658.4402 761.74 761.74 761.74 772.2294 772.13 772.13 778.101 661.94 661.94 661.94 807.9833 806.6 806.6 806.6 880.5605 879.86 879.86 779.6262 767.82 767.82 767.82 661.03 661.03 661.03 632.0621 628.65 628.65 626.8884 661.16 661.16 661.16 663.4916 618.13 618.13 618.13 538.6472 539.4 539.4 539.523 537.13 537.13 537.13 637.0868 636.14 636.14 636.14 607.23 607.23 608.3495 765.9602 787.09 787.09 760.7078 1273.96 1273.96 1273.96 1398.554 1413.23 1413.23 1427.819 1144 1144 1144 1163.117 791.2 -9999 -9999 -9999 -9999 -9999 -9999 -9999 -9999
663.6392 663.75 663.75 658.4402 761.74 761.74 761.74 772.2294 772.13 772.13 778.101 661.94 661.94 661.94 807.9833 806.6 806.6 806.6 880.5605 879.86 879.86 779.6262 767.82 767.82 767.82 661.03 661.03 661.03 632.0621 628.65 628.65 626.8884 661.16 661.16 661.16 663.4916 618.13 618.13 618.13 538.6472 539.4 539.4 539.523 537.13 537.13 537.13 637.0868 636.14 636.14 637.7066 607.23 607.23 607.23 756.9365 774.57 774.57 753.2917 1167.25 1167.25 1167.25 1221.661 1228.07 1228.07 1237.017 1062.96 1062.96 1062.96 1076.812 807.33 -9999 -9999 -9999 -9999 -9999 -9999 -9999 -9999
663.6392 663.75 663.75 658.4402 761.74 761.74 761.74 772.2294 772.13 772.13 778.101 661.94 661.94 661.94 807.9833 806.6 806.6 802.6302 879.86 879.86 879.86 779.6262 767.82 767.82 767.82 661.03 661.03 661.03 632.0621 628.65 628.65 626.8884 661.16 661.16 661.16 663.4916 618.13 618.13 618.13 538.6472 539.4 539.4 539.523 537.13 537.13 537.13 637.0868 636.14 636.14 637.7066 607.23 607.23 607.23 756.9365 774.57 774.57 753.2917 1167.25 1167.25 1167.25 1221.661 1228.07 1228.07 1237.017 1062.96 1062.96 1062.96 834.267 807.33 -9999 -9999 -9999 -9999 -9999 -9999 -9999 -9999
663.6392 663.75 663.75 658.4402 761.74 761.74 761.74 772.2294 772.13 772.13 778.101 661.94 661.94 661.94 807.9833 806.6 806.6 802.6302 879.86 879.86 879.86 779.6262 767.82 767.82 767.82 661.03 661.03 661.03 632.0621 628.65 628.65 626.8884 661.16 661.16 661.16 622.6643 618.13 618.13 618.13 538.6472 539.4 539.4 539.523 537.13 537.13 537.13 637.0868 636.14 636.14 637.7066 607.23 607.23 607.23 756.9365 774.57 774.57 753.2917 1167.25 1167.25 1167.25 1221.661 1228.07 1228.07 1237.017 1062.96 1062.96 1062.96 834.267 807.33 -9999 -9999 -9999 -9999 -9999 -9999 -9999 -9999
762.7944 762.49 762.49 841.9685 851.33 851.33 851.33 920.6465 919.99 919.99 926.7461 795.31 795.31 795.31 688.5992 689.61 794.2722 802.6302 879.86 879.86 879.86 779.6262 767.82 767.82 767.82 661.03 661.03 661.03 632.0621 628.65 628.65 626.8884 661.16 661.16 661.16 622.6643 618.13 618.13 618.13 538.6472 539.4 539.4 539.523 537.13 537.13 537.13 637.0868 636.14 636.14 637.7066 607.23 607.23 607.23 776.1702 774.57 774.57 753.2917 1167.25 1167.25 1167.25 1221.661 1228.07 1228.07 1237.017 1062.96 1062.96 1062.96 834.267 807.33 -9999 -9999 -9999 -9999 -9999 -9999 -9999 -9999
762.7944 762.49 762.49 841.9685 851.33 851.33 851.33 920.6465 919.99 919.99 926.7461 795.31 795.31 795.31 688.5992 689.61 689.61 683.0793 810.13 810.13 810.13 949.9039 948.58 948.58 948.58 811.91 811.91 811.91 711.9804 700.21 700.21 704.4014 622.86 622.86 622.86 564.8704 558.04 558.04 558.04 466.8967 467.76 467.76 465.1926 515.14 515.14 515.14 920.9741 917.13 917.13 914.7512 961.03 961.03 961.03 680.624 683.28 683.28 670.0502 927.43 1141.979 1167.25 1221.661 1228.07 1228.07 1237.017 1062.96 1062.96 1062.96 834.267 807.33 -9999 -9999 -9999 -9999 -9999 -9999 -9999 -9999
762.7944 762.49 762.49 841.9685 851.33 851.33 851.33 919.99 919.99 919.99 926.7461 795.31 795.31 795.31 688.5992 689.61 689.61 683.0793 810.13 810.13 810.13 949.9039 948.58 948.58 948.58 811.91 811.91 811.91 711.9804 700.21 700.21 704.4014 622.86 622.86 622.86 564.8704 558.04 558.04 562.932 467.76 467.76 467.76 465.1926 515.14 515.14 515.14 920.9741 917.13 917.13 914.7512 961.03 961.03 961.03 680.624 683.28 683.28 670.0502 927.43 927.43 927.43 1197.687 1229.52 1229.52 1233.036 1164.63 1164.63 1164.63 981.7686 960.23 -9999 -9999 -9999 -9999 -9999 -9999 -9999 -9999
762.7944 762.49 762.49 841.9685 851.33 851.33 851.33 919.99 919.99 919.99 926.7461 795.31 795.31 795.31 688.5992 689.61 689.61 683.0793 810.13 810.13 810.13 949.9039 948.58 948.58 948.58 811.91 811.91 811.91 711.9804 700.21 700.21 704.4014 622.86 622.86 622.86 564.8704 558.04 558.04 562.932 467.76 467.76 467.76 465.1926 515.14 515.14 515.14 920.9741 917.13 917.13 914.7512 961.03 961.03 961.03 680.624 683.28 683.28 670.0502 927.43 927.43 927.43 1197.687 1229.52 1229.52 1233.036 1164.63 1164.63 1164.63 981.7686 960.23 -9999 -9999 -9999 -9999 -9999 -9999 -9999 -9999
762.7944 762.49 762.49 841.9685 851.33 851.33 851.33 919.99 919.99 919.99 926.7461 795.31 795.31 795.31 688.5992 689.61 689.61 683.0793 810.13 810.13 810.13 949.9039 948.58 948.58 955.9858 811.91 811.91 811.91 711.9804 700.21 700.21 704.4014 622.86 622.86 622.86 564.8704 558.04 558.04 562.932 467.76 467.76 467.76 465.1926 515.14 515.14 515.14 920.9741 917.13 917.13 914.7512 961.03 961.03 961.03 680.624 683.28 683.28 901.7027 927.43 927.43 927.43 1197.687 1229.52 1229.52 1233.036 1164.63 1164.63 1164.63 981.7686 960.23 -9999 -9999 -9999 -9999 -9999 -9999 -9999 -9999
866.7646 867.28 867.28 1005.768 1022.08 1022.08 1022.08 1152.62 1152.62 1152.62 1050.516 1038.49 1038.49 1038.49 830.8533 832.82 832.82 835.6805 780.03 780.03 780.03 910.8995 909.66 909.66 906.0462 976.35 976.35 976.35 916.1776 909.09 909.09 921.0828 687.77 687.77 629.6999 564.8704 558.04 558.04 562.932 467.76 467.76 467.76 465.1926 515.14 515.14 515.14 920.9741 917.13 917.13 914.7512 961.03 961.03 961.03 680.624 683.28 683.28 901.7027 927.43 927.43 927.43 1197.687 1229.52 1229.52 1233.036 1164.63 1164.63 1164.63 981.7686 960.23 -9999 -9999 -9999 -9999 -9999 -9999 -9999 -9999
866.7646 867.28 867.28 1005.768 1022.08 1022.08 1022.08 1152.62 1152.62 1152.62 1050.516 1038.49 1038.49 1038.49 830.8533 832.82 832.82 835.6805 780.03 780.03 780.03 910.8995 909.66 909.66 906.0462 976.35 976.35 976.35 916.1776 909.09 909.09 921.0828 687.77 687.77 687.77 560.5723 545.59 545.59 550.6398 452.4 452.4 452.4 447.2112 446.6 446.6 446.6 683.5443 681.3 681.3 657.0771 1128.32 1128.32 1128.32 1038.166 1039.02 1039.02 753.4825 719.85 719.85 719.85 1019.281 1054.55 1054.55 1044.188 1245.78 1245.78 1245.78 1144.956 1133.08 -9999 -9999 -9999 -9999 -9999 -9999 -9999 -9999
866.7646 867.28 867.28 1005.768 1022.08 1022.08 1022.08 1152.62 1152.62 1152.62 1050.516 1038.49 1038.49 1038.49 830.8533 832.82 832.82 835.6805 780.03 780.03 780.03 910.8995 909.66 909.66 906.0462 976.35 976.35 976.35 908.4468 909.09 909.09 921.0828 687.77 687.77 687.77 560.5723 545.59 545.59 550.6398 452.4 452.4 452.4 447.2112 446.6 446.6 446.6 683.5443 681.3 681.3 657.0771 1128.32 1128.32 1128.32 1038.166 1039.02 1039.02 753.4825 719.85 719.85 719.85 1057.751 1054.55 1054.55 1044.188 1245.78 1245.78 1245.78 1144.956 1133.08 -9999 -9999 -9999 -9999 -9999 -9999 -9999 -9999
866.7646 867.28 867.28 1005.768 1022.08 1022.08 1022.08 1152.62 1152.62 1152.62 1050.516 1038.49 1038.49 1049.635 832.82 832.82 832.82 835.6805 780.03 780.03 780.03 910.8995 909.66 909.66 906.0462 976.35 976.35 976.35 908.4468 909.09 909.09 921.0828 687.77 687.77 687.77 560.5723 545.59 545.59 550.6398 452.4 452.4 452.4 447.2112 446.6 446.6 446.6 683.5443 681.3 681.3 657.0771 1128.32 1128.32 1128.32 1038.166 1039.02 1039.02 753.4825 719.85 719.85 719.85 1057.751 1054.55 1054.55 1044.188 1245.78 1245.78 1245.78 1144.956 1133.08 -9999 -9999 -9999 -9999 -9999 -9999 -9999 -9999
1083.1 1083.1 1083.1 1266.015 1287.56 1287.56 1287.56 1285.41 1285.41 1285.41 1238.317 1232.77 1232.77 1049.635 832.82 832.82 832.82 835.6805 780.03 780.03 780.03 910.8995 909.66 909.66 906.0462 976.35 976.35 976.35 908.4468 909.09 909.09 921.0828 687.77 687.77 687.77 560.5723 545.59 545.59 550.6398 452.4 452.4 452.4 447.2112 446.6 446.6 433.8822 681.3 681.3 681.3 657.0771 1128.32 1128.32 1128.32 1038.166 1039.02 1039.02 753.4825 719.85 719.85 719.85 1057.751 1054.55 1054.55 1044.188 1245.78 1245.78 1245.78 1144.956 1133.08 -9999 -9999 -9999 -9999 -9999 -9999 -9999 -9999
1083.1 1083.1 1083.1 1266.015 1287.56 1287.56 1287.56 1285.41 1285.41 1285.41 1238.317 1232.77 1232.77 1240.414 1091.71 1091.71 1091.71 1092.993 1068.04 1068.04 1068.04 1267.812 1265.92 1265.92 1264.977 1283.32 1283.32 1283.32 1218.567 1219.18 1219.18 919.078 883.73 883.73 883.73 671.5787 646.59 646.59 652.3583 540.14 540.14 540.14 500.9196 496.3 496.3 492.8602 559.78 559.78 559.78 539.4115 935.67 935.67 935.67 1082.632 1043.469 1039.02 753.4825 719.85 719.85 719.85 1057.751 1054.55 1054.55 1044.188 1245.78 1245.78 1245.78 1144.956 1133.08 -9999 -9999 -9999 -9999 -9999 -9999 -9999 -9999
