Model and model input files/precip_1989.asc
ncols         625
nrows         453
xllcorner     138621.56993419
yllcorner     4094031.9406744
cellsize      1000
NODATA_value  -9999
[rows 34 to 67 of 453, columns 0 to 76 of 625]
-9999 -9999 -9999 -9999 -9999 -9999 -9999 -9999 -9999 -9999 -9999 -9999 -9999 -9999 -9999 -9999 -9999 259.87 254.4184 254.47 254.47 256.1541 223.39 223.39 223.39 241.7439 241.57 241.57 243.0477 214.3 214.3 214.3 171.2018 171.61 171.61 172.0245 163.96 163.96 163.96 162.0317 162.05 162.05 162.05 165.1191 165.09 165.09 174.0452 175.1 175.1 175.1 189.56 189.56 189.56 202.4694 203.99 203.99 202.741 227.04 227.04 227.04 223.4794 223.06 223.06 223.06 198.5882 198.82 198.82 199.4621 186.97 186.97 186.97 177.2782 177.37 177.37 177.5797 173.5 173.5
-9999 -9999 -9999 -9999 -9999 -9999 -9999 -9999 -9999 -9999 -9999 -9999 -9999 -9999 -9999 -9999 -9999 224.92 225.8185 225.81 225.81 226.5134 212.83 212.83 212.83 225.6615 225.54 239.8808 243.0477 214.3 214.3 214.3 171.2018 171.61 171.61 172.0245 163.96 163.96 163.96 162.0317 162.05 162.05 161.8853 165.09 165.09 165.09 174.0452 175.1 175.1 175.1 189.56 189.56 189.56 202.4694 203.99 203.99 202.741 227.04 227.04 227.04 223.4794 223.06 223.06 224.3735 198.82 198.82 198.82 199.4621 186.97 186.97 186.97 177.2782 177.37 177.37 177.5797 173.5 173.5
-9999 -9999 -9999 -9999 -9999 -9999 -9999 -9999 -9999 -9999 -9999 -9999 -9999 -9999 -9999 -9999 -9999 224.92 225.8185 225.81 225.81 214.1978 212.83 212.83 212.83 225.6615 225.54 225.54 226.6904 204.31 204.31 204.31 212.8509 212.77 212.77 213.9946 190.17 190.17 190.17 171.7455 171.92 171.92 172.0354 169.79 169.79 169.79 180.0674 179.97 179.97 175.6132 189.56 189.56 189.56 202.4694 203.99 203.99 202.741 227.04 227.04 227.04 223.4794 223.06 223.06 224.3735 198.82 198.82 198.82 188.2187 186.97 186.97 186.97 177.2782 177.37 177.37 177.5797 173.5 173.5
-9999 -9999 -9999 -9999 -9999 -9999 -9999 -9999 -9999 -9999 -9999 -9999 -9999 -9999 -9999 -9999 -9999 224.92 225.8185 225.81 225.81 214.1978 212.83 212.83 212.83 225.54 225.54 225.54 226.6904 204.31 204.31 204.31 212.8509 212.77 212.77 213.9946 190.17 190.17 190.17 171.7455 171.92 171.92 172.0354 169.79 169.79 169.79 180.0674 179.97 179.97 179.97 185.61 185.61 185.61 193.5543 194.49 194.49 194.031 202.96 202.96 202.96 218.7949 220.66 220.66 221.3726 207.51 207.51 207.51 186.9068 184.48 184.48 184.9883 175.1 174.977 177.37 177.5797 173.5 173.5
-9999 -9999 -9999 -9999 -9999 -9999 -9999 -9999 -9999 -9999 -9999 -9999 -9999 -9999 -9999 -9999 -9999 224.92 225.8185 225.81 225.81 214.1978 212.83 212.83 212.83 225.54 225.54 225.54 206.5471 204.31 204.31 204.31 212.8509 212.77 212.77 213.9946 190.17 190.17 190.17 171.7455 171.92 171.92 172.0354 169.79 169.79 169.79 180.0674 179.97 179.97 179.6644 185.61 185.61 185.61 193.5543 194.49 194.49 194.031 202.96 202.96 202.96 218.7949 220.66 220.66 221.3726 207.51 207.51 207.51 186.9068 184.48 184.48 184.9883 175.1 175.1 175.1 170.5195 169.98 169.98
-9999 -9999 -9999 -9999 -9999 -9999 -9999 -9999 -9999 -9999 -9999 -9999 -9999 -9999 -9999 -9999 -9999 224.92 225.8185 225.81 225.81 214.1978 212.83 212.83 212.83 225.54 225.54 225.54 206.5471 204.31 204.31 203.8516 212.77 212.77 212.77 213.9946 190.17 190.17 190.17 171.7455 171.92 171.92 172.0354 169.79 169.79 169.79 180.0674 179.97 179.97 179.6644 185.61 185.61 185.61 194.5749 194.49 194.49 194.031 202.96 202.96 202.96 218.7949 220.66 220.66 221.3726 207.51 207.51 207.51 186.9068 184.48 184.48 184.9883 175.1 175.1 175.1 170.5195 169.98 169.98
-9999 -9999 -9999 -9999 -9999 -9999 -9999 -9999 -9999 -9999 -9999 -9999 -9999 -9999 -9999 -9999 -9999 233.75 264.2893 264 264 219.2419 213.97 213.97 213.97 201 201 201 217.9084 219.9 219.9 217.6881 260.72 260.72 260.72 255.0212 254.35 189.5563 190.17 171.7455 171.92 171.92 172.0354 169.79 169.79 169.79 180.0674 179.97 179.97 179.6644 185.61 185.61 185.61 194.5749 194.49 194.49 202.0675 202.96 202.96 202.96 218.7949 220.66 220.66 221.3726 207.51 207.51 207.51 186.9068 184.48 184.48 184.9883 175.1 175.1 175.1 170.5195 169.98 169.98
-9999 -9999 -9999 -9999 -9999 -9999 -9999 -9999 -9999 -9999 -9999 -9999 -9999 -9999 -9999 -9999 -9999 232.1108 264 264 264 219.2419 213.97 213.97 213.97 201 201 201 217.9084 219.9 219.9 217.6881 260.72 260.72 260.72 255.0212 254.35 254.35 257.3303 199.35 199.35 199.35 200.0848 185.79 185.79 185.79 186.6683 186.66 186.66 186.2411 194.39 194.39 194.39 192.4718 192.49 192.49 197.3746 197.95 197.95 202.4321 220.8293 220.66 220.66 221.3726 207.51 207.51 207.51 186.9068 184.48 184.48 184.9883 175.1 175.1 175.1 170.5195 169.98 169.98
-9999 -9999 -9999 -9999 -9999 -9999 -9999 -9999 -9999 -9999 -9999 -9999 -9999 -9999 -9999 -9999 -9999 232.1108 264 264 264 213.4916 213.97 213.97 213.97 201 201 201 217.9084 219.9 219.9 217.6881 260.72 260.72 260.72 255.0212 254.35 254.35 257.3303 199.35 199.35 199.35 200.0848 185.79 185.79 185.79 186.6683 186.66 186.66 186.2411 194.39 194.39 194.39 192.4718 192.49 192.49 197.3746 197.95 197.95 197.95 202.6748 202.63 202.63 203.2846 190.55 190.55 190.55 183.9477 183.17 183.17 183.4464 178.07 178.07 178.07 164.9458 163.4 163.4
-9999 -9999 -9999 -9999 -9999 -9999 -9999 -9999 -9999 -9999 -9999 -9999 -9999 -9999 -9999 -9999 -9999 232.1108 264 264 264 213.4916 213.97 213.97 213.97 201 201 201 217.9084 219.9 219.9 217.6881 260.72 260.72 260.72 255.0212 254.35 254.35 257.3303 199.35 199.35 199.35 187.2189 185.79 185.79 185.79 186.6683 186.66 186.66 186.2411 194.39 194.39 194.39 192.4718 192.49 192.49 197.3746 197.95 197.95 197.95 202.6748 202.63 202.63 191.8229 190.55 190.55 190.55 183.9477 183.17 183.17 183.4464 178.07 178.07 178.07 164.9458 163.4 163.4
-9999 -9999 -9999 -9999 -9999 -9999 -9999 -9999 -9999 -9999 -9999 -9999 -9999 -9999 -9999 -9999 -9999 189.9694 224.61 224.61 224.61 239.0266 238.89 238.89 240.9827 201.007 201 201 217.9084 219.9 219.9 217.6881 260.72 260.72 260.72 255.0212 254.35 254.35 257.3303 199.35 199.35 199.35 187.2189 185.79 185.79 185.7428 186.66 186.66 186.66 186.2411 194.39 194.39 194.39 192.4718 192.49 192.49 197.3746 197.95 197.95 197.95 202.6748 202.63 202.63 191.8229 190.55 190.55 190.55 183.0994 183.17 183.17 183.4464 178.07 178.07 178.07 164.9458 163.4 163.4
-9999 -9999 -9999 -9999 -9999 -9999 -9999 -9999 -9999 -9999 -9999 -9999 -9999 -9999 -9999 -9999 -9999 189.9694 224.61 224.61 224.61 239.0266 238.89 238.89 240.9827 200.27 200.27 200.27 240.3092 239.93 239.93 237.9196 277.03 277.03 277.03 286.3341 287.43 287.43 288.3365 270.7 270.7 270.7 267.6225 267.26 267.26 269.1224 235.3951 186.66 186.66 193.5755 194.39 194.39 194.39 192.4718 192.49 192.49 197.3746 197.95 197.95 197.95 202.6748 202.63 202.63 191.8229 190.55 190.55 190.55 183.0994 183.17 183.17 178.6074 178.07 178.07 178.07 164.9458 163.4 163.4
-9999 -9999 -9999 -9999 -9999 -9999 -9999 -9999 -9999 -9999 -9999 -9999 -9999 -9999 -9999 -9999 -9999 189.9694 224.61 224.61 224.61 239.0266 238.89 238.89 240.9827 200.27 200.27 200.27 240.3092 239.93 239.93 273.1206 277.03 277.03 277.03 286.3341 287.43 287.43 288.3365 270.7 270.7 270.7 267.6225 267.26 267.26 269.1224 232.89 232.89 232.89 215.8027 213.79 213.79 214.2219 205.82 205.82 205.82 201.2485 200.71 200.71 200.71 186.3742 186.51 186.51 183.1283 182.73 182.73 182.73 179.8931 179.92 179.92 178.6385 178.07 178.07 178.07 163.2597 163.4 163.4
-9999 -9999 -9999 -9999 -9999 -9999 -9999 -9999 -9999 -9999 -9999 -9999 -9999 -9999 -9999 -9999 -9999 189.9694 224.61 224.61 224.61 239.0266 238.89 238.89 240.9827 200.27 200.27 200.27 240.3092 239.93 239.93 273.1206 277.03 277.03 277.03 287.5294 287.43 287.43 288.3365 270.7 270.7 270.7 267.6225 267.26 267.26 269.1224 232.89 232.89 232.89 215.8027 213.79 213.79 214.2219 205.82 205.82 205.82 201.2485 200.71 200.71 200.71 186.3742 186.51 186.51 183.1283 182.73 182.73 182.73 179.8931 179.92 179.92 175.1516 174.59 174.59 174.59 166.4529 166.53 166.53
-9999 -9999 -9999 -9999 -9999 -9999 -9999 -9999 -9999 -9999 -9999 -9999 -9999 -9999 -9999 -9999 -9999 221.1474 224.61 224.61 224.61 239.0266 238.89 238.89 240.9827 200.27 200.27 200.27 240.3092 239.93 239.93 273.1206 277.03 277.03 277.03 287.5294 287.43 287.43 288.3365 270.7 270.7 270.7 267.6225 267.26 267.26 269.1224 232.89 232.89 232.89 215.8027 213.79 213.79 214.2219 205.82 205.82 205.82 200.6611 200.71 200.71 200.71 186.3742 186.51 186.51 183.1283 182.73 182.73 182.73 179.8931 179.92 179.92 175.1516 174.59 174.59 174.59 166.4529 166.53 166.53
-9999 -9999 -9999 -9999 -9999 -9999 -9999 -9999 -9999 -9999 -9999 -9999 -9999 -9999 -9999 -9999 -9999 193.8531 196.4 196.4 197.1201 183.11 183.11 183.11 183.2986 179.63 179.63 198.0951 240.3092 239.93 239.93 273.1206 277.03 277.03 277.03 287.5294 287.43 287.43 272.4629 270.7 270.7 270.7 267.6225 267.26 267.26 269.1224 232.89 232.89 232.89 215.8027 213.79 213.79 214.2219 205.82 205.82 205.82 200.6611 200.71 200.71 201.4795 186.51 186.51 186.51 183.1283 182.73 182.73 182.73 179.8931 179.92 179.92 175.1516 174.59 174.59 174.59 166.4529 166.53 166.53
-9999 -9999 -9999 -9999 -9999 -9999 -9999 -9999 -9999 -9999 -9999 -9999 -9999 -9999 -9999 -9999 -9999 193.8531 196.4 196.4 197.1201 183.11 183.11 183.11 179.9967 179.63 179.63 179.63 193.1682 193.04 193.04 220.2724 223.48 223.48 223.48 239.6633 239.51 239.51 246.8638 247.73 247.73 247.73 257.8256 257.73 257.73 258.3044 247.13 247.13 247.13 241.0555 240.34 240.34 240.1411 244.01 244.01 244.01 229.3209 200.4351 200.71 201.4795 186.51 186.51 186.51 182.6938 182.73 182.73 182.73 179.8931 179.92 179.92 175.1516 174.59 174.59 174.59 166.4529 166.53 166.53
-9999 -9999 -9999 -9999 -9999 -9999 -9999 -9999 -9999 -9999 -9999 -9999 -9999 -9999 -9999 -9999 -9999 193.8531 196.4 196.4 197.1201 183.11 183.11 183.11 179.9967 179.63 179.63 179.63 193.1682 193.04 193.04 220.2724 223.48 223.48 223.48 239.6633 239.51 239.51 246.8638 247.73 247.73 247.73 257.8256 257.73 257.73 248.247 247.13 247.13 247.13 241.0555 240.34 240.34 240.1411 244.01 244.01 244.01 229.3209 229.46 229.46 230.2983 213.99 213.99 213.99 214.9592 214.95 214.95 214.95 194.1833 194.38 194.38 187.715 186.93 186.93 186.93 200.4783 200.35 200.35
-9999 -9999 -9999 -9999 -9999 -9999 -9999 -9999 -9999 -9999 -9999 -9999 -9999 -9999 -9999 -9999 -9999 193.8531 196.4 196.4 197.1201 183.11 183.11 183.11 179.9967 179.63 179.63 178.9034 193.04 193.04 193.04 220.2724 223.48 223.48 223.48 239.6633 239.51 239.51 246.8638 247.73 247.73 247.73 257.8256 257.73 257.73 248.247 247.13 247.13 247.13 241.0555 240.34 240.34 240.1411 244.01 244.01 244.01 229.3209 229.46 229.46 230.2983 213.99 213.99 213.99 214.9592 214.95 214.95 216.0646 194.38 194.38 194.38 187.715 186.93 186.93 186.93 200.4783 200.35 200.35
-9999 -9999 -9999 -9999 -9999 -9999 -9999 -9999 -9999 -9999 -9999 -9999 -9999 -9999 -9999 -9999 -9999 193.8531 196.4 196.4 197.1201 183.11 183.11 183.11 179.9967 179.63 179.63 178.9034 193.04 193.04 193.04 223.7711 223.48 223.48 223.48 239.6633 239.51 239.51 246.8638 247.73 247.73 247.73 257.8256 257.73 257.73 248.247 247.13 247.13 247.13 240.2751 240.34 240.34 240.1411 244.01 244.01 244.01 229.3209 229.46 229.46 230.2983 213.99 213.99 213.99 214.9592 214.95 214.95 216.0646 194.38 194.38 194.38 186.8587 186.93 186.93 186.93 200.4783 200.35 200.35
-9999 -9999 -9999 -9999 -9999 -9999 -9999 -9999 -9999 -9999 -9999 -9999 -9999 -9999 -9999 -9999 -9999 205.4392 204.22 204.22 206.2168 167.37 167.37 167.37 164.9277 164.64 164.64 164.6243 164.93 164.93 164.93 181.5474 181.39 181.39 181.39 192.475 192.37 234.5426 246.8638 247.73 247.73 247.73 257.8256 257.73 257.73 248.247 247.13 247.13 247.13 240.2751 240.34 240.34 243.6233 244.01 244.01 244.01 229.3209 229.46 229.46 230.2983 213.99 213.99 213.99 214.9592 214.95 214.95 216.0646 194.38 194.38 194.38 186.8587 186.93 186.93 186.93 200.4783 200.35 200.35
-9999 -9999 -9999 -9999 -9999 -9999 -9999 -9999 -9999 -9999 -9999 -9999 -9999 -9999 -9999 -9999 -9999 204.1094 204.22 204.22 206.2168 167.37 167.37 167.37 164.9277 164.64 164.64 164.6243 164.93 164.93 164.93 181.5474 181.39 181.39 180.795 192.37 192.37 192.37 184.2826 183.33 183.33 183.33 190.2556 190.19 190.19 214.7117 217.6 217.6 217.6 224.6467 224.58 224.58 230.4219 231.11 231.11 231.11 234.69 234.69 234.69 235.8117 213.99 213.99 213.99 214.9592 214.95 214.95 216.0646 194.38 194.38 194.38 186.8587 186.93 186.93 186.2028 200.35 200.35 200.35
-9999 -9999 -9999 -9999 -9999 -9999 -9999 -9999 -9999 -9999 -9999 -9999 -9999 -9999 -9999 -9999 -9999 204.1094 204.22 204.22 171.2531 167.37 167.37 167.37 164.9277 164.64 164.64 164.6243 164.93 164.93 164.93 181.5474 181.39 181.39 180.795 192.37 192.37 192.37 183.2436 183.33 183.33 183.33 190.2556 190.19 190.19 214.7117 217.6 217.6 217.6 224.6467 224.58 224.58 230.4219 231.11 231.11 231.11 234.69 234.69 234.69 234.9116 230.6 230.6 230.6 212.6702 212.84 212.84 213.9676 192.03 192.03 192.03 192.8276 192.82 192.82 189.0242 262.87 262.87 262.87
-9999 -9999 -9999 -9999 -9999 -9999 -9999 -9999 -9999 -9999 -9999 -9999 -9999 -9999 -9999 -9999 -9999 204.1094 204.22 204.22 171.2531 167.37 167.37 167.37 164.6139 164.64 164.64 164.6243 164.93 164.93 164.93 181.5474 181.39 181.39 180.795 192.37 192.37 192.37 183.2436 183.33 183.33 182.9583 190.19 190.19 190.19 214.7117 217.6 217.6 217.6 224.6467 224.58 224.58 230.4219 231.11 231.11 231.11 234.69 234.69 234.69 231.031 230.6 230.6 230.6 212.6702 212.84 212.84 213.9676 192.03 192.03 192.03 192.8276 192.82 192.82 189.0242 262.87 262.87 262.87
-9999 -9999 -9999 -9999 -9999 -9999 -9999 -9999 -9999 -9999 -9999 -9999 -9999 -9999 -9999 -9999 -9999 216.0424 216.1 216.1 214.5702 214.39 214.39 214.39 196.339 164.3352 164.64 164.6243 164.93 164.93 164.93 181.5474 181.39 181.39 180.795 192.37 192.37 192.37 183.2436 183.33 183.33 182.9583 190.19 190.19 190.19 214.7117 217.6 217.6 217.6 224.6467 224.58 224.58 230.4219 231.11 231.11 231.11 234.69 234.69 234.69 231.031 230.6 230.6 231.5624 212.84 212.84 212.84 213.9676 192.03 192.03 192.03 192.8276 192.82 192.82 189.0242 262.87 262.87 262.87
-9999 -9999 -9999 -9999 -9999 -9999 -9999 -9999 -9999 -9999 -9999 -9999 -9999 -9999 -9999 -9999 -9999 216.0424 216.1 216.1 214.5702 214.39 214.39 214.39 196.339 196.51 196.51 189.3262 188.48 188.48 188.48 175.4163 175.54 175.54 175.3921 178.27 178.27 178.27 186.5181 186.44 186.44 185.1563 210.13 210.13 210.13 208.8176 208.83 217.6839 217.6 224.6467 224.58 224.58 230.4219 231.11 231.11 231.11 234.69 234.69 234.69 231.031 230.6 230.6 231.5624 212.84 212.84 212.84 213.9676 192.03 192.03 192.03 192.8276 192.82 192.82 189.0242 262.87 262.87 262.87
-9999 -9999 -9999 -9999 -9999 -9999 -9999 -9999 -9999 -9999 -9999 -9999 -9999 -9999 -9999 -9999 -9999 216.0424 216.1 216.1 214.5702 214.39 214.39 214.39 196.339 196.51 196.51 189.3262 188.48 188.48 188.48 175.54 175.54 175.54 175.3921 178.27 178.27 178.27 186.5181 186.44 186.44 185.1563 210.13 210.13 210.13 208.8176 208.83 208.83 209.3984 198.34 198.34 198.34 199.6461 199.8 199.8 199.8 197.8 197.8 197.8 193.4432 192.93 192.93 193.2221 187.54 187.54 187.54 183.881 183.45 183.45 183.45 192.02 192.82 192.82 189.0242 262.87 262.87 262.87
-9999 -9999 -9999 -9999 -9999 -9999 -9999 -9999 -9999 -9999 -9999 -9999 -9999 -9999 -9999 -9999 -9999 216.0424 216.1 216.1 214.5702 214.39 214.39 214.39 196.339 196.51 196.51 189.3262 188.48 188.48 188.48 175.54 175.54 175.54 175.3921 178.27 178.27 178.27 186.5181 186.44 186.44 185.1563 210.13 210.13 210.13 208.8176 208.83 208.83 209.3984 198.34 198.34 198.34 199.6461 199.8 199.8 199.8 197.8 197.8 197.8 193.4432 192.93 192.93 193.2221 187.54 187.54 187.54 183.881 183.45 183.45 183.3617 185.08 185.08 185.08 183.3216 217.53 217.53 217.53
-9999 -9999 -9999 -9999 -9999 -9999 -9999 -9999 -9999 -9999 -9999 -9999 -9999 -9999 -9999 -9999 -9999 216.1 216.1 216.1 214.5702 214.39 214.39 214.39 196.339 196.51 196.51 189.3262 188.48 188.48 188.48 175.54 175.54 175.54 177.9823 178.27 178.27 178.27 186.5181 186.44 186.44 185.1563 210.13 210.13 210.13 208.8176 208.83 208.83 209.3984 198.34 198.34 198.34 199.814 199.8 199.8 199.8 197.8 197.8 197.8 193.4432 192.93 192.93 193.2221 187.54 187.54 187.54 183.881 183.45 183.45 183.3617 185.08 185.08 185.08 183.3216 217.53 217.53 217.53
-9999 -9999 -9999 -9999 -9999 -9999 -9999 -9999 -9999 -9999 -9999 -9999 -9999 -9999 -9999 -9999 -9999 249.89 249.89 249.89 264.1753 264.04 264.04 264.04 277.346 277.22 277.22 259.5154 257.43 257.43 257.43 236.68 236.68 236.68 283.3481 178.27 178.27 178.27 186.44 186.44 186.44 185.1563 210.13 210.13 210.13 208.8176 208.83 208.83 209.3984 198.34 198.34 198.34 199.814 199.8 199.8 199.9084 197.8 197.8 197.8 193.4432 192.93 192.93 193.2221 187.54 187.54 187.54 183.881 183.45 183.45 183.3617 185.08 185.08 185.08 214.1106 217.53 217.53 217.53
-9999 -9999 -9999 -9999 -9999 -9999 -9999 -9999 -9999 -9999 -9999 -9999 -9999 -9999 -9999 -9999 -9999 249.89 249.89 249.89 264.1753 264.04 264.04 264.04 277.346 277.22 277.22 259.5154 257.43 257.43 257.43 236.68 236.68 236.68 277.6985 282.53 282.53 282.53 300.02 300.02 300.02 300.2389 295.98 295.98 295.98 269.2266 269.48 269.48 270.0322 259.29 259.29 259.29 246.2464 246.37 246.37 247.5789 224.06 200.5672 197.8 193.4432 192.93 192.93 193.2221 187.54 187.54 187.54 183.881 183.45 183.45 183.3617 185.08 185.08 185.08 214.1106 217.53 217.53 217.2146
-9999 -9999 -9999 -9999 -9999 -9999 -9999 -9999 -9999 -9999 -9999 -9999 -9999 -9999 -9999 -9999 -9999 249.89 249.89 249.89 264.1753 264.04 264.04 263.3258 277.22 277.22 277.22 259.5154 257.43 257.43 257.43 236.68 236.68 236.68 277.6985 282.53 282.53 282.53 300.02 300.02 300.02 296.4057 295.98 295.98 295.98 269.2266 269.48 269.48 270.0322 259.29 259.29 259.29 246.2464 246.37 246.37 247.5789 224.06 224.06 224.06 198.7301 198.97 198.97 199.2079 194.58 194.58 194.58 194.9736 195.02 195.02 193.1955 228.69 228.69 228.69 234.8897 235.62 235.62 235.6807
-9999 -9999 -9999 -9999 -9999 -9999 -9999 -9999 -9999 -9999 -9999 -9999 -9999 -9999 -9999 -9999 -9999 249.89 249.89 249.89 264.1753 264.04 264.04 263.3258 277.22 277.22 277.22 257.2408 257.43 257.43 257.43 236.68 236.68 236.68 277.6985 282.53 282.53 282.53 300.02 300.02 300.02 296.4057 295.98 295.98 297.416 269.48 269.48 269.48 270.0322 259.29 259.29 259.29 246.2464 246.37 246.37 247.5789 224.06 224.06 224.06 198.7301 198.97 198.97 195.0426 194.58 194.58 194.58 194.9736 195.02 195.02 193.1955 228.69 228.69 228.69 234.8897 235.62 235.62 235.6807
-9999 -9999 -9999 -9999 -9999 -9999 -9999 -9999 -9999 -9999 -9999 -9999 -9999 -9999 -9999 -9999 -9999 249.89 249.89 249.89 264.1753 264.04 264.04 263.3258 277.22 277.22 277.22 257.2408 257.43 257.43 257.43 236.68 236.68 236.68 277.6985 282.53 282.53 282.53 300.02 300.02 300.02 296.4057 295.98 295.98 297.416 269.48 269.48 269.48 270.0322 259.29 259.29 259.29 246.2464 246.37 246.37 247.5789 224.06 224.06 224.06 198.7301 198.97 198.97 195.0426 194.58 194.58 194.58 194.9736 195.02 195.02 193.1955 228.69 228.69 228.69 234.8897 235.62 235.62 235.6807
