Model and model input files/precip_1985.asc
ncols         625
nrows         453
xllcorner     138621.56993419
yllcorner     4094031.9406744
cellsize      1000
NODATA_value  -9999
[rows 34 to 67 of 453, columns 0 to 76 of 625]
-9999 -9999 -9999 -9999 -9999 -9999 -9999 -9999 -9999 -9999 -9999 -9999 -9999 -9999 -9999 -9999 -9999 380.69 382.1741 382.16 382.16 383.6816 354.08 354.08 354.08 385.5682 385.27 385.27 387.3134 347.56 347.56 347.56 287.8141 288.38 288.38 289.0899 275.28 275.28 275.28 278.7832 278.75 278.75 278.75 290.5114 290.4 290.4 307.6394 309.67 309.67 309.67 346.86 346.86 346.86 375.8101 379.22 379.22 377.0276 419.68 419.68 419.68 428.2415 429.25 429.25 429.25 388.6656 389.05 389.05 389.8319 374.62 374.62 374.62 375.5387 375.53 375.53 375.3631 378.61 378.61
-9999 -9999 -9999 -9999 -9999 -9999 -9999 -9999 -9999 -9999 -9999 -9999 -9999 -9999 -9999 -9999 -9999 353.14 363.1044 363.01 363.01 363.6001 352.12 352.12 352.12 374.8755 374.66 384.1519 387.3134 347.56 347.56 347.56 287.8141 288.38 288.38 289.0899 275.28 275.28 275.28 278.7832 278.75 278.75 278.1187 290.4 290.4 290.4 307.6394 309.67 309.67 309.67 346.86 346.86 346.86 375.8101 379.22 379.22 377.0276 419.68 419.68 419.68 428.2415 429.25 429.25 431.4283 389.05 389.05 389.05 389.8319 374.62 374.62 374.62 375.5387 375.53 375.53 375.3631 378.61 378.61
-9999 -9999 -9999 -9999 -9999 -9999 -9999 -9999 -9999 -9999 -9999 -9999 -9999 -9999 -9999 -9999 -9999 353.14 363.1044 363.01 363.01 353.2675 352.12 352.12 352.12 374.8755 374.66 374.66 376.0895 348.28 348.28 348.28 364.8772 364.72 364.72 366.4399 332.98 332.98 332.98 303.309 303.59 303.59 303.856 298.68 298.68 298.68 327.9371 327.66 327.66 311.5657 346.86 346.86 346.86 375.8101 379.22 379.22 377.0276 419.68 419.68 419.68 428.2415 429.25 429.25 431.4283 389.05 389.05 389.05 376.1406 374.62 374.62 374.62 375.5387 375.53 375.53 375.3631 378.61 378.61
-9999 -9999 -9999 -9999 -9999 -9999 -9999 -9999 -9999 -9999 -9999 -9999 -9999 -9999 -9999 -9999 -9999 353.14 363.1044 363.01 363.01 353.2675 352.12 352.12 352.12 374.66 374.66 374.66 376.0895 348.28 348.28 348.28 364.8772 364.72 364.72 366.4399 332.98 332.98 332.98 303.309 303.59 303.59 303.856 298.68 298.68 298.68 327.9371 327.66 327.66 327.66 348.98 348.98 348.98 363.1866 364.86 364.86 363.4338 391.18 391.18 391.18 413.9035 416.58 416.58 417.2091 404.97 404.97 404.97 384.9393 382.58 382.58 382.8748 377.14 377.2273 375.53 375.3631 378.61 378.61
-9999 -9999 -9999 -9999 -9999 -9999 -9999 -9999 -9999 -9999 -9999 -9999 -9999 -9999 -9999 -9999 -9999 353.14 363.1044 363.01 363.01 353.2675 352.12 352.12 352.12 374.66 374.66 374.66 351.0598 348.28 348.28 348.28 364.8772 364.72 364.72 366.4399 332.98 332.98 332.98 303.309 303.59 303.59 303.856 298.68 298.68 298.68 327.9371 327.66 327.66 326.5047 348.98 348.98 348.98 363.1866 364.86 364.86 363.4338 391.18 391.18 391.18 413.9035 416.58 416.58 417.2091 404.97 404.97 404.97 384.9393 382.58 382.58 382.8748 377.14 377.14 377.14 381.9084 382.47 382.47
-9999 -9999 -9999 -9999 -9999 -9999 -9999 -9999 -9999 -9999 -9999 -9999 -9999 -9999 -9999 -9999 -9999 353.14 363.1044 363.01 363.01 353.2675 352.12 352.12 352.12 374.66 374.66 374.66 351.0598 348.28 348.28 347.3892 364.72 364.72 364.72 366.4399 332.98 332.98 332.98 303.309 303.59 303.59 303.856 298.68 298.68 298.68 327.9371 327.66 327.66 326.5047 348.98 348.98 348.98 365.0118 364.86 364.86 363.4338 391.18 391.18 391.18 413.9035 416.58 416.58 417.2091 404.97 404.97 404.97 384.9393 382.58 382.58 382.8748 377.14 377.14 377.14 381.9084 382.47 382.47
-9999 -9999 -9999 -9999 -9999 -9999 -9999 -9999 -9999 -9999 -9999 -9999 -9999 -9999 -9999 -9999 -9999 372.14 428.8168 428.28 428.28 369.4226 362.49 362.49 362.49 346.18 346.18 346.18 377.0177 380.65 380.65 377.7862 433.5 433.5 433.5 434.1263 434.2 332.0121 332.98 303.309 303.59 303.59 303.856 298.68 298.68 298.68 327.9371 327.66 327.66 326.5047 348.98 348.98 348.98 365.0118 364.86 364.86 388.4065 391.18 391.18 391.18 413.9035 416.58 416.58 417.2091 404.97 404.97 404.97 384.9393 382.58 382.58 382.8748 377.14 377.14 377.14 381.9084 382.47 382.47
-9999 -9999 -9999 -9999 -9999 -9999 -9999 -9999 -9999 -9999 -9999 -9999 -9999 -9999 -9999 -9999 -9999 369.0979 428.28 428.28 428.28 369.4226 362.49 362.49 362.49 346.18 346.18 346.18 377.0177 380.65 380.65 377.7862 433.5 433.5 433.5 434.1263 434.2 434.2 438.1714 360.91 360.91 360.91 362.2251 336.64 336.64 336.64 351.8036 351.66 351.66 350.6196 370.86 370.86 370.86 373.1517 373.13 373.13 384.3039 385.62 385.62 390.5941 416.8229 416.58 416.58 417.2091 404.97 404.97 404.97 384.9393 382.58 382.58 382.8748 377.14 377.14 377.14 381.9084 382.47 382.47
-9999 -9999 -9999 -9999 -9999 -9999 -9999 -9999 -9999 -9999 -9999 -9999 -9999 -9999 -9999 -9999 -9999 369.0979 428.28 428.28 428.28 361.8609 362.49 362.49 362.49 346.18 346.18 346.18 377.0177 380.65 380.65 377.7862 433.5 433.5 433.5 434.1263 434.2 434.2 438.1714 360.91 360.91 360.91 362.2251 336.64 336.64 336.64 351.8036 351.66 351.66 350.6196 370.86 370.86 370.86 373.1517 373.13 373.13 384.3039 385.62 385.62 385.62 393.3331 393.26 393.26 393.8978 381.49 381.49 381.49 381.481 381.48 381.48 381.2389 385.93 385.93 385.93 380.7144 380.1 380.1
-9999 -9999 -9999 -9999 -9999 -9999 -9999 -9999 -9999 -9999 -9999 -9999 -9999 -9999 -9999 -9999 -9999 369.0979 428.28 428.28 428.28 361.8609 362.49 362.49 362.49 346.18 346.18 346.18 377.0177 380.65 380.65 377.7862 433.5 433.5 433.5 434.1263 434.2 434.2 438.1714 360.91 360.91 360.91 339.1975 336.64 336.64 336.64 351.8036 351.66 351.66 350.6196 370.86 370.86 370.86 373.1517 373.13 373.13 384.3039 385.62 385.62 385.62 393.3331 393.26 393.26 382.7303 381.49 381.49 381.49 381.481 381.48 381.48 381.2389 385.93 385.93 385.93 380.7144 380.1 380.1
-9999 -9999 -9999 -9999 -9999 -9999 -9999 -9999 -9999 -9999 -9999 -9999 -9999 -9999 -9999 -9999 -9999 316.5003 375.83 375.83 375.83 404.6732 404.4 404.4 407.0969 346.0992 346.18 346.18 377.0177 380.65 380.65 377.7862 433.5 433.5 433.5 434.1263 434.2 434.2 438.1714 360.91 360.91 360.91 339.1975 336.64 336.64 335.8261 351.66 351.66 351.66 350.6196 370.86 370.86 370.86 373.1517 373.13 373.13 384.3039 385.62 385.62 385.62 393.3331 393.26 393.26 382.7303 381.49 381.49 381.49 381.4799 381.48 381.48 381.2389 385.93 385.93 385.93 380.7144 380.1 380.1
-9999 -9999 -9999 -9999 -9999 -9999 -9999 -9999 -9999 -9999 -9999 -9999 -9999 -9999 -9999 -9999 -9999 316.5003 375.83 375.83 375.83 404.6732 404.4 404.4 407.0969 354.63 354.63 354.63 423.2298 422.58 422.58 419.4458 480.42 480.42 480.42 488.3822 489.32 489.32 490.84 461.27 461.27 461.27 464.3743 464.74 464.74 466.0893 444.6183 351.66 351.66 368.8368 370.86 370.86 370.86 373.1517 373.13 373.13 384.3039 385.62 385.62 385.62 393.3331 393.26 393.26 382.7303 381.49 381.49 381.49 381.4799 381.48 381.48 385.4611 385.93 385.93 385.93 380.7144 380.1 380.1
-9999 -9999 -9999 -9999 -9999 -9999 -9999 -9999 -9999 -9999 -9999 -9999 -9999 -9999 -9999 -9999 -9999 316.5003 375.83 375.83 375.83 404.6732 404.4 404.4 407.0969 354.63 354.63 354.63 423.2298 422.58 422.58 474.3251 480.42 480.42 480.42 488.3822 489.32 489.32 490.84 461.27 461.27 461.27 464.3743 464.74 464.74 466.0893 439.84 439.84 439.84 417.3044 414.65 414.65 415.2103 404.31 404.31 404.31 394.4333 393.27 393.27 393.27 377.6723 377.82 377.82 373.8568 373.39 373.39 373.39 371.4315 371.45 371.45 385.557 385.93 385.93 385.93 380.0443 380.1 380.1
-9999 -9999 -9999 -9999 -9999 -9999 -9999 -9999 -9999 -9999 -9999 -9999 -9999 -9999 -9999 -9999 -9999 316.5003 375.83 375.83 375.83 404.6732 404.4 404.4 407.0969 354.63 354.63 354.63 423.2298 422.58 422.58 474.3251 480.42 480.42 480.42 489.4051 489.32 489.32 490.84 461.27 461.27 461.27 464.3743 464.74 464.74 466.0893 439.84 439.84 439.84 417.3044 414.65 414.65 415.2103 404.31 404.31 404.31 394.4333 393.27 393.27 393.27 377.6723 377.82 377.82 373.8568 373.39 373.39 373.39 371.4315 371.45 371.45 372.5236 372.65 372.65 372.65 371.7111 371.72 371.72
-9999 -9999 -9999 -9999 -9999 -9999 -9999 -9999 -9999 -9999 -9999 -9999 -9999 -9999 -9999 -9999 -9999 369.8995 375.83 375.83 375.83 404.6732 404.4 404.4 407.0969 354.63 354.63 354.63 423.2298 422.58 422.58 474.3251 480.42 480.42 480.42 489.4051 489.32 489.32 490.84 461.27 461.27 461.27 464.3743 464.74 464.74 466.0893 439.84 439.84 439.84 417.3044 414.65 414.65 415.2103 404.31 404.31 404.31 393.1644 393.27 393.27 393.27 377.6723 377.82 377.82 373.8568 373.39 373.39 373.39 371.4315 371.45 371.45 372.5236 372.65 372.65 372.65 371.7111 371.72 371.72
-9999 -9999 -9999 -9999 -9999 -9999 -9999 -9999 -9999 -9999 -9999 -9999 -9999 -9999 -9999 -9999 -9999 334.1935 338.77 338.77 339.4815 325.64 325.64 325.64 325.6974 324.58 324.58 351.4635 423.2298 422.58 422.58 474.3251 480.42 480.42 480.42 489.4051 489.32 489.32 464.2258 461.27 461.27 461.27 464.3743 464.74 464.74 466.0893 439.84 439.84 439.84 417.3044 414.65 414.65 415.2103 404.31 404.31 404.31 393.1644 393.27 393.27 394.1072 377.82 377.82 377.82 373.8568 373.39 373.39 373.39 371.4315 371.45 371.45 372.5236 372.65 372.65 372.65 371.7111 371.72 371.72
-9999 -9999 -9999 -9999 -9999 -9999 -9999 -9999 -9999 -9999 -9999 -9999 -9999 -9999 -9999 -9999 -9999 334.1935 338.77 338.77 339.4815 325.64 325.64 325.64 324.6917 324.58 324.58 324.58 351.8988 351.64 351.64 397.4627 402.86 402.86 402.86 430.8854 430.62 430.62 452.3683 454.93 454.93 454.93 481.7945 481.54 481.54 482.038 472.35 472.35 472.35 466.2934 465.58 465.58 465.1936 472.71 472.71 472.71 453.1851 392.6953 393.27 394.1072 377.82 377.82 377.82 373.3477 373.39 373.39 373.39 371.4315 371.45 371.45 372.5236 372.65 372.65 372.65 371.7111 371.72 371.72
-9999 -9999 -9999 -9999 -9999 -9999 -9999 -9999 -9999 -9999 -9999 -9999 -9999 -9999 -9999 -9999 -9999 334.1935 338.77 338.77 339.4815 325.64 325.64 325.64 324.6917 324.58 324.58 324.58 351.8988 351.64 351.64 397.4627 402.86 402.86 402.86 430.8854 430.62 430.62 452.3683 454.93 454.93 454.93 481.7945 481.54 481.54 473.3184 472.35 472.35 472.35 466.2934 465.58 465.58 465.1936 472.71 472.71 472.71 453.1851 453.37 453.37 454.3443 435.39 435.39 435.39 434.6328 434.64 434.64 434.64 396.4987 396.86 396.86 389.4525 388.58 388.58 388.58 420.0279 419.73 419.73
-9999 -9999 -9999 -9999 -9999 -9999 -9999 -9999 -9999 -9999 -9999 -9999 -9999 -9999 -9999 -9999 -9999 334.1935 338.77 338.77 339.4815 325.64 325.64 325.64 324.6917 324.58 324.58 323.1137 351.64 351.64 351.64 397.4627 402.86 402.86 402.86 430.8854 430.62 430.62 452.3683 454.93 454.93 454.93 481.7945 481.54 481.54 473.3184 472.35 472.35 472.35 466.2934 465.58 465.58 465.1936 472.71 472.71 472.71 453.1851 453.37 453.37 454.3443 435.39 435.39 435.39 434.6328 434.64 434.64 436.6872 396.86 396.86 396.86 389.4525 388.58 388.58 388.58 420.0279 419.73 419.73
-9999 -9999 -9999 -9999 -9999 -9999 -9999 -9999 -9999 -9999 -9999 -9999 -9999 -9999 -9999 -9999 -9999 334.1935 338.77 338.77 339.4815 325.64 325.64 325.64 324.6917 324.58 324.58 323.1137 351.64 351.64 351.64 403.3498 402.86 402.86 402.86 430.8854 430.62 430.62 452.3683 454.93 454.93 454.93 481.7945 481.54 481.54 473.3184 472.35 472.35 472.35 465.5153 465.58 465.58 465.1936 472.71 472.71 472.71 453.1851 453.37 453.37 454.3443 435.39 435.39 435.39 434.6328 434.64 434.64 436.6872 396.86 396.86 396.86 388.5008 388.58 388.58 388.58 420.0279 419.73 419.73
-9999 -9999 -9999 -9999 -9999 -9999 -9999 -9999 -9999 -9999 -9999 -9999 -9999 -9999 -9999 -9999 -9999 352.8143 351.73 351.73 354.1354 307.34 307.34 307.34 307.2237 307.21 307.21 306.7559 315.59 315.59 315.59 343.5852 343.32 343.32 343.32 358.3928 358.25 422.994 452.3683 454.93 454.93 454.93 481.7945 481.54 481.54 473.3184 472.35 472.35 472.35 465.5153 465.58 465.58 471.9587 472.71 472.71 472.71 453.1851 453.37 453.37 454.3443 435.39 435.39 435.39 434.6328 434.64 434.64 436.6872 396.86 396.86 396.86 388.5008 388.58 388.58 388.58 420.0279 419.73 419.73
-9999 -9999 -9999 -9999 -9999 -9999 -9999 -9999 -9999 -9999 -9999 -9999 -9999 -9999 -9999 -9999 -9999 351.6316 351.73 351.73 354.1354 307.34 307.34 307.34 307.2237 307.21 307.21 306.7559 315.59 315.59 315.59 343.5852 343.32 343.32 342.511 358.25 358.25 358.25 358.1337 358.12 358.12 358.12 382.1678 381.94 381.94 422.6276 427.42 427.42 427.42 445.2691 445.1 445.1 452.4449 453.31 453.31 453.31 460.98 460.98 460.98 462.3667 435.39 435.39 435.39 434.6328 434.64 434.64 436.6872 396.86 396.86 396.86 388.5008 388.58 388.58 386.8921 419.73 419.73 419.73
-9999 -9999 -9999 -9999 -9999 -9999 -9999 -9999 -9999 -9999 -9999 -9999 -9999 -9999 -9999 -9999 -9999 351.6316 351.73 351.73 312.0176 307.34 307.34 307.34 307.2237 307.21 307.21 306.7559 315.59 315.59 315.59 343.5852 343.32 343.32 342.511 358.25 358.25 358.25 358.1187 358.12 358.12 358.12 382.1678 381.94 381.94 422.6276 427.42 427.42 427.42 445.2691 445.1 445.1 452.4449 453.31 453.31 453.31 460.98 460.98 460.98 461.0998 458.77 458.77 458.77 429.3615 429.64 429.64 431.5349 394.67 394.67 394.67 397.7189 397.69 397.69 391.2439 516.65 516.65 516.65
-9999 -9999 -9999 -9999 -9999 -9999 -9999 -9999 -9999 -9999 -9999 -9999 -9999 -9999 -9999 -9999 -9999 351.6316 351.73 351.73 312.0176 307.34 307.34 307.34 307.2087 307.21 307.21 306.7559 315.59 315.59 315.59 343.5852 343.32 343.32 342.511 358.25 358.25 358.25 358.1187 358.12 358.12 356.8293 381.94 381.94 381.94 422.6276 427.42 427.42 427.42 445.2691 445.1 445.1 452.4449 453.31 453.31 453.31 460.98 460.98 460.98 459.0029 458.77 458.77 458.77 429.3615 429.64 429.64 431.5349 394.67 394.67 394.67 397.7189 397.69 397.69 391.2439 516.65 516.65 516.65
-9999 -9999 -9999 -9999 -9999 -9999 -9999 -9999 -9999 -9999 -9999 -9999 -9999 -9999 -9999 -9999 -9999 378.7823 378.91 378.91 377.8454 377.72 377.72 377.72 360.6483 306.6974 307.21 306.7559 315.59 315.59 315.59 343.5852 343.32 343.32 342.511 358.25 358.25 358.25 358.1187 358.12 358.12 356.8293 381.94 381.94 381.94 422.6276 427.42 427.42 427.42 445.2691 445.1 445.1 452.4449 453.31 453.31 453.31 460.98 460.98 460.98 459.0029 458.77 458.77 460.3485 429.64 429.64 429.64 431.5349 394.67 394.67 394.67 397.7189 397.69 397.69 391.2439 516.65 516.65 516.65
-9999 -9999 -9999 -9999 -9999 -9999 -9999 -9999 -9999 -9999 -9999 -9999 -9999 -9999 -9999 -9999 -9999 378.7823 378.91 378.91 377.8454 377.72 377.72 377.72 360.6483 360.81 360.81 354.0019 353.2 353.2 353.2 336.5321 336.69 336.69 336.011 349.22 349.22 349.22 374.8023 374.56 374.56 372.3513 415.32 415.32 415.32 408.8184 408.88 427.5973 427.42 445.2691 445.1 445.1 452.4449 453.31 453.31 453.31 460.98 460.98 460.98 459.0029 458.77 458.77 460.3485 429.64 429.64 429.64 431.5349 394.67 394.67 394.67 397.7189 397.69 397.69 391.2439 516.65 516.65 516.65
-9999 -9999 -9999 -9999 -9999 -9999 -9999 -9999 -9999 -9999 -9999 -9999 -9999 -9999 -9999 -9999 -9999 378.7823 378.91 378.91 377.8454 377.72 377.72 377.72 360.6483 360.81 360.81 354.0019 353.2 353.2 353.2 336.69 336.69 336.69 336.011 349.22 349.22 349.22 374.8023 374.56 374.56 372.3513 415.32 415.32 415.32 408.8184 408.88 408.88 409.6256 395.12 395.12 395.12 396.3367 396.48 396.48 396.48 395.03 395.03 395.03 386.6921 385.71 385.71 386.0633 379.19 379.19 379.19 379.2795 379.29 379.29 379.29 396.481 397.69 397.69 391.2439 516.65 516.65 516.65
-9999 -9999 -9999 -9999 -9999 -9999 -9999 -9999 -9999 -9999 -9999 -9999 -9999 -9999 -9999 -9999 -9999 378.7823 378.91 378.91 377.8454 377.72 377.72 377.72 360.6483 360.81 360.81 354.0019 353.2 353.2 353.2 336.69 336.69 336.69 336.011 349.22 349.22 349.22 374.8023 374.56 374.56 372.3513 415.32 415.32 415.32 408.8184 408.88 408.88 409.6256 395.12 395.12 395.12 396.3367 396.48 396.48 396.48 395.03 395.03 395.03 386.6921 385.71 385.71 386.0633 379.19 379.19 379.19 379.2795 379.29 379.29 378.9459 385.64 385.64 385.64 382.8304 437.49 437.49 437.49
-9999 -9999 -9999 -9999 -9999 -9999 -9999 -9999 -9999 -9999 -9999 -9999 -9999 -9999 -9999 -9999 -9999 378.91 378.91 378.91 377.8454 377.72 377.72 377.72 360.6483 360.81 360.81 354.0019 353.2 353.2 353.2 336.69 336.69 336.69 347.8997 349.22 349.22 349.22 374.8023 374.56 374.56 372.3513 415.32 415.32 415.32 408.8184 408.88 408.88 409.6256 395.12 395.12 395.12 396.493 396.48 396.48 396.48 395.03 395.03 395.03 386.6921 385.71 385.71 386.0633 379.19 379.19 379.19 379.2795 379.29 379.29 378.9459 385.64 385.64 385.64 382.8304 437.49 437.49 437.49
-9999 -9999 -9999 -9999 -9999 -9999 -9999 -9999 -9999 -9999 -9999 -9999 -9999 -9999 -9999 -9999 -9999 431.99 431.99 431.99 467.254 466.92 466.92 466.92 521.1234 520.61 520.61 490.3091 486.74 486.74 486.74 447.78 447.78 447.78 544.3206 349.22 349.22 349.22 374.56 374.56 374.56 372.3513 415.32 415.32 415.32 408.8184 408.88 408.88 409.6256 395.12 395.12 395.12 396.493 396.48 396.48 396.5586 395.03 395.03 395.03 386.6921 385.71 385.71 386.0633 379.19 379.19 379.19 379.2795 379.29 379.29 378.9459 385.64 385.64 385.64 432.0263 437.49 437.49 437.49
-9999 -9999 -9999 -9999 -9999 -9999 -9999 -9999 -9999 -9999 -9999 -9999 -9999 -9999 -9999 -9999 -9999 431.99 431.99 431.99 467.254 466.92 466.92 466.92 521.1234 520.61 520.61 490.3091 486.74 486.74 486.74 447.78 447.78 447.78 533.7714 543.9 543.9 543.9 568.77 568.77 568.77 568.6698 570.62 570.62 570.62 514.2056 514.74 514.74 515.4683 501.3 501.3 501.3 469.3271 469.63 469.63 471.5103 434.93 399.2345 395.03 386.6921 385.71 385.71 386.0633 379.19 379.19 379.19 379.2795 379.29 379.29 378.9459 385.64 385.64 385.64 432.0263 437.49 437.49 437.1302
-9999 -9999 -9999 -9999 -9999 -9999 -9999 -9999 -9999 -9999 -9999 -9999 -9999 -9999 -9999 -9999 -9999 431.99 431.99 431.99 467.254 466.92 466.92 464.0107 520.61 520.61 520.61 490.3091 486.74 486.74 486.74 447.78 447.78 447.78 533.7714 543.9 543.9 543.9 568.77 568.77 568.77 570.425 570.62 570.62 570.62 514.2056 514.74 514.74 515.4683 501.3 501.3 501.3 469.3271 469.63 469.63 471.5103 434.93 434.93 434.93 394.073 394.46 394.46 394.5982 391.91 391.91 391.91 398.6018 399.39 399.39 396.7245 448.58 448.58 448.58 458.9576 460.18 460.18 460.1323
-9999 -9999 -9999 -9999 -9999 -9999 -9999 -9999 -9999 -9999 -9999 -9999 -9999 -9999 -9999 -9999 -9999 431.99 431.99 431.99 467.254 466.92 466.92 464.0107 520.61 520.61 520.61 486.4161 486.74 486.74 486.74 447.78 447.78 447.78 533.7714 543.9 543.9 543.9 568.77 568.77 568.77 570.425 570.62 570.62 573.648 514.74 514.74 514.74 515.4683 501.3 501.3 501.3 469.3271 469.63 469.63 471.5103 434.93 434.93 434.93 394.073 394.46 394.46 392.1787 391.91 391.91 391.91 398.6018 399.39 399.39 396.7245 448.58 448.58 448.58 458.9576 460.18 460.18 460.1323
-9999 -9999 -9999 -9999 -9999 -9999 -9999 -9999 -9999 -9999 -9999 -9999 -9999 -9999 -9999 -9999 -9999 431.99 431.99 431.99 467.254 466.92 466.92 464.0107 520.61 520.61 520.61 486.4161 486.74 486.74 486.74 447.78 447.78 447.78 533.7714 543.9 543.9 543.9 568.77 568.77 568.77 570.425 570.62 570.62 573.648 514.74 514.74 514.74 515.4683 501.3 501.3 501.3 469.3271 469.63 469.63 471.5103 434.93 434.93 434.93 394.073 394.46 394.46 392.1787 391.91 391.91 391.91 398.6018 399.39 399.39 396.7245 448.58 448.58 448.58 458.9576 460.18 460.18 460.1323
