Model and model input files/precip_2008.asc
ncols         625
nrows         453
xllcorner     138621.56993419
yllcorner     4094031.9406744
cellsize      1000
NODATA_value  -9999
[rows 68 to 101 of 453, columns 154 to 230 of 625]
538.3746 518.83 518.83 518.83 481.2642 481.62 481.62 482.6404 462.79 462.79 462.79 467.451 468 468 467.2798 481.29 481.29 481.29 472.7106 471.7 471.7 472.0279 465.65 465.65 465.65 467.5108 467.73 467.73 467.73 474.1306 474.07 492.7229 514.3066 516.59 516.59 516.59 570.5309 570.02 570.02 604.6868 608.77 608.77 608.77 625.7206 625.56 625.56 620.5498 718.02 718.02 718.02 637.4973 638.26 638.26 634.306 711.23 711.23 711.23 1306.508 1300.87 1300.87 1283.335 1624.47 1624.47 1624.47 1581.277 1576.19 1576.19 1576.19 1155.16 -9999 -9999 -9999 -9999 -9999 -9999 -9999 -9999
538.3746 518.83 518.83 518.83 481.2642 481.62 481.62 482.6404 462.79 462.79 462.79 467.451 468 468 467.2798 481.29 481.29 481.29 472.7106 471.7 471.7 472.0279 465.65 465.65 465.65 467.7499 467.73 467.73 467.73 474.1306 474.07 474.07 475.1078 475.23 475.23 475.23 549.6045 548.9 548.9 596.7803 602.42 602.42 602.42 623.7218 623.52 623.52 622.1334 649.11 649.11 649.11 562.5198 563.34 563.34 560.137 622.45 622.45 622.45 1040.419 1036.46 1036.46 1019.336 1352.48 1352.48 1352.48 1480.149 1478.94 1478.94 1478.94 1397.44 -9999 -9999 -9999 -9999 -9999 -9999 -9999 -9999
538.3746 518.83 518.83 518.83 481.2642 481.62 481.62 464.7742 462.79 462.79 462.79 467.451 468 468 467.2798 481.29 481.29 481.29 472.7106 471.7 471.7 472.0279 465.65 465.65 465.65 467.7499 467.73 467.73 467.73 474.1306 474.07 474.07 475.1078 475.23 475.23 475.23 549.6045 548.9 548.9 596.7803 602.42 602.42 602.42 623.7218 623.52 623.52 646.4135 649.11 649.11 649.11 562.5198 563.34 563.34 560.137 622.45 622.45 622.45 1040.419 1036.46 1036.46 1019.336 1352.48 1352.48 1352.48 1480.149 1478.94 1478.94 1478.94 1397.44 -9999 -9999 -9999 -9999 -9999 -9999 -9999 -9999
538.3746 518.83 518.83 518.83 481.2642 481.62 481.62 464.7742 462.79 462.79 462.79 467.451 468 468 467.2798 481.29 481.29 481.29 472.7106 471.7 471.7 472.0279 465.65 465.65 465.65 467.7499 467.73 467.73 467.3865 474.07 474.07 474.07 475.1078 475.23 475.23 475.23 549.6045 548.9 548.9 596.7803 602.42 602.42 602.42 623.7218 623.52 623.52 646.4135 649.11 649.11 649.11 562.5198 563.34 563.34 560.137 622.45 622.45 622.45 1040.419 1036.46 1036.46 1019.336 1352.48 1352.48 1352.48 1480.149 1478.94 1478.94 1478.94 1397.44 -9999 -9999 -9999 -9999 -9999 -9999 -9999 -9999
538.3746 518.83 518.83 518.83 481.2642 481.62 481.62 464.7742 462.79 462.79 462.79 468.0498 468 468 467.2798 481.29 481.29 481.29 472.7106 471.7 471.7 472.0279 465.65 465.65 465.65 467.7499 467.73 467.73 467.3865 474.07 474.07 474.07 475.1078 475.23 475.23 475.23 549.6045 548.9 548.9 596.7803 602.42 602.42 602.42 623.7218 623.52 623.52 646.4135 649.11 649.11 649.11 562.5198 563.34 563.34 560.137 622.45 622.45 622.45 1040.419 1036.46 1036.46 1019.336 1352.48 1352.48 1352.48 1480.149 1478.94 1478.94 1483.356 1397.44 -9999 -9999 -9999 -9999 -9999 -9999 -9999 -9999
486.9766 531.01 531.01 531.01 530.0106 530.02 530.02 502.1166 498.83 498.83 498.83 485.1706 485.3 485.3 484.4926 500.2 500.2 500.2 518.0388 520.14 520.14 521.7765 489.94 489.94 489.94 456.8667 457.18 457.18 457.1833 457.12 457.12 457.12 458.4619 458.62 458.62 458.62 511.3087 548.9 548.9 596.7803 602.42 602.42 602.42 623.7218 623.52 623.52 646.4135 649.11 649.11 649.11 563.34 563.34 563.34 560.137 622.45 622.45 622.45 1040.419 1036.46 1036.46 1019.336 1352.48 1352.48 1352.48 1480.149 1478.94 1478.94 1483.356 1397.44 -9999 -9999 -9999 -9999 -9999 -9999 -9999 -9999
486.9766 531.01 531.01 531.01 530.0106 530.02 530.02 502.1166 498.83 498.83 498.83 485.1706 485.3 485.3 484.4926 500.2 500.2 500.2 518.0388 520.14 520.14 521.7765 489.94 489.94 489.94 456.8667 457.18 457.18 457.1833 457.12 457.12 457.12 458.6343 458.62 458.62 458.62 513.2676 512.75 512.75 546.3611 550.32 550.32 550.32 578.3051 578.04 578.04 555.1465 552.45 552.45 552.45 520.24 520.24 520.24 512.0507 671.37 671.37 671.37 1183.693 1178.84 1178.84 1168.213 1374.96 1374.96 1374.96 1362.684 1362.8 1362.8 1376.409 1111.66 -9999 -9999 -9999 -9999 -9999 -9999 -9999 -9999
486.9766 531.01 531.01 531.01 530.0106 530.02 530.02 502.1166 498.83 498.83 498.83 485.1706 485.3 485.3 498.6299 500.2 500.2 500.2 518.0388 520.14 520.14 521.7765 489.94 489.94 489.94 456.8667 457.18 457.18 457.1833 457.12 457.12 457.12 458.6343 458.62 458.62 458.62 513.2676 512.75 512.75 546.3611 550.32 550.32 550.32 578.3051 578.04 578.04 555.1465 552.45 552.45 552.45 520.24 520.24 520.24 512.0507 671.37 671.37 671.37 1183.693 1178.84 1178.84 1168.213 1374.96 1374.96 1374.96 1362.684 1362.8 1362.8 1376.409 1111.66 -9999 -9999 -9999 -9999 -9999 -9999 -9999 -9999
486.9766 531.01 531.01 531.01 530.0106 530.02 530.02 502.1166 498.83 498.83 498.83 485.1706 485.3 485.3 498.6299 500.2 500.2 500.2 518.0388 520.14 520.14 521.7765 489.94 489.94 489.94 456.8667 457.18 457.18 457.1833 457.12 457.12 457.12 458.6343 458.62 458.62 455.6868 512.75 512.75 512.75 546.3611 550.32 550.32 550.32 578.3051 578.04 578.04 555.1465 552.45 552.45 552.45 520.24 520.24 520.24 655.4446 671.37 671.37 671.37 1183.693 1178.84 1178.84 1168.213 1374.96 1374.96 1374.96 1362.684 1362.8 1362.8 1376.409 1111.66 -9999 -9999 -9999 -9999 -9999 -9999 -9999 -9999
457.5332 456.98 456.98 456.98 497.6654 497.28 497.28 498.7651 498.94 498.94 498.94 515.2444 515.09 515.09 532.9199 499.867 500.2 500.2 520.3307 520.14 520.14 521.7765 489.94 489.94 489.94 456.8667 457.18 457.18 457.1833 457.12 457.12 457.12 458.6343 458.62 458.62 455.6868 512.75 512.75 512.75 546.3611 550.32 550.32 550.32 578.3051 578.04 578.04 555.1465 552.45 552.45 552.45 520.24 520.24 520.24 655.4446 671.37 671.37 671.37 1183.693 1178.84 1178.84 1168.213 1374.96 1374.96 1374.96 1362.684 1362.8 1362.8 1376.409 1111.66 -9999 -9999 -9999 -9999 -9999 -9999 -9999 -9999
457.5332 456.98 456.98 456.98 497.6654 497.28 497.28 498.7651 498.94 498.94 498.94 515.2444 515.09 515.09 532.9199 535.02 535.02 535.02 518.342 518.5 518.5 520.7645 476.71 476.71 476.71 454.5097 454.72 454.72 455.4954 440.41 440.41 440.41 430.9605 431.05 431.05 428.5861 476.52 476.52 476.52 526.5832 532.48 532.48 532.48 622.6541 621.8 621.8 561.8959 554.84 554.84 554.84 509.46 509.46 509.46 676.8354 696.55 696.55 697.9144 1183.693 1178.84 1178.84 1168.213 1374.96 1374.96 1374.96 1362.684 1362.8 1362.8 1376.409 1111.66 -9999 -9999 -9999 -9999 -9999 -9999 -9999 -9999
457.5332 456.98 456.98 454.7963 497.28 497.28 497.28 498.7651 498.94 498.94 498.94 515.2444 515.09 515.09 532.9199 535.02 535.02 535.02 518.342 518.5 518.5 481.1136 476.71 476.71 476.71 454.5097 454.72 454.72 455.4954 440.41 440.41 440.41 430.9605 431.05 431.05 428.5861 476.52 476.52 476.52 533.0151 532.48 532.48 532.48 622.6541 621.8 621.8 561.8959 554.84 554.84 554.84 509.46 509.46 509.46 676.8354 696.55 696.55 668.8163 1208.36 1208.36 1208.36 1198.792 1384.94 1384.94 1384.94 1219.301 1220.87 1220.87 1238.095 902.99 -9999 -9999 -9999 -9999 -9999 -9999 -9999 -9999
457.5332 456.98 456.98 454.7963 497.28 497.28 497.28 498.7651 498.94 498.94 498.94 515.2444 515.09 515.09 532.9199 535.02 535.02 535.02 518.342 518.5 518.5 481.1136 476.71 476.71 476.71 454.5097 454.72 454.72 455.4954 440.41 440.41 440.41 430.9605 431.05 431.05 428.5861 476.52 476.52 476.52 533.0151 532.48 532.48 532.48 622.6541 621.8 621.8 561.8959 554.84 554.84 554.84 509.46 509.46 509.46 676.8354 696.55 696.55 668.8163 1208.36 1208.36 1208.36 1198.792 1384.94 1384.94 1384.94 1219.301 1220.87 1220.87 1238.095 902.99 -9999 -9999 -9999 -9999 -9999 -9999 -9999 -9999
457.5332 456.98 456.98 454.7963 497.28 497.28 497.28 498.7651 498.94 498.94 498.94 515.2444 515.09 515.09 532.9199 535.02 535.02 535.02 518.342 518.5 518.5 481.1136 476.71 476.71 476.71 454.5097 454.72 454.72 455.4954 440.41 440.41 440.41 430.9605 431.05 431.05 428.5861 476.52 476.52 476.52 533.0151 532.48 532.48 532.48 622.6541 621.8 621.8 561.8959 554.84 554.84 554.84 509.46 509.46 509.46 676.8354 696.55 696.55 668.8163 1208.36 1208.36 1208.36 1198.792 1384.94 1384.94 1384.94 1219.301 1220.87 1220.87 1238.095 902.99 -9999 -9999 -9999 -9999 -9999 -9999 -9999 -9999
456.7151 449.97 449.97 448.4668 477.71 477.71 477.71 496.9825 496.8 496.8 496.8 504.5232 504.45 504.45 534.3842 537.91 537.91 537.91 520.4547 520.62 520.62 493.8618 490.71 490.71 490.71 493.8 493.8 493.8 495.308 465.97 465.97 465.97 468.8941 431.05 431.05 428.5861 476.52 476.52 476.52 533.0151 532.48 532.48 527.64 621.8 621.8 621.8 561.8959 554.84 554.84 554.84 509.46 509.46 509.46 676.8354 696.55 696.55 668.8163 1208.36 1208.36 1208.36 1366.333 1384.94 1384.94 1384.94 1219.301 1220.87 1220.87 1238.095 902.99 -9999 -9999 -9999 -9999 -9999 -9999 -9999 -9999
456.7151 449.97 449.97 448.4668 477.71 477.71 477.71 496.9825 496.8 496.8 496.8 504.5232 504.45 504.45 534.3842 537.91 537.91 537.91 520.4547 520.62 520.62 493.8618 490.71 490.71 490.71 493.8 493.8 493.8 495.308 465.97 465.97 465.97 466.9493 466.94 466.94 464.5184 511.63 511.63 511.63 537.2729 537.03 537.03 526.8281 725.3 725.3 725.3 580.4691 563.41 563.41 563.41 549.28 549.28 549.28 701.7778 719.74 719.74 695.5306 1166.51 1166.51 1166.51 1273.319 1285.9 1285.9 1285.9 1044.968 1047.25 1047.25 1062.749 761.22 -9999 -9999 -9999 -9999 -9999 -9999 -9999 -9999
456.7151 449.97 449.97 448.4668 477.71 477.71 477.71 496.9825 496.8 496.8 496.3854 504.45 504.45 504.45 534.3842 537.91 537.91 537.91 520.4547 520.62 520.62 493.8618 490.71 490.71 490.71 493.8 493.8 493.8 495.308 465.97 465.97 465.97 466.9493 466.94 466.94 464.5184 511.63 511.63 511.63 537.2729 537.03 537.03 526.8281 725.3 725.3 725.3 580.4691 563.41 563.41 563.41 549.28 549.28 549.28 701.7778 719.74 719.74 695.5306 1166.51 1166.51 1166.51 1273.319 1285.9 1285.9 1285.9 1044.968 1047.25 1047.25 1062.749 761.22 -9999 -9999 -9999 -9999 -9999 -9999 -9999 -9999
456.7151 449.97 449.97 448.4668 477.71 477.71 477.71 496.9825 496.8 496.8 496.3854 504.45 504.45 504.45 534.3842 537.91 537.91 537.91 520.4547 520.62 520.62 493.8618 490.71 490.71 490.71 493.8 493.8 493.8 468.9026 465.97 465.97 465.97 466.9493 466.94 466.94 464.5184 511.63 511.63 511.63 537.2729 537.03 537.03 526.8281 725.3 725.3 725.3 561.8619 563.41 563.41 563.41 549.28 549.28 549.28 701.7778 719.74 719.74 695.5306 1166.51 1166.51 1166.51 1273.319 1285.9 1285.9 1298.832 1047.25 1047.25 1047.25 1062.749 761.22 -9999 -9999 -9999 -9999 -9999 -9999 -9999 -9999
456.6272 449.97 449.97 448.4668 477.71 477.71 477.71 496.9825 496.8 496.8 496.3854 504.45 504.45 504.45 534.3842 537.91 537.91 537.91 520.4547 520.62 520.62 493.8618 490.71 490.71 490.71 493.8 493.8 493.8 468.9026 465.97 465.97 465.97 466.9493 466.94 466.94 464.5184 511.63 511.63 511.63 537.2729 537.03 537.03 526.8281 725.3 725.3 725.3 561.8619 563.41 563.41 563.41 549.28 549.28 549.28 701.7778 719.74 719.74 695.5306 1166.51 1166.51 1166.51 1273.319 1285.9 1285.9 1298.832 1047.25 1047.25 1047.25 1062.749 761.22 -9999 -9999 -9999 -9999 -9999 -9999 -9999 -9999
512.6313 511.39 511.39 505.0409 628.56 628.56 628.56 643.9155 643.77 643.77 649.2186 543.22 543.22 543.22 696.6735 695.22 695.22 695.22 771.4218 770.7 770.7 672.0765 660.46 660.46 660.46 563.14 563.14 563.14 534.3688 530.98 530.98 528.9295 568.82 568.82 568.82 570.024 546.6 546.6 546.6 491.2154 491.74 491.74 491.7351 491.83 491.83 491.83 572.1306 571.37 571.37 571.37 570.57 570.57 571.7236 701.7778 719.74 719.74 695.5306 1166.51 1166.51 1166.51 1273.319 1285.9 1285.9 1298.832 1047.25 1047.25 1047.25 1062.749 761.22 -9999 -9999 -9999 -9999 -9999 -9999 -9999 -9999
511.2774 511.39 511.39 505.0409 628.56 628.56 628.56 643.9155 643.77 643.77 649.2186 543.22 543.22 543.22 696.6735 695.22 695.22 695.22 771.4218 770.7 770.7 672.0765 660.46 660.46 660.46 563.14 563.14 563.14 534.3688 530.98 530.98 528.9295 568.82 568.82 568.82 570.024 546.6 546.6 546.6 491.2154 491.74 491.74 491.7351 491.83 491.83 491.83 572.1306 571.37 571.37 571.4133 570.57 570.57 570.57 695.7549 710.5 710.5 692.545 1041.85 1041.85 1041.85 1091.913 1097.81 1097.81 1105.203 961.38 961.38 961.38 972.2776 760.27 -9999 -9999 -9999 -9999 -9999 -9999 -9999 -9999
511.2774 511.39 511.39 505.0409 628.56 628.56 628.56 643.9155 643.77 643.77 649.2186 543.22 543.22 543.22 696.6735 695.22 695.22 691.1299 770.7 770.7 770.7 672.0765 660.46 660.46 660.46 563.14 563.14 563.14 534.3688 530.98 530.98 528.9295 568.82 568.82 568.82 570.024 546.6 546.6 546.6 491.2154 491.74 491.74 491.7351 491.83 491.83 491.83 572.1306 571.37 571.37 571.4133 570.57 570.57 570.57 695.7549 710.5 710.5 692.545 1041.85 1041.85 1041.85 1091.913 1097.81 1097.81 1105.203 961.38 961.38 961.38 781.462 760.27 -9999 -9999 -9999 -9999 -9999 -9999 -9999 -9999
511.2774 511.39 511.39 505.0409 628.56 628.56 628.56 643.9155 643.77 643.77 649.2186 543.22 543.22 543.22 696.6735 695.22 695.22 691.1299 770.7 770.7 770.7 672.0765 660.46 660.46 660.46 563.14 563.14 563.14 534.3688 530.98 530.98 528.9295 568.82 568.82 568.82 548.9414 546.6 546.6 546.6 491.2154 491.74 491.74 491.7351 491.83 491.83 491.83 572.1306 571.37 571.37 571.4133 570.57 570.57 570.57 695.7549 710.5 710.5 692.545 1041.85 1041.85 1041.85 1091.913 1097.81 1097.81 1105.203 961.38 961.38 961.38 781.462 760.27 -9999 -9999 -9999 -9999 -9999 -9999 -9999 -9999
598.1223 597.71 597.71 670.613 679.2 679.2 679.2 758.4608 757.71 757.71 763.739 646.45 646.45 646.45 560.1223 560.94 681.0702 691.1299 770.7 770.7 770.7 672.0765 660.46 660.46 660.46 563.14 563.14 563.14 534.3688 530.98 530.98 528.9295 568.82 568.82 568.82 548.9414 546.6 546.6 546.6 491.2154 491.74 491.74 491.7351 491.83 491.83 491.83 572.1306 571.37 571.37 571.4133 570.57 570.57 570.57 711.8381 710.5 710.5 692.545 1041.85 1041.85 1041.85 1091.913 1097.81 1097.81 1105.203 961.38 961.38 961.38 781.462 760.27 -9999 -9999 -9999 -9999 -9999 -9999 -9999 -9999
598.1223 597.71 597.71 670.613 679.2 679.2 679.2 758.4608 757.71 757.71 763.739 646.45 646.45 646.45 560.1223 560.94 560.94 553.7585 693.47 693.47 693.47 837.686 836.32 836.32 836.32 719.75 719.75 719.75 639.4753 630.02 630.02 633.2095 571.16 571.16 571.16 523.6823 518.09 518.09 518.09 448.0465 448.71 448.71 446.5821 487.98 487.98 487.98 799.531 796.58 796.58 794.1443 841.53 841.53 841.53 633.3986 635.37 635.37 624.3537 838.67 1020.44 1041.85 1091.913 1097.81 1097.81 1105.203 961.38 961.38 961.38 781.462 760.27 -9999 -9999 -9999 -9999 -9999 -9999 -9999 -9999
598.1223 597.71 597.71 670.613 679.2 679.2 679.2 757.71 757.71 757.71 763.739 646.45 646.45 646.45 560.1223 560.94 560.94 553.7585 693.47 693.47 693.47 837.686 836.32 836.32 836.32 719.75 719.75 719.75 639.4753 630.02 630.02 633.2095 571.16 571.16 571.16 523.6823 518.09 518.09 521.8495 448.71 448.71 448.71 446.5821 487.98 487.98 487.98 799.531 796.58 796.58 794.1443 841.53 841.53 841.53 633.3986 635.37 635.37 624.3537 838.67 838.67 838.67 1067.39 1094.33 1094.33 1096.796 1048.83 1048.83 1048.83 882.7429 863.18 -9999 -9999 -9999 -9999 -9999 -9999 -9999 -9999
598.1223 597.71 597.71 670.613 679.2 679.2 679.2 757.71 757.71 757.71 763.739 646.45 646.45 646.45 560.1223 560.94 560.94 553.7585 693.47 693.47 693.47 837.686 836.32 836.32 836.32 719.75 719.75 719.75 639.4753 630.02 630.02 633.2095 571.16 571.16 571.16 523.6823 518.09 518.09 521.8495 448.71 448.71 448.71 446.5821 487.98 487.98 487.98 799.531 796.58 796.58 794.1443 841.53 841.53 841.53 633.3986 635.37 635.37 624.3537 838.67 838.67 838.67 1067.39 1094.33 1094.33 1096.796 1048.83 1048.83 1048.83 882.7429 863.18 -9999 -9999 -9999 -9999 -9999 -9999 -9999 -9999
598.1223 597.71 597.71 670.613 679.2 679.2 679.2 757.71 757.71 757.71 763.739 646.45 646.45 646.45 560.1223 560.94 560.94 553.7585 693.47 693.47 693.47 837.686 836.32 836.32 842.6367 719.75 719.75 719.75 639.4753 630.02 630.02 633.2095 571.16 571.16 571.16 523.6823 518.09 518.09 521.8495 448.71 448.71 448.71 446.5821 487.98 487.98 487.98 799.531 796.58 796.58 794.1443 841.53 841.53 841.53 633.3986 635.37 635.37 817.2473 838.67 838.67 838.67 1067.39 1094.33 1094.33 1096.796 1048.83 1048.83 1048.83 882.7429 863.18 -9999 -9999 -9999 -9999 -9999 -9999 -9999 -9999
631.8639 632.38 632.38 769.6066 785.77 785.77 785.77 939.79 939.79 939.79 853.244 843.05 843.05 843.05 658.078 659.83 659.83 660.9842 638.53 638.53 638.53 794.1036 792.63 792.63 787.6849 883.89 883.89 883.89 850.0463 846.06 846.06 855.7043 668.08 668.08 581.3729 523.6823 518.09 518.09 521.8495 448.71 448.71 448.71 446.5821 487.98 487.98 487.98 799.531 796.58 796.58 794.1443 841.53 841.53 841.53 633.3986 635.37 635.37 817.2473 838.67 838.67 838.67 1067.39 1094.33 1094.33 1096.796 1048.83 1048.83 1048.83 882.7429 863.18 -9999 -9999 -9999 -9999 -9999 -9999 -9999 -9999
631.8639 632.38 632.38 769.6066 785.77 785.77 785.77 939.79 939.79 939.79 853.244 843.05 843.05 843.05 658.078 659.83 659.83 660.9842 638.53 638.53 638.53 794.1036 792.63 792.63 787.6849 883.89 883.89 883.89 850.0463 846.06 846.06 855.7043 668.08 668.08 668.08 543.8524 529.22 529.22 533.7646 445.35 445.35 445.35 440.0717 439.45 439.45 439.45 618.395 616.7 616.7 598.2286 957.58 957.58 957.58 923.9716 924.29 924.29 692.4479 665.14 665.14 665.14 910.795 939.73 939.73 931.0881 1099.21 1099.21 1099.21 995.6035 983.4 -9999 -9999 -9999 -9999 -9999 -9999 -9999 -9999
631.8639 632.38 632.38 769.6066 785.77 785.77 785.77 939.79 939.79 939.79 853.244 843.05 843.05 843.05 658.078 659.83 659.83 660.9842 638.53 638.53 638.53 794.1036 792.63 792.63 787.6849 883.89 883.89 883.89 845.6982 846.06 846.06 855.7043 668.08 668.08 668.08 543.8524 529.22 529.22 533.7646 445.35 445.35 445.35 440.0717 439.45 439.45 439.45 618.395 616.7 616.7 598.2286 957.58 957.58 957.58 923.9716 924.29 924.29 692.4479 665.14 665.14 665.14 942.3558 939.73 939.73 931.0881 1099.21 1099.21 1099.21 995.6035 983.4 -9999 -9999 -9999 -9999 -9999 -9999 -9999 -9999
631.8639 632.38 632.38 769.6066 785.77 785.77 785.77 939.79 939.79 939.79 853.244 843.05 843.05 852.9782 659.83 659.83 659.83 660.9842 638.53 638.53 638.53 794.1036 792.63 792.63 787.6849 883.89 883.89 883.89 845.6982 846.06 846.06 855.7043 668.08 668.08 668.08 543.8524 529.22 529.22 533.7646 445.35 445.35 445.35 440.0717 439.45 439.45 439.45 618.395 616.7 616.7 598.2286 957.58 957.58 957.58 923.9716 924.29 924.29 692.4479 665.14 665.14 665.14 942.3558 939.73 939.73 931.0881 1099.21 1099.21 1099.21 995.6035 983.4 -9999 -9999 -9999 -9999 -9999 -9999 -9999 -9999
782.3 782.3 782.3 973.6693 996.21 996.21 996.21 1034.91 1034.91 1034.91 996.96 992.49 992.49 852.9782 659.83 659.83 659.83 660.9842 638.53 638.53 638.53 794.1036 792.63 792.63 787.6849 883.89 883.89 883.89 845.6982 846.06 846.06 855.7043 668.08 668.08 668.08 543.8524 529.22 529.22 533.7646 445.35 445.35 445.35 440.0717 439.45 439.45 429.8453 616.7 616.7 616.7 598.2286 957.58 957.58 957.58 923.9716 924.29 924.29 692.4479 665.14 665.14 665.14 942.3558 939.73 939.73 931.0881 1099.21 1099.21 1099.21 995.6035 983.4 -9999 -9999 -9999 -9999 -9999 -9999 -9999 -9999
782.3 782.3 782.3 973.6693 996.21 996.21 996.21 1034.91 1034.91 1034.91 996.96 992.49 992.49 999.4645 863.78 863.78 863.78 863.6901 865.44 865.44 865.44 1124.352 1121.9 1121.9 1121.995 1120.15 1120.15 1120.15 1035.115 1035.92 1035.92 803.2728 775.87 775.87 775.87 610.3554 590.86 590.86 595.1868 511.01 511.01 511.01 478.6783 474.87 474.87 472.2164 523.84 523.84 523.84 507.1904 831.1 831.1 831.1 962.4441 928.1794 924.29 692.4479 665.14 665.14 665.14 942.3558 939.73 939.73 931.0881 1099.21 1099.21 1099.21 995.6035 983.4 -9999 -9999 -9999 -9999 -9999 -9999 -9999 -9999
