Model and model input files/precip_2003.asc
ncols         625
nrows         453
xllcorner     138621.56993419
yllcorner     4094031.9406744
cellsize      1000
NODATA_value  -9999
[rows 0 to 33 of 453, columns 154 to 230 of 625]
374.89 374.89 405.9439 410.14 410.14 410.14 468.11 468.11 468.11 529.0196 537.25 537.25 537.25 656.38 656.38 656.38 656.38 602.58 602.58 602.58 578.4 578.4 578.4 578.4 671.26 671.26 671.26 686.43 686.43 686.43 686.43 693.28 693.28 693.28 784.18 784.18 784.18 784.18 946.74 946.74 946.74 1038.62 1038.62 1038.62 1127.615 1139.64 1139.64 1139.64 1038.08 1038.08 1038.08 979.9807 972.13 972.13 972.13 1031.49 1031.49 1031.49 1033.478 1262.46 1262.46 1262.46 1482.2 1482.2 1482.2 1482.2 1355.12 1355.12 1355.12 -9999 -9999 -9999 -9999 -9999 -9999 -9999 -9999
374.89 374.89 406.4255 410.14 410.14 410.14 468.6643 468.11 468.11 529.9644 537.25 537.25 537.25 656.38 656.38 656.38 608.2492 602.58 602.58 602.58 578.1688 578.4 578.4 573.3682 671.26 671.26 671.26 686.5751 686.43 686.43 686.0588 693.28 693.28 693.28 785.0492 784.18 784.18 775.3713 946.74 946.74 946.74 1039.499 1038.62 1038.62 1128.995 1139.64 1139.64 1139.64 1037.109 1038.08 1038.08 979.0795 972.13 972.13 972.13 1032.058 1031.49 1031.49 1238.121 1262.46 1262.46 1262.46 1484.301 1482.2 1482.2 1489.086 1355.12 1355.12 1355.12 -9999 -9999 -9999 -9999 -9999 -9999 -9999 -9999
374.89 374.89 406.4255 410.14 410.14 410.14 468.6643 468.11 468.11 529.9644 537.25 537.25 537.25 656.38 656.38 656.38 608.2492 602.58 602.58 603.8903 578.4 578.4 578.4 573.3682 671.26 671.26 671.26 686.5751 686.43 686.43 686.0588 693.28 693.28 693.28 785.0492 784.18 784.18 775.3713 946.74 946.74 946.74 1039.499 1038.62 1038.62 1128.995 1139.64 1139.64 1139.64 1037.109 1038.08 1038.08 979.0795 972.13 972.13 972.13 1032.058 1031.49 1031.49 1238.121 1262.46 1262.46 1262.46 1482.2 1482.2 1482.2 1489.086 1355.12 1355.12 1355.12 -9999 -9999 -9999 -9999 -9999 -9999 -9999 -9999
376.26 376.26 402.9645 406.11 406.11 406.11 421.4352 421.29 421.29 438.7083 440.76 440.76 440.76 489.19 489.19 489.19 481.7467 474.2748 602.58 603.8903 578.4 578.4 578.4 661.4749 671.26 671.26 671.26 686.5751 686.43 686.43 686.0588 693.28 693.28 693.28 785.0492 784.18 784.18 775.3713 946.74 946.74 946.74 1039.499 1038.62 1038.62 1128.995 1139.64 1139.64 1139.64 1037.109 1038.08 1038.08 979.0795 972.13 972.13 972.13 1032.058 1031.49 1031.49 1238.121 1262.46 1262.46 1262.46 1482.2 1482.2 1482.2 1368.511 1355.12 1355.12 1355.12 -9999 -9999 -9999 -9999 -9999 -9999 -9999 -9999
376.26 376.26 402.9645 406.11 406.11 406.11 421.4352 421.29 421.29 438.7083 440.76 440.76 440.76 489.19 489.19 489.19 481.7467 480.87 480.87 478.5491 523.7 523.7 523.7 540.0985 542.03 542.03 541.5017 551.78 551.78 551.78 551.3032 560.58 560.58 560.58 554.9567 555.01 555.01 542.5984 784.06 784.06 784.06 1104.525 1101.49 1101.49 1153.459 1159.58 1159.58 1159.58 1134.826 1135.06 1135.06 994.3176 977.74 977.74 977.74 994.4988 994.34 994.34 1146.85 1262.46 1262.46 1262.46 1482.2 1482.2 1482.2 1368.511 1355.12 1355.12 1377.93 -9999 -9999 -9999 -9999 -9999 -9999 -9999 -9999
376.26 376.26 402.9645 406.11 406.11 406.11 421.4352 421.29 421.29 438.7083 440.76 440.76 440.76 489.19 489.19 489.19 481.7467 480.87 480.87 478.5491 523.7 523.7 523.7 540.0985 542.03 542.03 541.5017 551.78 551.78 551.78 559.6527 560.58 560.58 560.58 554.9567 555.01 555.01 542.5984 784.06 784.06 784.06 1104.525 1101.49 1101.49 1153.459 1159.58 1159.58 1159.58 1134.826 1135.06 1135.06 994.3176 977.74 977.74 977.74 994.4988 994.34 994.34 1151.839 1170.39 1170.39 1170.39 1389.82 1389.82 1389.82 1321.721 1313.7 1313.7 1331.474 -9999 -9999 -9999 -9999 -9999 -9999 -9999 -9999
376.26 376.26 402.9645 406.11 406.11 406.11 421.4352 421.29 421.29 438.7083 440.76 440.76 440.76 489.19 489.19 489.19 481.7467 480.87 480.87 478.5491 523.7 523.7 523.7 540.0985 542.03 542.03 541.5017 551.78 551.78 551.78 559.6527 560.58 560.58 560.58 554.9567 555.01 555.01 542.5984 784.06 784.06 784.06 1104.525 1101.49 1101.49 1153.459 1159.58 1159.58 1159.58 1134.826 1135.06 1135.06 994.3176 977.74 977.74 977.74 994.4988 994.34 994.34 1151.839 1170.39 1170.39 1170.39 1389.82 1389.82 1389.82 1321.721 1313.7 1313.7 1331.474 -9999 -9999 -9999 -9999 -9999 -9999 -9999 -9999
376.26 376.26 402.9645 406.11 406.11 406.11 421.4352 421.29 421.29 438.7083 440.76 440.76 440.76 489.19 489.19 489.19 481.7467 480.87 480.87 478.5491 523.7 523.7 523.7 540.0985 542.03 542.03 541.5017 551.78 551.78 551.78 559.6527 560.58 560.58 560.8818 555.01 555.01 555.01 542.5984 784.06 784.06 784.06 1104.525 1101.49 1101.49 1153.459 1159.58 1159.58 1159.58 1134.826 1135.06 1135.06 994.3176 977.74 977.74 977.74 994.4988 994.34 994.34 1151.839 1170.39 1170.39 1170.39 1389.82 1389.82 1389.82 1321.721 1313.7 1313.7 1331.474 -9999 -9999 -9999 -9999 -9999 -9999 -9999 -9999
494.93 494.93 471.3365 471.56 471.56 471.56 489.4797 489.31 489.31 592.8718 605.07 605.07 605.07 583.95 583.95 583.95 579.799 579.31 579.31 576.8293 625.09 625.09 625.09 586.2275 581.65 581.65 579.5784 619.88 619.88 619.88 636.8779 638.88 638.88 641.1819 596.4 559.3715 555.01 759.9238 784.06 784.06 784.06 1104.525 1101.49 1101.49 1153.459 1159.58 1159.58 1159.58 1134.826 1135.06 1135.06 994.3176 977.74 977.74 977.74 994.4988 994.34 994.34 1151.839 1170.39 1170.39 1170.39 1389.82 1389.82 1389.82 1321.721 1313.7 1313.7 1331.474 -9999 -9999 -9999 -9999 -9999 -9999 -9999 -9999
494.93 494.93 471.3365 471.56 471.56 471.56 489.4797 489.31 489.31 592.8718 605.07 605.07 605.07 583.95 583.95 583.95 579.799 579.31 579.31 576.8293 625.09 625.09 625.09 586.2275 581.65 581.65 579.5784 619.88 619.88 619.88 636.8779 638.88 638.88 641.1819 596.4 596.4 596.4 671.6559 680.52 680.52 668.809 896.64 896.64 896.64 948.4746 954.58 954.58 954.58 1190.686 1188.45 1188.45 1213.839 1216.83 1216.83 1216.83 1196.911 1197.1 1197.1 1373.35 1394.11 1394.11 1394.11 1671.19 1671.19 1671.19 1389.839 1356.7 1356.7 1372.651 -9999 -9999 -9999 -9999 -9999 -9999 -9999 -9999
494.93 494.93 471.3365 471.56 471.56 470.5982 489.31 489.31 489.31 592.8718 605.07 605.07 605.07 583.95 583.95 583.95 579.799 579.31 579.31 576.8293 625.09 625.09 625.09 586.2275 581.65 581.65 579.5784 619.88 619.88 619.88 636.8779 638.88 638.88 641.1819 596.4 596.4 596.4 671.6559 680.52 680.52 668.809 896.64 896.64 896.64 955.1341 954.58 954.58 954.58 1190.686 1188.45 1188.45 1213.839 1216.83 1216.83 1216.83 1196.911 1197.1 1197.1 1373.35 1394.11 1394.11 1394.11 1671.19 1671.19 1671.19 1389.839 1356.7 1356.7 1372.651 -9999 -9999 -9999 -9999 -9999 -9999 -9999 -9999
494.93 494.93 471.3365 471.56 471.56 470.5982 489.31 489.31 489.31 606.1769 605.07 605.07 605.07 583.95 583.95 583.95 579.799 579.31 579.31 576.8293 625.09 625.09 625.09 586.2275 581.65 581.65 579.5784 619.88 619.88 619.88 636.8779 638.88 638.88 641.1819 596.4 596.4 596.4 671.6559 680.52 680.52 668.809 896.64 896.64 896.64 955.1341 954.58 954.58 954.58 1190.686 1188.45 1188.45 1213.839 1216.83 1216.83 1216.83 1196.911 1197.1 1197.1 1373.35 1394.11 1394.11 1394.11 1671.19 1671.19 1671.19 1389.839 1356.7 1356.7 1372.651 -9999 -9999 -9999 -9999 -9999 -9999 -9999 -9999
750.75 750.75 671.7687 471.56 471.56 470.5982 489.31 489.31 489.31 606.1769 605.07 605.07 606.2145 583.95 583.95 583.95 579.799 579.31 579.31 576.8293 625.09 625.09 625.09 586.2275 581.65 581.65 579.5784 619.88 619.88 619.88 636.8779 638.88 638.88 641.1819 596.4 596.4 596.4 671.6559 680.52 680.52 668.809 896.64 896.64 896.64 955.1341 954.58 954.58 941.9072 1188.45 1188.45 1188.45 1213.839 1216.83 1216.83 1216.83 1196.911 1197.1 1197.1 1373.35 1394.11 1394.11 1394.11 1671.19 1671.19 1671.19 1389.839 1356.7 1356.7 1372.651 -9999 -9999 -9999 -9999 -9999 -9999 -9999 -9999
750.75 750.75 661.434 662.28 662.28 669.8598 522.4 522.4 522.4 642.9316 641.79 641.79 639.8674 677.27 677.27 677.27 695.5431 695.37 695.37 698.5259 637.13 637.13 637.13 672.6466 676.83 676.83 676.687 679.47 679.47 679.47 842.0681 861.22 861.22 857.3645 932.37 932.37 932.37 756.3525 735.62 735.62 733.9586 766.28 766.28 766.28 916.7654 915.34 915.34 909.2109 1028.45 1028.45 1028.45 1295.318 1292.79 1292.79 1296.906 1196.911 1197.1 1197.1 1373.35 1394.11 1394.11 1394.11 1671.19 1671.19 1671.19 1389.839 1356.7 1356.7 1372.651 -9999 -9999 -9999 -9999 -9999 -9999 -9999 -9999
750.75 750.75 661.434 662.28 662.28 669.8598 522.4 522.4 522.4 642.9316 641.79 641.79 639.8674 677.27 677.27 677.27 695.5431 695.37 695.37 643.267 637.13 637.13 637.13 672.6466 676.83 676.83 676.687 679.47 679.47 679.47 842.0681 861.22 861.22 857.3645 932.37 932.37 932.37 756.3525 735.62 735.62 733.9586 766.28 766.28 766.28 916.7654 915.34 915.34 909.2109 1028.45 1028.45 1028.45 1295.318 1292.79 1292.79 1288.425 1373.34 1373.34 1373.34 1469.056 1480.33 1480.33 1480.33 1636 1636 1636 1575.434 1568.3 1568.3 1590.011 -9999 -9999 -9999 -9999 -9999 -9999 -9999 -9999
750.75 750.75 661.434 662.28 662.28 669.8598 522.4 522.4 522.4 642.9316 641.79 641.79 639.8674 677.27 677.27 677.27 695.5431 695.37 695.37 643.267 637.13 637.13 637.13 672.6466 676.83 676.83 676.687 679.47 679.47 679.47 842.0681 861.22 861.22 857.3645 932.37 932.37 932.37 756.3525 735.62 735.62 733.9586 766.28 766.28 766.28 916.7654 915.34 915.34 909.2109 1028.45 1028.45 1028.45 1295.318 1292.79 1292.79 1288.425 1373.34 1373.34 1373.34 1469.056 1480.33 1480.33 1480.33 1636 1636 1636 1575.434 1568.3 1568.3 1590.011 -9999 -9999 -9999 -9999 -9999 -9999 -9999 -9999
750.75 750.75 661.434 662.28 662.28 669.8598 522.4 522.4 522.4 642.9316 641.79 641.79 639.8674 677.27 677.27 677.27 695.5431 695.37 695.37 643.267 637.13 637.13 637.13 677.2097 676.83 676.83 676.687 679.47 679.47 679.47 842.0681 861.22 861.22 857.3645 932.37 932.37 932.37 756.3525 735.62 735.62 733.9586 766.28 766.28 766.28 916.7654 915.34 915.34 909.2109 1028.45 1028.45 1028.45 1295.318 1292.79 1292.79 1288.425 1373.34 1373.34 1373.34 1481.353 1480.33 1480.33 1480.33 1636 1636 1636 1575.434 1568.3 1568.3 1590.011 -9999 -9999 -9999 -9999 -9999 -9999 -9999 -9999
621.07 621.07 690.1442 689.49 689.49 687.9321 718.24 718.24 718.24 623.1897 624.09 624.09 621.8781 664.91 664.91 664.91 870.7194 868.77 868.77 643.267 637.13 637.13 637.13 677.2097 676.83 676.83 679.1918 679.47 679.47 679.47 842.0681 861.22 861.22 857.3645 932.37 932.37 932.37 756.3525 735.62 735.62 733.9586 766.28 766.28 766.28 916.7654 915.34 915.34 909.2109 1028.45 1028.45 1028.45 1295.318 1292.79 1292.79 1288.425 1373.34 1373.34 1373.34 1481.353 1480.33 1480.33 1480.33 1636 1636 1636 1575.434 1568.3 1568.3 1590.011 -9999 -9999 -9999 -9999 -9999 -9999 -9999 -9999
621.07 621.07 690.1442 689.49 689.49 687.9321 718.24 718.24 718.24 623.1897 624.09 624.09 621.8781 664.91 664.91 664.91 870.7194 868.77 868.77 846.4491 843.82 843.82 843.82 816.269 816.53 816.53 729.9035 719.7 719.7 719.7 801.9429 811.63 811.63 797.2942 1076.19 1076.19 1076.19 910.5591 891.05 891.05 893.2728 850.03 850.03 850.03 951.0872 950.13 950.13 945.4438 1036.61 1036.61 1036.61 1312.16 1309.55 1309.55 1303.613 1419.11 1419.11 1419.11 1628.059 1626.08 1495.688 1471.895 1636 1636 1636 1575.434 1568.3 1568.3 1590.011 -9999 -9999 -9999 -9999 -9999 -9999 -9999 -9999
621.07 621.07 690.1442 689.49 689.49 687.9321 718.24 718.24 718.24 623.1897 624.09 624.09 621.8781 664.91 664.91 664.91 870.7194 868.77 868.77 846.4491 843.82 843.82 843.82 816.269 816.53 816.53 729.9035 719.7 719.7 719.7 812.5091 811.63 811.63 797.2942 1076.19 1076.19 1076.19 910.5591 891.05 891.05 893.2728 850.03 850.03 850.03 951.0872 950.13 950.13 945.4438 1036.61 1036.61 1036.61 1312.16 1309.55 1309.55 1303.613 1419.11 1419.11 1419.11 1628.059 1626.08 1626.08 1625.25 1641.4 1641.4 1641.4 1686.568 1686.14 1686.14 1705.106 -9999 -9999 -9999 -9999 -9999 -9999 -9999 -9999
621.07 617.3625 689.49 689.49 689.49 687.9321 718.24 718.24 718.24 623.1897 624.09 624.09 621.8781 664.91 664.91 664.91 870.7194 868.77 868.77 846.4491 843.82 843.82 843.82 816.269 816.53 816.53 729.9035 719.7 719.7 719.7 812.5091 811.63 811.63 1048.312 1076.19 1076.19 1076.19 910.5591 891.05 891.05 893.2728 850.03 850.03 850.03 951.0872 950.13 950.13 945.4438 1036.61 1036.61 1036.61 1312.16 1309.55 1309.55 1303.613 1419.11 1419.11 1419.11 1628.059 1626.08 1626.08 1625.25 1641.4 1641.4 1641.4 1686.568 1686.14 1686.14 1705.106 -9999 -9999 -9999 -9999 -9999 -9999 -9999 -9999
621.07 617.3625 689.49 689.49 689.49 715.2104 718.24 718.24 718.24 623.1897 624.09 624.09 621.8781 664.91 664.91 664.91 870.7194 868.77 868.77 846.4491 843.82 843.82 843.82 816.269 816.53 816.53 729.9035 719.7 719.7 719.7 812.5091 811.63 811.63 1048.312 1076.19 1076.19 1076.19 889.2796 891.05 891.05 893.2728 850.03 850.03 850.03 951.0872 950.13 950.13 945.4438 1036.61 1036.61 1036.61 1312.16 1309.55 1309.55 1303.613 1419.11 1419.11 1419.11 1628.059 1626.08 1626.08 1625.25 1641.4 1641.4 1641.4 1686.568 1686.14 1686.14 1373.012 -9999 -9999 -9999 -9999 -9999 -9999 -9999 -9999
800.71 787.6346 1042.01 1042.01 1042.01 1156.54 1170.03 1170.03 1170.03 911.4608 913.91 913.91 921.9606 765.34 765.34 765.34 810.9016 810.47 810.47 793.0159 790.96 790.96 790.96 824.5582 824.24 824.24 798.6985 795.69 795.69 795.69 892.4162 891.5 891.5 989.032 1000.52 1000.52 1068.216 889.2796 891.05 891.05 893.2728 850.03 850.03 850.03 951.0872 950.13 950.13 945.4438 1036.61 1036.61 1036.61 1312.16 1309.55 1309.55 1303.613 1419.11 1419.11 1419.11 1628.059 1626.08 1626.08 1625.25 1641.4 1641.4 1641.4 1686.568 1686.14 1686.14 1373.012 -9999 -9999 -9999 -9999 -9999 -9999 -9999 -9999
800.71 787.6346 1042.01 1042.01 1042.01 1156.54 1170.03 1170.03 1183.909 913.91 913.91 913.91 921.9606 765.34 765.34 765.34 810.9016 810.47 810.47 793.0159 790.96 790.96 790.96 824.5582 824.24 824.24 798.6985 795.69 795.69 795.69 892.4162 891.5 891.5 989.032 1000.52 1000.52 1000.52 848.4496 849.89 849.89 877.9097 881.21 881.21 881.21 965.4176 964.62 964.62 952.6689 1185.17 1185.17 1185.17 1339.623 1338.16 1338.16 1350.742 1105.96 1105.96 1105.96 1292.931 1291.16 1291.16 1268.818 1703.47 1703.47 1703.47 1785.043 1784.27 1784.27 1595.978 -9999 -9999 -9999 -9999 -9999 -9999 -9999 -9999
800.71 787.6346 1042.01 1042.01 1042.01 1156.54 1170.03 1170.03 1183.909 913.91 913.91 913.91 780.9956 765.34 765.34 765.34 810.9016 810.47 810.47 793.0159 790.96 790.96 790.96 824.5582 824.24 824.24 798.6985 795.69 795.69 795.69 892.4162 891.5 891.5 989.032 1000.52 1000.52 1000.52 848.4496 849.89 849.89 877.9097 881.21 881.21 881.21 965.4176 964.62 964.62 952.6689 1185.17 1185.17 1185.17 1339.623 1338.16 1338.16 1350.742 1105.96 1105.96 1105.96 1292.931 1291.16 1291.16 1268.818 1703.47 1703.47 1703.47 1785.043 1784.27 1784.27 1595.978 -9999 -9999 -9999 -9999 -9999 -9999 -9999 -9999
800.71 787.6346 1042.01 1042.01 1042.01 1156.54 1170.03 1170.03 1183.909 913.91 913.91 913.91 780.9956 765.34 765.34 762.8945 810.47 810.47 810.47 793.0159 790.96 790.96 790.96 824.5582 824.24 824.24 798.6985 795.69 795.69 795.69 892.4162 891.5 891.5 989.032 1000.52 1000.52 1000.52 848.4496 849.89 849.89 877.9097 881.21 881.21 881.21 964.62 964.62 964.62 952.6689 1185.17 1185.17 1185.17 1339.623 1338.16 1338.16 1350.742 1105.96 1105.96 1105.96 1292.931 1291.16 1291.16 1268.818 1703.47 1703.47 1703.47 1785.043 1784.27 1784.27 1595.978 -9999 -9999 -9999 -9999 -9999 -9999 -9999 -9999
811.48 780.1878 1388.96 1388.96 1388.96 1659.146 1690.97 1690.97 1706.854 1397.83 1397.83 1397.83 1157.256 1128.92 1128.92 801.2068 810.47 810.47 810.47 793.0159 790.96 790.96 790.96 824.5582 824.24 824.24 798.6985 795.69 795.69 795.69 892.4162 891.5 891.5 989.032 1000.52 1000.52 1000.52 848.4496 849.89 849.89 877.9097 881.21 881.21 881.21 964.62 964.62 964.62 1161.93 1185.17 1185.17 1185.17 1339.623 1338.16 1338.16 1350.742 1105.96 1105.96 1105.96 1292.931 1291.16 1291.16 1268.818 1703.47 1703.47 1703.47 1785.043 1784.27 1784.27 1595.978 -9999 -9999 -9999 -9999 -9999 -9999 -9999 -9999
811.48 780.1878 1388.96 1388.96 1388.96 1659.146 1690.97 1690.97 1706.854 1397.83 1397.83 1397.83 1157.256 1128.92 1128.92 1125.628 1189.68 1189.68 1189.68 981.2255 983.2 983.2 983.2 964.4928 964.67 964.67 831.1651 815.44 815.44 815.44 1068.669 1066.27 1066.27 951.3018 937.76 937.76 937.76 757.2502 758.96 758.96 712.1085 706.59 706.59 706.59 725.38 725.38 725.38 823.6545 835.23 835.23 835.23 866.0419 865.75 865.75 863.3782 909.52 1107.838 1105.96 1292.931 1291.16 1291.16 1268.818 1703.47 1703.47 1703.47 1785.043 1784.27 1784.27 1595.978 -9999 -9999 -9999 -9999 -9999 -9999 -9999 -9999
811.48 780.1878 1388.96 1388.96 1388.96 1659.146 1690.97 1690.97 1706.854 1397.83 1397.83 1397.83 1157.256 1128.92 1128.92 1125.628 1189.68 1189.68 1189.68 981.2255 983.2 983.2 984.2041 964.67 964.67 964.67 831.1651 815.44 815.44 815.44 1068.669 1066.27 1066.27 951.3018 937.76 937.76 937.76 757.2502 758.96 758.96 712.1085 706.59 706.59 706.59 725.38 725.38 725.38 823.6545 835.23 835.23 833.5762 865.75 865.75 865.75 863.3782 909.52 909.52 909.52 1053.807 1052.44 1052.44 1034.608 1381.51 1381.51 1381.51 1621.109 1618.84 1618.84 1655.681 -9999 -9999 -9999 -9999 -9999 -9999 -9999 -9999
811.48 780.1878 1388.96 1388.96 1388.96 1659.146 1690.97 1690.97 1706.854 1397.83 1397.83 1397.83 1157.256 1128.92 1128.92 1125.628 1189.68 1189.68 1189.68 981.2255 983.2 983.2 984.2041 964.67 964.67 964.67 831.1651 815.44 815.44 815.44 1068.669 1066.27 1066.27 951.3018 937.76 937.76 937.76 757.2502 758.96 758.96 712.1085 706.59 706.59 706.59 725.38 725.38 725.38 823.6545 835.23 835.23 833.5762 865.75 865.75 865.75 863.3782 909.52 909.52 909.52 1053.807 1052.44 1052.44 1034.608 1381.51 1381.51 1381.51 1621.109 1618.84 1618.84 1655.681 -9999 -9999 -9999 -9999 -9999 -9999 -9999 -9999
811.48 780.1878 1388.96 1388.96 1388.96 1659.146 1690.97 1690.97 1706.854 1397.83 1397.83 1397.83 1157.256 1128.92 1128.92 1125.628 1189.68 1189.68 1189.68 981.2255 983.2 983.2 984.2041 964.67 964.67 964.67 814.013 815.44 815.44 815.44 1068.669 1066.27 1066.27 951.3018 937.76 937.76 937.76 757.2502 758.96 758.96 712.1085 706.59 706.59 706.59 725.38 725.38 725.38 823.6545 835.23 835.23 833.5762 865.75 865.75 865.75 904.9078 909.52 909.52 909.52 1053.807 1052.44 1052.44 1034.608 1381.51 1381.51 1381.51 1621.109 1618.84 1618.84 1655.681 -9999 -9999 -9999 -9999 -9999 -9999 -9999 -9999
706.29 812.2315 824.71 824.71 824.71 1006.775 1028.22 1028.22 1020.082 1178.41 1178.41 1178.41 937.1207 908.7 908.7 911.5833 855.49 855.49 855.49 819.7313 820.07 820.07 823.9346 748.75 748.75 748.75 738.4828 738.58 738.58 721.6248 1051.48 1051.48 1050.679 951.3018 937.76 937.76 937.76 757.2502 758.96 758.96 712.1085 706.59 706.59 706.59 725.38 725.38 725.38 823.6545 835.23 835.23 833.5762 865.75 865.75 865.75 904.9078 909.52 909.52 909.52 1053.807 1052.44 1052.44 1034.608 1381.51 1381.51 1381.51 1621.109 1618.84 1618.84 1655.681 -9999 -9999 -9999 -9999 -9999 -9999 -9999 -9999
706.29 812.2315 824.71 824.71 824.71 1006.775 1028.22 1028.22 1020.082 1178.41 1178.41 1178.41 937.1207 908.7 908.7 911.5833 855.49 855.49 855.49 819.7313 820.07 820.07 823.9346 748.75 748.75 748.75 738.4828 738.58 738.58 721.6248 1051.48 1051.48 1051.48 1108.414 1115.12 1115.12 1115.12 822.0642 824.84 824.84 723.9621 712.08 712.08 712.08 687.24 687.24 687.24 669.5891 667.51 667.51 669.1118 637.95 637.95 637.95 770.113 785.68 785.68 770.5682 1064.56 1064.56 1064.56 1038.643 1542.85 1542.85 1542.85 1791.101 1788.75 1788.75 1486.921 -9999 -9999 -9999 -9999 -9999 -9999 -9999 -9999
706.29 812.2315 824.71 824.71 824.71 1030.166 1028.22 1028.22 1020.082 1178.41 1178.41 1178.41 937.1207 908.7 908.7 911.5833 855.49 855.49 855.49 819.7313 820.07 820.07 823.9346 748.75 748.75 748.75 738.4828 738.58 738.58 721.6248 1051.48 1051.48 1051.48 1115.729 1115.12 1115.12 1115.12 822.0642 824.84 824.84 723.9621 712.08 712.08 712.08 687.24 687.24 687.24 669.5891 667.51 667.51 669.1118 637.95 637.95 637.95 770.113 785.68 785.68 770.5682 1064.56 1064.56 1064.56 1038.643 1542.85 1542.85 1542.85 1791.101 1788.75 1788.75 1486.921 -9999 -9999 -9999 -9999 -9999 -9999 -9999 -9999
