Model and model input files/precip_2007.asc
ncols         625
nrows         453
xllcorner     138621.56993419
yllcorner     4094031.9406744
cellsize      1000
NODATA_value  -9999
[rows 34 to 67 of 453, columns 0 to 76 of 625]
-9999 -9999 -9999 -9999 -9999 -9999 -9999 -9999 -9999 -9999 -9999 -9999 -9999 -9999 -9999 -9999 -9999 308.41 299.3845 299.47 299.47 300.5175 280.14 280.14 280.14 293.6581 293.53 293.53 294.9226 267.83 267.83 267.83 228.3561 228.73 228.73 229.1174 221.58 221.58 221.58 220.9743 220.98 220.98 220.98 229.1474 229.07 229.07 240.5749 241.93 241.93 241.93 266.23 266.23 266.23 283.2994 285.31 285.31 283.7933 313.3 313.3 313.3 317.6031 318.11 318.11 318.11 305.8539 305.97 305.97 305.938 306.56 306.56 306.56 318.9373 318.82 318.82 318.4705 325.27 325.27
-9999 -9999 -9999 -9999 -9999 -9999 -9999 -9999 -9999 -9999 -9999 -9999 -9999 -9999 -9999 -9999 -9999 294.29 293.4016 293.41 293.41 294.1854 279.1 279.1 279.1 289.1552 289.06 293.059 294.9226 267.83 267.83 267.83 228.3561 228.73 228.73 229.1174 221.58 221.58 221.58 220.9743 220.98 220.98 220.5416 229.07 229.07 229.07 240.5749 241.93 241.93 241.93 266.23 266.23 266.23 283.2994 285.31 285.31 283.7933 313.3 313.3 313.3 317.6031 318.11 318.11 318.7678 305.97 305.97 305.97 305.938 306.56 306.56 306.56 318.9373 318.82 318.82 318.4705 325.27 325.27
-9999 -9999 -9999 -9999 -9999 -9999 -9999 -9999 -9999 -9999 -9999 -9999 -9999 -9999 -9999 -9999 -9999 294.29 293.4016 293.41 293.41 280.6079 279.1 279.1 279.1 289.1552 289.06 289.06 290.1259 269.39 269.39 269.39 275.9118 275.85 275.85 276.9863 254.88 254.88 254.88 235.9608 236.14 236.14 236.0896 237.07 237.07 237.07 252.6476 252.5 252.5 243.0438 266.23 266.23 266.23 283.2994 285.31 285.31 283.7933 313.3 313.3 313.3 317.6031 318.11 318.11 318.7678 305.97 305.97 305.97 306.4978 306.56 306.56 306.56 318.9373 318.82 318.82 318.4705 325.27 325.27
-9999 -9999 -9999 -9999 -9999 -9999 -9999 -9999 -9999 -9999 -9999 -9999 -9999 -9999 -9999 -9999 -9999 294.29 293.4016 293.41 293.41 280.6079 279.1 279.1 279.1 289.06 289.06 289.06 290.1259 269.39 269.39 269.39 275.9118 275.85 275.85 276.9863 254.88 254.88 254.88 235.9608 236.14 236.14 236.0896 237.07 237.07 237.07 252.6476 252.5 252.5 252.5 266.27 266.27 266.27 279.6447 281.22 281.22 280.6169 292.35 292.35 292.35 309.5984 311.63 311.63 311.7178 310.01 310.01 310.01 304.5707 303.93 303.93 303.3551 314.54 314.3081 318.82 318.4705 325.27 325.27
-9999 -9999 -9999 -9999 -9999 -9999 -9999 -9999 -9999 -9999 -9999 -9999 -9999 -9999 -9999 -9999 -9999 294.29 293.4016 293.41 293.41 280.6079 279.1 279.1 279.1 289.06 289.06 289.06 271.4627 269.39 269.39 269.39 275.9118 275.85 275.85 276.9863 254.88 254.88 254.88 235.9608 236.14 236.14 236.0896 237.07 237.07 237.07 252.6476 252.5 252.5 251.7538 266.27 266.27 266.27 279.6447 281.22 281.22 280.6169 292.35 292.35 292.35 309.5984 311.63 311.63 311.7178 310.01 310.01 310.01 304.5707 303.93 303.93 303.3551 314.54 314.54 314.54 328.5409 330.19 330.19
-9999 -9999 -9999 -9999 -9999 -9999 -9999 -9999 -9999 -9999 -9999 -9999 -9999 -9999 -9999 -9999 -9999 294.29 293.4016 293.41 293.41 280.6079 279.1 279.1 279.1 289.06 289.06 289.06 271.4627 269.39 269.39 269.04 275.85 275.85 275.85 276.9863 254.88 254.88 254.88 235.9608 236.14 236.14 236.0896 237.07 237.07 237.07 252.6476 252.5 252.5 251.7538 266.27 266.27 266.27 281.3629 281.22 281.22 280.6169 292.35 292.35 292.35 309.5984 311.63 311.63 311.7178 310.01 310.01 310.01 304.5707 303.93 303.93 303.3551 314.54 314.54 314.54 328.5409 330.19 330.19
-9999 -9999 -9999 -9999 -9999 -9999 -9999 -9999 -9999 -9999 -9999 -9999 -9999 -9999 -9999 -9999 -9999 309.48 345.0469 344.71 344.71 291.0683 284.75 284.75 284.75 272.93 272.93 272.93 290.241 292.28 292.28 290.3824 327.3 327.3 327.3 319.2573 318.31 254.2735 254.88 235.9608 236.14 236.14 236.0896 237.07 237.07 237.07 252.6476 252.5 252.5 251.7538 266.27 266.27 266.27 281.3629 281.22 281.22 291.1772 292.35 292.35 292.35 309.5984 311.63 311.63 311.7178 310.01 310.01 310.01 304.5707 303.93 303.93 303.3551 314.54 314.54 314.54 328.5409 330.19 330.19
-9999 -9999 -9999 -9999 -9999 -9999 -9999 -9999 -9999 -9999 -9999 -9999 -9999 -9999 -9999 -9999 -9999 307.571 344.71 344.71 344.71 291.0683 284.75 284.75 284.75 272.93 272.93 272.93 290.241 292.28 292.28 290.3824 327.3 327.3 327.3 319.2573 318.31 318.31 321.1153 266.54 266.54 266.54 266.9806 258.41 258.41 258.41 261.4488 261.42 261.42 260.6153 276.27 276.27 276.27 283.0845 283.02 283.02 291.5279 292.53 292.53 292.369 311.8144 311.63 311.63 311.7178 310.01 310.01 310.01 304.5707 303.93 303.93 303.3551 314.54 314.54 314.54 328.5409 330.19 330.19
-9999 -9999 -9999 -9999 -9999 -9999 -9999 -9999 -9999 -9999 -9999 -9999 -9999 -9999 -9999 -9999 -9999 307.571 344.71 344.71 344.71 284.1766 284.75 284.75 284.75 272.93 272.93 272.93 290.241 292.28 292.28 290.3824 327.3 327.3 327.3 319.2573 318.31 318.31 321.1153 266.54 266.54 266.54 266.9806 258.41 258.41 258.41 261.4488 261.42 261.42 260.6153 276.27 276.27 276.27 283.0845 283.02 283.02 291.5279 292.53 292.53 292.53 301.3839 301.3 301.3 301.3504 300.37 300.37 300.37 304.4226 304.9 304.9 304.0054 321.41 321.41 321.41 330.8214 331.93 331.93
-9999 -9999 -9999 -9999 -9999 -9999 -9999 -9999 -9999 -9999 -9999 -9999 -9999 -9999 -9999 -9999 -9999 307.571 344.71 344.71 344.71 284.1766 284.75 284.75 284.75 272.93 272.93 272.93 290.241 292.28 292.28 290.3824 327.3 327.3 327.3 319.2573 318.31 318.31 321.1153 266.54 266.54 266.54 259.2667 258.41 258.41 258.41 261.4488 261.42 261.42 260.6153 276.27 276.27 276.27 283.0845 283.02 283.02 291.5279 292.53 292.53 292.53 301.3839 301.3 301.3 300.468 300.37 300.37 300.37 304.4226 304.9 304.9 304.0054 321.41 321.41 321.41 330.8214 331.93 331.93
-9999 -9999 -9999 -9999 -9999 -9999 -9999 -9999 -9999 -9999 -9999 -9999 -9999 -9999 -9999 -9999 -9999 265.6673 310.66 310.66 310.66 320.7152 320.62 320.62 322.9398 272.8833 272.93 272.93 290.241 292.28 292.28 290.3824 327.3 327.3 327.3 319.2573 318.31 318.31 321.1153 266.54 266.54 266.54 259.2667 258.41 258.41 258.2469 261.42 261.42 261.42 260.6153 276.27 276.27 276.27 283.0845 283.02 283.02 291.5279 292.53 292.53 292.53 301.3839 301.3 301.3 300.468 300.37 300.37 300.37 304.9433 304.9 304.9 304.0054 321.41 321.41 321.41 330.8214 331.93 331.93
-9999 -9999 -9999 -9999 -9999 -9999 -9999 -9999 -9999 -9999 -9999 -9999 -9999 -9999 -9999 -9999 -9999 265.6673 310.66 310.66 310.66 320.7152 320.62 320.62 322.9398 277.81 277.81 277.81 313.2759 312.94 312.94 311.5111 339.31 339.31 339.31 349.3567 350.54 350.54 351.1713 338.89 338.89 338.89 345.7339 346.54 346.54 347.9597 323.5327 261.42 261.42 274.7052 276.27 276.27 276.27 283.0845 283.02 283.02 291.5279 292.53 292.53 292.53 301.3839 301.3 301.3 300.468 300.37 300.37 300.37 304.9433 304.9 304.9 319.6703 321.41 321.41 321.41 330.8214 331.93 331.93
-9999 -9999 -9999 -9999 -9999 -9999 -9999 -9999 -9999 -9999 -9999 -9999 -9999 -9999 -9999 -9999 -9999 265.6673 310.66 310.66 310.66 320.7152 320.62 320.62 322.9398 277.81 277.81 277.81 313.2759 312.94 312.94 336.5313 339.31 339.31 339.31 349.3567 350.54 350.54 351.1713 338.89 338.89 338.89 345.7339 346.54 346.54 347.9597 320.34 320.34 320.34 306.3123 304.66 304.66 304.8795 300.61 300.61 300.61 297.9977 297.69 297.69 297.69 292.3696 292.42 292.42 294.3345 294.56 294.56 294.56 301.0919 301.03 301.03 319.7073 321.41 321.41 321.41 332.0306 331.93 331.93
-9999 -9999 -9999 -9999 -9999 -9999 -9999 -9999 -9999 -9999 -9999 -9999 -9999 -9999 -9999 -9999 -9999 265.6673 310.66 310.66 310.66 320.7152 320.62 320.62 322.9398 277.81 277.81 277.81 313.2759 312.94 312.94 336.5313 339.31 339.31 339.31 350.6474 350.54 350.54 351.1713 338.89 338.89 338.89 345.7339 346.54 346.54 347.9597 320.34 320.34 320.34 306.3123 304.66 304.66 304.8795 300.61 300.61 300.61 297.9977 297.69 297.69 297.69 292.3696 292.42 292.42 294.3345 294.56 294.56 294.56 301.0919 301.03 301.03 311.175 312.37 312.37 312.37 322.5363 322.44 322.44
-9999 -9999 -9999 -9999 -9999 -9999 -9999 -9999 -9999 -9999 -9999 -9999 -9999 -9999 -9999 -9999 -9999 306.1626 310.66 310.66 310.66 320.7152 320.62 320.62 322.9398 277.81 277.81 277.81 313.2759 312.94 312.94 336.5313 339.31 339.31 339.31 350.6474 350.54 350.54 351.1713 338.89 338.89 338.89 345.7339 346.54 346.54 347.9597 320.34 320.34 320.34 306.3123 304.66 304.66 304.8795 300.61 300.61 300.61 297.6621 297.69 297.69 297.69 292.3696 292.42 292.42 294.3345 294.56 294.56 294.56 301.0919 301.03 301.03 311.175 312.37 312.37 312.37 322.5363 322.44 322.44
-9999 -9999 -9999 -9999 -9999 -9999 -9999 -9999 -9999 -9999 -9999 -9999 -9999 -9999 -9999 -9999 -9999 283.0927 286.49 286.49 287.0059 276.97 276.97 276.97 277.3911 269.2 269.2 276.9027 313.2759 312.94 312.94 336.5313 339.31 339.31 339.31 350.6474 350.54 350.54 340.1176 338.89 338.89 338.89 345.7339 346.54 346.54 347.9597 320.34 320.34 320.34 306.3123 304.66 304.66 304.8795 300.61 300.61 300.61 297.6621 297.69 297.69 297.9756 292.42 292.42 292.42 294.3345 294.56 294.56 294.56 301.0919 301.03 301.03 311.175 312.37 312.37 312.37 322.5363 322.44 322.44
-9999 -9999 -9999 -9999 -9999 -9999 -9999 -9999 -9999 -9999 -9999 -9999 -9999 -9999 -9999 -9999 -9999 283.0927 286.49 286.49 287.0059 276.97 276.97 276.97 270.0188 269.2 269.2 269.2 275.5905 275.53 275.53 299.8012 302.66 302.66 302.66 315.0877 314.97 314.97 320.5525 321.21 321.21 321.21 340.7551 340.57 340.57 340.1094 349.07 349.07 349.07 344.1406 343.56 343.56 343.4337 345.89 345.89 345.89 339.1663 297.2928 297.69 297.9756 292.42 292.42 292.42 294.5805 294.56 294.56 294.56 301.0919 301.03 301.03 311.175 312.37 312.37 312.37 322.5363 322.44 322.44
-9999 -9999 -9999 -9999 -9999 -9999 -9999 -9999 -9999 -9999 -9999 -9999 -9999 -9999 -9999 -9999 -9999 283.0927 286.49 286.49 287.0059 276.97 276.97 276.97 270.0188 269.2 269.2 269.2 275.5905 275.53 275.53 299.8012 302.66 302.66 302.66 315.0877 314.97 314.97 320.5525 321.21 321.21 321.21 340.7551 340.57 340.57 348.1743 349.07 349.07 349.07 344.1406 343.56 343.56 343.4337 345.89 345.89 345.89 339.1663 339.23 339.23 339.7968 328.77 328.77 328.77 334.7971 334.74 334.74 334.74 317.426 317.59 317.59 322.3673 322.93 322.93 322.93 346.9172 346.69 346.69
-9999 -9999 -9999 -9999 -9999 -9999 -9999 -9999 -9999 -9999 -9999 -9999 -9999 -9999 -9999 -9999 -9999 283.0927 286.49 286.49 287.0059 276.97 276.97 276.97 270.0188 269.2 269.2 268.857 275.53 275.53 275.53 299.8012 302.66 302.66 302.66 315.0877 314.97 314.97 320.5525 321.21 321.21 321.21 340.7551 340.57 340.57 348.1743 349.07 349.07 349.07 344.1406 343.56 343.56 343.4337 345.89 345.89 345.89 339.1663 339.23 339.23 339.7968 328.77 328.77 328.77 334.7971 334.74 334.74 335.6693 317.59 317.59 317.59 322.3673 322.93 322.93 322.93 346.9172 346.69 346.69
-9999 -9999 -9999 -9999 -9999 -9999 -9999 -9999 -9999 -9999 -9999 -9999 -9999 -9999 -9999 -9999 -9999 283.0927 286.49 286.49 287.0059 276.97 276.97 276.97 270.0188 269.2 269.2 268.857 275.53 275.53 275.53 302.9194 302.66 302.66 302.66 315.0877 314.97 314.97 320.5525 321.21 321.21 321.21 340.7551 340.57 340.57 348.1743 349.07 349.07 349.07 343.5073 343.56 343.56 343.4337 345.89 345.89 345.89 339.1663 339.23 339.23 339.7968 328.77 328.77 328.77 334.7971 334.74 334.74 335.6693 317.59 317.59 317.59 322.981 322.93 322.93 322.93 346.9172 346.69 346.69
-9999 -9999 -9999 -9999 -9999 -9999 -9999 -9999 -9999 -9999 -9999 -9999 -9999 -9999 -9999 -9999 -9999 300.1438 299.03 299.03 301.0322 262.08 262.08 262.08 260.7202 260.56 260.56 260.7258 257.5 257.5 257.5 272.3002 272.16 272.16 272.16 282.8311 282.73 311.5727 320.5525 321.21 321.21 321.21 340.7551 340.57 340.57 348.1743 349.07 349.07 349.07 343.5073 343.56 343.56 345.6445 345.89 345.89 345.89 339.1663 339.23 339.23 339.7968 328.77 328.77 328.77 334.7971 334.74 334.74 335.6693 317.59 317.59 317.59 322.981 322.93 322.93 322.93 346.9172 346.69 346.69
-9999 -9999 -9999 -9999 -9999 -9999 -9999 -9999 -9999 -9999 -9999 -9999 -9999 -9999 -9999 -9999 -9999 298.9289 299.03 299.03 301.0322 262.08 262.08 262.08 260.7202 260.56 260.56 260.7258 257.5 257.5 257.5 272.3002 272.16 272.16 271.5872 282.73 282.73 282.73 279.6257 279.26 279.26 279.26 290.8599 290.75 290.75 322.2318 325.94 325.94 325.94 335.127 335.04 335.04 343.6105 344.62 344.62 344.62 352.31 352.31 352.31 353.5856 328.77 328.77 328.77 334.7971 334.74 334.74 335.6693 317.59 317.59 317.59 322.981 322.93 322.93 321.6425 346.69 346.69 346.69
-9999 -9999 -9999 -9999 -9999 -9999 -9999 -9999 -9999 -9999 -9999 -9999 -9999 -9999 -9999 -9999 -9999 298.9289 299.03 299.03 265.9736 262.08 262.08 262.08 260.7202 260.56 260.56 260.7258 257.5 257.5 257.5 272.3002 272.16 272.16 271.5872 282.73 282.73 282.73 279.2268 279.26 279.26 279.26 290.8599 290.75 290.75 322.2318 325.94 325.94 325.94 335.127 335.04 335.04 343.6105 344.62 344.62 344.62 352.31 352.31 352.31 352.3755 351.1 351.1 351.1 332.5443 332.72 332.72 333.3372 321.33 321.33 321.33 330.2747 330.19 330.19 325.7569 412 412 412
-9999 -9999 -9999 -9999 -9999 -9999 -9999 -9999 -9999 -9999 -9999 -9999 -9999 -9999 -9999 -9999 -9999 298.9289 299.03 299.03 265.9736 262.08 262.08 262.08 260.5455 260.56 260.56 260.7258 257.5 257.5 257.5 272.3002 272.16 272.16 271.5872 282.73 282.73 282.73 279.2268 279.26 279.26 278.6374 290.75 290.75 290.75 322.2318 325.94 325.94 325.94 335.127 335.04 335.04 343.6105 344.62 344.62 344.62 352.31 352.31 352.31 351.2275 351.1 351.1 351.1 332.5443 332.72 332.72 333.3372 321.33 321.33 321.33 330.2747 330.19 330.19 325.7569 412 412 412
-9999 -9999 -9999 -9999 -9999 -9999 -9999 -9999 -9999 -9999 -9999 -9999 -9999 -9999 -9999 -9999 -9999 326.4224 326.48 326.48 322.9194 322.5 322.5 322.5 302.2583 260.1594 260.56 260.7258 257.5 257.5 257.5 272.3002 272.16 272.16 271.5872 282.73 282.73 282.73 279.2268 279.26 279.26 278.6374 290.75 290.75 290.75 322.2318 325.94 325.94 325.94 335.127 335.04 335.04 343.6105 344.62 344.62 344.62 352.31 352.31 352.31 351.2275 351.1 351.1 352.096 332.72 332.72 332.72 333.3372 321.33 321.33 321.33 330.2747 330.19 330.19 325.7569 412 412 412
-9999 -9999 -9999 -9999 -9999 -9999 -9999 -9999 -9999 -9999 -9999 -9999 -9999 -9999 -9999 -9999 -9999 326.4224 326.48 326.48 322.9194 322.5 322.5 322.5 302.2583 302.45 302.45 291.5803 290.3 290.3 290.3 278.266 278.38 278.38 278.1329 282.94 282.94 282.94 293.2981 293.2 293.2 291.5928 322.86 322.86 322.86 328.2713 328.22 325.9182 325.94 335.127 335.04 335.04 343.6105 344.62 344.62 344.62 352.31 352.31 352.31 351.2275 351.1 351.1 352.096 332.72 332.72 332.72 333.3372 321.33 321.33 321.33 330.2747 330.19 330.19 325.7569 412 412 412
-9999 -9999 -9999 -9999 -9999 -9999 -9999 -9999 -9999 -9999 -9999 -9999 -9999 -9999 -9999 -9999 -9999 326.4224 326.48 326.48 322.9194 322.5 322.5 322.5 302.2583 302.45 302.45 291.5803 290.3 290.3 290.3 278.38 278.38 278.38 278.1329 282.94 282.94 282.94 293.2981 293.2 293.2 291.5928 322.86 322.86 322.86 328.2713 328.22 328.22 329.0675 312.58 312.58 312.58 314.7271 314.98 314.98 314.98 313.62 313.62 313.62 307.8139 307.13 307.13 307.0151 309.25 309.25 309.25 315.7002 316.46 316.46 316.46 329.4822 330.19 330.19 325.7569 412 412 412
-9999 -9999 -9999 -9999 -9999 -9999 -9999 -9999 -9999 -9999 -9999 -9999 -9999 -9999 -9999 -9999 -9999 326.4224 326.48 326.48 322.9194 322.5 322.5 322.5 302.2583 302.45 302.45 291.5803 290.3 290.3 290.3 278.38 278.38 278.38 278.1329 282.94 282.94 282.94 293.2981 293.2 293.2 291.5928 322.86 322.86 322.86 328.2713 328.22 328.22 329.0675 312.58 312.58 312.58 314.7271 314.98 314.98 314.98 313.62 313.62 313.62 307.8139 307.13 307.13 307.0151 309.25 309.25 309.25 315.7002 316.46 316.46 316.1116 322.89 322.89 322.89 320.8965 359.68 359.68 359.68
-9999 -9999 -9999 -9999 -9999 -9999 -9999 -9999 -9999 -9999 -9999 -9999 -9999 -9999 -9999 -9999 -9999 326.48 326.48 326.48 322.9194 322.5 322.5 322.5 302.2583 302.45 302.45 291.5803 290.3 290.3 290.3 278.38 278.38 278.38 282.4595 282.94 282.94 282.94 293.2981 293.2 293.2 291.5928 322.86 322.86 322.86 328.2713 328.22 328.22 329.0675 312.58 312.58 312.58 315.003 314.98 314.98 314.98 313.62 313.62 313.62 307.8139 307.13 307.13 307.0151 309.25 309.25 309.25 315.7002 316.46 316.46 316.1116 322.89 322.89 322.89 320.8965 359.68 359.68 359.68
-9999 -9999 -9999 -9999 -9999 -9999 -9999 -9999 -9999 -9999 -9999 -9999 -9999 -9999 -9999 -9999 -9999 374.33 374.33 374.33 385.7885 385.68 385.68 385.68 391.8585 391.8 391.8 372.6103 370.35 370.35 370.35 355.54 355.54 355.54 402.4173 282.94 282.94 282.94 293.2 293.2 293.2 291.5928 322.86 322.86 322.86 328.2713 328.22 328.22 329.0675 312.58 312.58 312.58 315.003 314.98 314.98 315.0537 313.62 313.62 313.62 307.8139 307.13 307.13 307.0151 309.25 309.25 309.25 315.7002 316.46 316.46 316.1116 322.89 322.89 322.89 355.8033 359.68 359.68 359.68
-9999 -9999 -9999 -9999 -9999 -9999 -9999 -9999 -9999 -9999 -9999 -9999 -9999 -9999 -9999 -9999 -9999 374.33 374.33 374.33 385.7885 385.68 385.68 385.68 391.8585 391.8 391.8 372.6103 370.35 370.35 370.35 355.54 355.54 355.54 396.0307 400.8 400.8 400.8 410.68 410.68 410.68 409.6634 429.44 429.44 429.44 414.8619 415 415 415.9987 396.57 396.57 396.57 381.8405 381.98 381.98 383.7086 350.08 317.462 313.62 307.8139 307.13 307.13 307.0151 309.25 309.25 309.25 315.7002 316.46 316.46 316.1116 322.89 322.89 322.89 355.8033 359.68 359.68 359.1349
-9999 -9999 -9999 -9999 -9999 -9999 -9999 -9999 -9999 -9999 -9999 -9999 -9999 -9999 -9999 -9999 -9999 374.33 374.33 374.33 385.7885 385.68 385.68 385.3484 391.8 391.8 391.8 372.6103 370.35 370.35 370.35 355.54 355.54 355.54 396.0307 400.8 400.8 400.8 410.68 410.68 410.68 427.4632 429.44 429.44 429.44 414.8619 415 415 415.9987 396.57 396.57 396.57 381.8405 381.98 381.98 383.7086 350.08 350.08 350.08 316.8351 317.15 317.15 316.8563 322.57 322.57 322.57 329.4318 330.24 330.24 328.2307 367.32 367.32 367.32 377.9124 379.16 379.16 379.0099
-9999 -9999 -9999 -9999 -9999 -9999 -9999 -9999 -9999 -9999 -9999 -9999 -9999 -9999 -9999 -9999 -9999 374.33 374.33 374.33 385.7885 385.68 385.68 385.3484 391.8 391.8 391.8 370.1449 370.35 370.35 370.35 355.54 355.54 355.54 396.0307 400.8 400.8 400.8 410.68 410.68 410.68 427.4632 429.44 429.44 430.2225 415 415 415 415.9987 396.57 396.57 396.57 381.8405 381.98 381.98 383.7086 350.08 350.08 350.08 316.8351 317.15 317.15 321.9989 322.57 322.57 322.57 329.4318 330.24 330.24 328.2307 367.32 367.32 367.32 377.9124 379.16 379.16 379.0099
-9999 -9999 -9999 -9999 -9999 -9999 -9999 -9999 -9999 -9999 -9999 -9999 -9999 -9999 -9999 -9999 -9999 374.33 374.33 374.33 385.7885 385.68 385.68 385.3484 391.8 391.8 391.8 370.1449 370.35 370.35 370.35 355.54 355.54 355.54 396.0307 400.8 400.8 400.8 410.68 410.68 410.68 427.4632 429.44 429.44 430.2225 415 415 415 415.9987 396.57 396.57 396.57 381.8405 381.98 381.98 383.7086 350.08 350.08 350.08 316.8351 317.15 317.15 321.9989 322.57 322.57 322.57 329.4318 330.24 330.24 328.2307 367.32 367.32 367.32 377.9124 379.16 379.16 379.0099
