Model and model input files/precip_2006.asc
ncols         625
nrows         453
xllcorner     138621.56993419
yllcorner     4094031.9406744
cellsize      1000
NODATA_value  -9999
[rows 68 to 101 of 453, columns 77 to 153 of 625]
370.22 370.22 370.22 392.5588 395.19 395.19 395.5563 388.43 388.43 388.43 383.6974 383.14 383.14 383.14 367.936 368.08 368.08 355.5195 354.04 354.04 354.04 373.1914 373.01 373.01 413.5007 418.27 418.27 418.27 393.1016 393.34 393.34 394.4546 372.77 372.77 372.77 340.1207 340.43 340.43 340.4636 339.81 339.81 339.81 395.0634 394.54 394.54 394.54 405.312 405.21 405.21 408.878 409.31 409.31 409.31 408.89 408.89 408.89 430.6562 433.22 433.22 429.4951 501.96 501.96 501.96 585.2675 595.08 595.08 595.08 624.5391 624.26 624.26 625.9859 592.41 592.41 592.41 599.1741 599.11 599.11
370.22 370.22 370.22 392.5588 395.19 395.19 395.5563 388.43 388.43 388.43 383.0894 383.14 383.14 383.14 367.936 368.08 368.08 355.5195 354.04 354.04 354.04 373.1914 373.01 373.01 413.5007 418.27 418.27 418.27 393.34 393.34 393.34 394.4546 372.77 372.77 372.77 340.1207 340.43 340.43 340.4636 339.81 339.81 339.81 395.0634 394.54 394.54 393.9618 405.21 405.21 405.21 408.878 409.31 409.31 409.31 408.89 408.89 408.89 430.6562 433.22 433.22 429.4951 501.96 501.96 501.96 585.2675 595.08 595.08 595.08 624.5391 624.26 624.26 625.9859 592.41 592.41 592.41 599.1741 599.11 599.11
439.87 439.87 439.87 498.8795 505.83 505.83 506.8677 486.68 486.68 486.68 466.9027 467.09 467.09 467.09 446.9896 447.18 376.4152 355.5195 354.04 354.04 354.04 373.1914 373.01 373.01 413.5007 418.27 418.27 418.27 393.34 393.34 393.34 394.4546 372.77 372.77 372.77 340.1207 340.43 340.43 340.4636 339.81 339.81 339.81 395.0634 394.54 394.54 393.9618 405.21 405.21 405.21 408.878 409.31 409.31 409.31 408.89 408.89 408.89 430.6562 433.22 433.22 429.4951 501.96 501.96 501.96 585.2675 595.08 595.08 593.4988 624.26 624.26 624.26 625.9859 592.41 592.41 592.41 599.1741 599.11 599.11
439.87 439.87 439.87 498.8795 505.83 505.83 506.8677 486.68 486.68 486.68 466.9027 467.09 467.09 468.1689 447.18 447.18 447.18 450.1859 450.54 450.54 450.54 524.8741 524.17 524.17 481.2906 476.24 476.24 476.24 432.02 432.02 432.02 405.3512 402.21 402.21 402.21 386.1983 386.35 386.35 386.4969 383.64 383.64 383.64 394.301 394.2 394.5042 393.9618 405.21 405.21 405.21 409.3492 409.31 409.31 409.31 408.89 408.89 408.89 430.6562 433.22 433.22 429.4951 501.96 501.96 501.96 585.2675 595.08 595.08 593.4988 624.26 624.26 624.26 625.9859 592.41 592.41 592.41 599.1741 599.11 599.11
439.87 439.87 439.87 498.8795 505.83 505.83 506.8677 486.68 486.68 486.68 466.9027 467.09 467.09 468.1689 447.18 447.18 447.18 450.1859 450.54 450.54 450.54 524.8741 524.17 524.17 481.2906 476.24 476.24 476.24 432.02 432.02 432.02 405.3512 402.21 402.21 402.21 386.1983 386.35 386.35 386.4969 383.64 383.64 383.64 394.301 394.2 394.2 390.9731 453.75 453.75 453.75 472.013 471.84 471.84 471.84 537.66 537.66 537.66 586.1487 591.86 591.86 596.0557 514.43 514.43 514.43 559.868 565.22 565.22 565.5131 559.81 559.81 559.81 560.626 544.75 544.75 544.75 554.8355 554.74 599.5343
439.87 439.87 439.87 498.8795 505.83 505.83 506.8677 486.68 486.68 486.68 466.9027 467.09 467.09 468.1689 447.18 447.18 447.18 450.5721 450.54 450.54 450.54 524.8741 524.17 524.17 481.2906 476.24 476.24 476.24 432.02 432.02 432.02 405.3512 402.21 402.21 402.21 386.35 386.35 386.35 386.4969 383.64 383.64 383.64 394.301 394.2 394.2 390.9731 453.75 453.75 453.75 472.013 471.84 471.84 468.2734 537.66 537.66 537.66 586.1487 591.86 591.86 596.0557 514.43 514.43 514.43 559.868 565.22 565.22 565.5131 559.81 559.81 559.81 546.337 544.75 544.75 544.75 554.8355 554.74 554.74
439.87 439.87 439.87 498.8795 505.83 505.83 506.8677 486.68 486.68 486.68 466.9027 467.09 467.09 468.1689 447.18 447.18 447.18 450.5721 450.54 450.54 450.54 524.8741 524.17 524.17 481.2906 476.24 476.24 476.24 432.02 432.02 432.02 405.3512 402.21 402.21 402.21 386.35 386.35 386.35 386.4969 383.64 383.64 383.64 394.301 394.2 394.2 390.9731 453.75 453.75 453.75 472.013 471.84 471.84 468.2734 537.66 537.66 537.66 586.1487 591.86 591.86 596.0557 514.43 514.43 514.43 559.868 565.22 565.22 565.5131 559.81 559.81 559.81 546.337 544.75 544.75 544.75 554.8355 554.74 554.74
411.49 411.49 411.49 415.7806 415.74 415.74 415.0833 427.86 427.86 427.86 522.8397 521.94 521.94 522.7382 507.21 507.21 507.21 550.0861 549.68 549.68 545.2485 631.46 631.46 631.46 634.7253 635.11 635.11 635.11 446.5628 432.02 432.02 405.3512 402.21 402.21 402.21 386.35 386.35 386.35 383.9256 383.64 383.64 383.64 394.301 394.2 394.2 390.9731 453.75 453.75 453.75 472.013 471.84 471.84 468.2734 537.66 537.66 537.66 592.3783 591.86 591.86 596.0557 514.43 514.43 514.43 559.868 565.22 565.22 565.5131 559.81 559.81 559.81 546.337 544.75 544.75 544.2087 554.74 554.74 554.74
411.49 411.49 411.49 415.7806 415.74 415.74 426.5829 427.86 427.86 427.86 522.8397 521.94 521.94 522.7382 507.21 507.21 507.21 550.0861 549.68 549.68 545.2485 631.46 631.46 631.46 634.7253 635.11 635.11 635.11 570.03 570.03 570.03 532.4647 528.04 528.04 528.04 479.85 479.85 479.85 442.732 438.36 438.36 438.36 426.2452 426.36 426.36 427.2422 410.08 410.08 410.08 419.7819 419.69 419.69 417.7875 454.8 454.8 454.8 500.8865 500.45 582.2277 596.0557 514.43 514.43 514.43 559.868 565.22 565.22 565.5131 559.81 559.81 559.81 546.337 544.75 544.75 544.2087 554.74 554.74 554.74
411.49 411.49 411.49 415.7806 415.74 415.74 426.5829 427.86 427.86 427.86 522.8397 521.94 521.94 522.7382 507.21 507.21 507.21 550.0861 549.68 549.68 545.2485 631.46 631.46 631.46 635.1449 635.11 635.11 635.11 570.03 570.03 570.03 532.4647 528.04 528.04 528.04 479.85 479.85 479.85 442.732 438.36 438.36 439.0102 426.36 426.36 426.36 427.2422 410.08 410.08 410.08 419.7819 419.69 419.69 417.7875 454.8 454.8 454.8 500.8865 500.45 500.45 513.0463 514.53 514.53 514.53 594.2858 603.68 603.68 604.6407 585.95 585.95 585.95 563.987 561.4 561.4 562.3071 544.66 544.66 544.66
411.49 411.49 411.49 415.7806 415.74 415.74 426.5829 427.86 427.86 427.86 521.94 521.94 521.94 522.7382 507.21 507.21 507.21 550.0861 549.68 549.68 545.2485 631.46 631.46 631.46 635.1449 635.11 635.11 635.11 570.03 570.03 570.03 532.4647 528.04 528.04 528.04 479.85 479.85 479.85 442.732 438.36 438.36 439.0102 426.36 426.36 426.36 427.2422 410.08 410.08 410.08 419.7819 419.69 419.69 417.7875 454.8 454.8 454.8 500.8865 500.45 500.45 513.0463 514.53 514.53 514.53 594.2858 603.68 603.68 604.6407 585.95 585.95 585.95 563.987 561.4 561.4 562.3071 544.66 544.66 544.66
384.28 384.28 384.28 367.7232 367.88 416.1977 426.5829 427.86 427.86 427.86 521.94 521.94 521.94 522.7382 507.21 507.21 507.21 550.0861 549.68 549.68 545.2485 631.46 631.46 631.46 635.1449 635.11 635.11 638.6365 570.03 570.03 570.03 532.4647 528.04 528.04 528.04 479.85 479.85 479.85 442.732 438.36 438.36 439.0102 426.36 426.36 426.36 411.7955 410.08 410.08 410.08 419.7819 419.69 419.69 417.7875 454.8 454.8 454.8 500.8865 500.45 500.45 513.0463 514.53 514.53 514.53 604.5325 603.68 603.68 604.6407 585.95 585.95 585.95 563.987 561.4 561.4 562.3071 544.66 544.66 544.66
384.28 384.28 384.28 367.7232 367.88 367.88 383.7059 385.57 385.57 385.57 516.08 516.08 516.08 555.193 559.8 559.8 559.8 533.9047 534.15 534.15 533.0576 554.31 554.31 554.31 612.5719 612.02 612.02 611.0229 630.42 630.42 630.42 601.2999 527.3723 528.04 528.04 479.85 479.85 479.85 442.732 438.36 438.36 439.0102 426.36 426.36 426.36 411.7955 410.08 410.08 410.08 419.7819 419.69 419.69 417.7875 454.8 454.8 454.8 500.8865 500.45 500.45 513.0463 514.53 514.53 514.53 604.5325 603.68 603.68 604.6407 585.95 585.95 585.95 563.987 561.4 561.4 562.3071 544.66 544.66 544.66
384.28 384.28 384.28 367.7232 367.88 367.88 383.7059 385.57 385.57 385.57 516.08 516.08 516.08 555.193 559.8 559.8 559.8 533.9047 534.15 534.15 533.0576 554.31 554.31 554.31 612.5719 612.02 612.02 611.0229 630.42 630.42 630.42 597.5587 597.87 597.87 597.87 557.59 557.59 557.59 548.5543 547.49 547.49 549.4277 511.73 511.73 511.73 480.6865 477.03 477.03 477.625 466.05 466.05 466.05 465.8094 470.49 470.49 470.49 484.3816 484.25 484.25 564.5068 573.96 573.96 573.96 637.3403 636.74 636.74 613.1756 610.4 610.4 610.4 607.7161 607.4 607.4 561.8672 544.66 544.66 544.66
384.28 384.28 384.28 367.7232 367.88 367.88 383.7059 385.57 385.57 385.57 516.08 516.08 516.08 555.193 559.8 559.8 561.1899 534.15 534.15 534.15 533.0576 554.31 554.31 554.31 612.5719 612.02 612.02 611.0229 630.42 630.42 630.42 597.5587 597.87 597.87 600.0527 557.59 557.59 557.59 548.5543 547.49 547.49 549.4277 511.73 511.73 511.73 480.6865 477.03 477.03 477.625 466.05 466.05 466.05 465.8094 470.49 470.49 470.49 484.3816 484.25 484.25 564.5068 573.96 573.96 573.96 637.3403 636.74 636.74 613.1756 610.4 610.4 610.4 607.7161 607.4 607.4 608.6355 584.6 584.6 584.6
384.28 384.28 385.1687 367.88 367.88 367.88 383.7059 385.57 385.57 385.57 516.08 516.08 516.08 555.193 559.8 559.8 561.1899 534.15 534.15 534.15 533.0576 554.31 554.31 554.31 612.5719 612.02 612.02 611.0229 630.42 630.42 630.42 597.5587 597.87 597.87 600.0527 557.59 557.59 557.59 548.5543 547.49 547.49 549.4277 511.73 511.73 511.73 480.6865 477.03 477.03 477.625 466.05 466.05 466.05 470.0221 470.49 470.49 470.49 484.3816 484.25 484.25 564.5068 573.96 573.96 573.96 637.3403 636.74 636.74 613.1756 610.4 610.4 610.4 607.7161 607.4 607.4 608.6355 584.6 584.6 584.6
355.05 355.05 355.6737 343.54 343.54 343.54 363.5528 365.91 365.91 365.91 402.42 402.42 402.42 457.4037 463.88 463.88 460.0722 534.15 534.15 534.15 552.1857 554.31 554.31 554.31 612.5719 612.02 612.02 611.0229 630.42 630.42 630.42 597.5587 597.87 597.87 600.0527 557.59 557.59 557.59 548.5543 547.49 547.49 549.4277 511.73 511.73 511.73 480.6865 477.03 477.03 477.625 466.05 466.05 466.05 470.0221 470.49 470.49 470.49 484.3816 484.25 484.25 564.5068 573.96 573.96 573.96 637.3403 636.74 636.74 613.1756 610.4 610.4 610.4 607.3713 607.4 607.4 608.6355 584.6 584.6 584.6
355.05 355.05 355.6737 343.54 343.54 343.54 366.1239 365.91 365.91 365.91 402.42 402.42 402.42 457.4037 463.88 463.88 460.6325 523.81 523.81 523.81 527.6927 528.15 528.15 528.15 593.1457 592.53 592.53 590.0791 637.76 637.76 637.76 616.6299 616.83 616.83 616.4171 624.45 624.45 624.45 598.3629 598.61 598.61 599.1524 588.6 588.6 588.6 479.9514 477.03 477.03 477.625 466.05 466.05 466.05 470.0221 470.49 470.49 469.7444 484.25 484.25 484.25 564.5068 573.96 573.96 573.96 637.3403 636.74 636.74 613.1756 610.4 610.4 610.4 607.3713 607.4 607.4 608.6355 584.6 584.6 584.6
355.05 355.05 355.6737 343.54 343.54 343.54 366.1239 365.91 365.91 365.91 402.42 402.42 402.42 457.4037 463.88 463.88 460.6325 523.81 523.81 523.81 527.6927 528.15 528.15 524.6614 592.53 592.53 592.53 590.0791 637.76 637.76 637.76 616.6299 616.83 616.83 616.4171 624.45 624.45 624.45 598.3629 598.61 598.61 599.1524 588.6 588.6 588.6 553.1907 549.02 549.02 550.8889 514.53 514.53 514.53 553.5178 558.11 558.11 560.6725 510.82 510.82 510.82 539.9132 543.34 543.34 543.34 580.2193 579.87 579.87 630.2463 636.18 636.18 636.18 640.6625 640.62 640.62 596.2287 591 591 591
355.05 355.05 355.6737 343.54 343.54 343.54 366.1239 365.91 365.91 363.9316 402.42 402.42 402.42 457.4037 463.88 463.88 460.6325 523.81 523.81 523.81 527.6927 528.15 528.15 524.6614 592.53 592.53 592.53 590.0791 637.76 637.76 637.76 616.6299 616.83 616.83 616.4171 624.45 624.45 624.45 598.3629 598.61 598.61 589.6548 588.6 588.6 588.6 553.1907 549.02 549.02 550.8889 514.53 514.53 514.53 553.5178 558.11 558.11 560.6725 510.82 510.82 510.82 543.651 543.34 543.34 543.34 580.2193 579.87 579.87 630.2463 636.18 636.18 636.18 640.6625 640.62 640.62 596.2287 591 591 591
338.1 338.1 337.8052 343.54 343.54 343.54 366.1239 365.91 365.91 363.9316 402.42 402.42 402.42 457.4037 463.88 463.88 460.6325 523.81 523.81 523.81 527.6927 528.15 528.15 524.6614 592.53 592.53 592.53 632.9939 637.76 637.76 637.76 616.6299 616.83 616.83 616.4171 624.45 624.45 624.45 598.3629 598.61 598.61 589.6548 588.6 588.6 588.6 553.1907 549.02 549.02 550.8889 514.53 514.53 514.53 553.5178 558.11 558.11 560.6725 510.82 510.82 510.82 543.651 543.34 543.34 543.34 580.2193 579.87 579.87 630.2463 636.18 636.18 636.18 640.6625 640.62 640.62 596.2287 591 591 591
338.1 338.1 337.6584 346.25 346.25 346.25 371.5294 371.29 371.29 369.7522 399.67 399.67 399.67 491.52 490.65 490.65 487.0904 556.34 556.34 556.34 568.5875 570.03 570.03 571.7413 538.45 538.45 538.45 577.6166 582.23 638.291 637.76 616.6299 616.83 616.83 616.4171 624.45 624.45 624.45 598.3629 598.61 598.61 589.6548 588.6 588.6 588.6 548.6415 549.02 549.02 550.8889 514.53 514.53 514.53 553.5178 558.11 558.11 560.6725 510.82 510.82 510.82 543.651 543.34 543.34 543.34 580.2193 579.87 579.87 630.2463 636.18 636.18 636.18 640.6625 640.62 640.62 596.2287 591 591 591
338.1 338.1 337.6584 346.25 346.25 346.25 371.5294 371.29 371.29 369.7522 399.67 399.67 399.67 491.52 490.65 490.65 487.0904 556.34 556.34 556.34 568.5875 570.03 570.03 571.7413 538.45 538.45 538.45 577.6166 582.23 582.23 578.3788 653.3 653.3 653.3 651.3167 689.9 689.9 689.9 676.1194 676.25 676.25 601.1015 592.25 592.25 592.25 577.5609 577.7 577.7 579.291 548.34 548.34 548.34 534.6075 532.99 532.99 533.7009 519.87 519.87 519.87 543.651 543.34 543.34 541.3605 579.87 579.87 579.87 630.2463 636.18 636.18 636.18 640.6625 640.62 640.62 596.2287 591 591 591
338.1 338.1 345.3912 346.25 346.25 346.25 371.5294 371.29 371.29 369.7522 399.67 399.67 399.67 491.52 490.65 490.65 549.418 556.34 556.34 556.34 568.5875 570.03 570.03 571.7413 538.45 538.45 538.45 577.6166 582.23 582.23 578.3788 653.3 653.3 653.3 651.3167 689.9 689.9 689.9 676.1194 676.25 676.25 601.1015 592.25 592.25 592.25 577.5609 577.7 577.7 551.4338 548.34 548.34 548.34 534.6075 532.99 532.99 533.7009 519.87 519.87 519.87 549.1776 548.9 548.9 544.701 626.39 626.39 626.39 681.3379 687.81 687.81 687.81 681.1671 681.23 681.23 621.3617 614.31 614.31 614.31
338.1 338.1 345.3912 346.25 346.25 346.25 371.5294 371.29 371.29 369.7522 399.67 399.67 399.67 491.52 490.65 490.65 549.418 556.34 556.34 556.34 568.5875 570.03 570.03 571.7413 538.45 538.45 538.45 577.6166 582.23 582.23 578.3788 653.3 653.3 653.3 686.0433 689.9 689.9 689.9 676.1194 676.25 676.25 601.1015 592.25 592.25 592.25 577.5609 577.7 577.7 551.4338 548.34 548.34 548.34 534.6075 532.99 532.99 533.7009 519.87 519.87 519.87 549.1776 548.9 548.9 544.701 626.39 626.39 626.39 688.3973 687.81 687.81 687.81 681.1671 681.23 681.23 621.3617 614.31 614.31 614.31
328.12 328.12 354.9409 358.1 358.1 355.6919 402.54 402.54 402.54 398.5426 476.31 476.31 476.31 504.7797 492.1105 490.65 549.418 556.34 556.34 556.34 570.1609 570.03 570.03 571.7413 538.45 538.45 538.45 577.6166 582.23 582.23 578.3788 653.3 653.3 653.3 686.0433 689.9 689.9 689.9 676.1194 676.25 676.25 601.1015 592.25 592.25 592.25 577.5609 577.7 577.7 551.4338 548.34 548.34 548.34 532.8432 532.99 532.99 533.7009 519.87 519.87 519.87 549.1776 548.9 548.9 544.701 626.39 626.39 626.39 688.3973 687.81 687.81 687.81 681.1671 681.23 681.23 621.3617 614.31 614.31 614.31
328.12 328.12 354.9409 358.1 358.1 355.6919 402.54 402.54 402.54 398.5426 476.31 476.31 476.31 504.7797 504.51 504.51 525.7842 528.29 528.29 528.29 555.4371 555.18 555.18 554.8657 560.98 560.98 560.98 515.1484 509.75 509.75 507.8404 544.99 544.99 544.99 611.6754 619.53 619.53 617.5148 656.72 656.72 656.72 604.1966 592.1949 592.25 592.25 577.5609 577.7 577.7 551.4338 548.34 548.34 548.34 532.8432 532.99 532.99 533.7009 519.87 519.87 519.87 549.1776 548.9 548.9 544.701 626.39 626.39 626.39 688.3973 687.81 687.81 687.81 681.1671 681.23 681.23 621.3617 614.31 614.31 614.31
328.12 328.12 354.9409 358.1 358.1 355.6919 402.54 402.54 402.54 468.5365 476.31 476.31 476.31 504.7797 504.51 504.51 525.7842 528.29 528.29 528.29 555.4371 555.18 555.18 560.3688 560.98 560.98 560.98 515.1484 509.75 509.75 507.8404 544.99 544.99 544.99 611.6754 619.53 619.53 617.5148 656.72 656.72 656.72 604.1966 598.01 598.01 598.01 610.9828 610.86 610.86 604.5261 603.78 603.78 603.78 579.2275 579.46 579.46 579.6551 575.86 575.86 575.86 600.2813 600.05 600.05 595.7366 679.65 679.65 679.65 773.0345 772.15 772.15 769.7647 816.17 816.17 816.17 711.2037 613.5017 614.31 614.31
328.12 328.12 354.9409 358.1 358.1 355.6919 402.54 402.54 402.54 468.5365 476.31 476.31 476.31 504.7797 504.51 504.51 525.7842 528.29 528.29 528.29 555.4371 555.18 555.18 560.3688 560.98 560.98 560.98 515.1484 509.75 509.75 507.8404 544.99 544.99 544.99 611.6754 619.53 619.53 617.5148 656.72 656.72 656.72 597.4486 598.01 598.01 598.01 610.9828 610.86 610.86 604.5261 603.78 603.78 603.78 579.2275 579.46 579.46 576.2393 575.86 575.86 575.86 600.2813 600.05 600.05 595.7366 679.65 679.65 679.65 773.0345 772.15 772.15 769.7647 816.17 816.17 816.17 711.2037 698.84 698.84 698.84
328.12 328.12 354.9409 358.1 358.1 355.6919 402.54 402.54 402.54 468.5365 476.31 476.31 476.31 504.7797 504.51 504.51 525.7842 528.29 528.29 528.29 555.4371 555.18 555.18 560.3688 560.98 560.98 560.98 509.2601 509.75 509.75 507.8404 544.99 544.99 544.99 611.6754 619.53 619.53 617.5148 656.72 656.72 656.72 597.4486 598.01 598.01 598.01 610.9828 610.86 610.86 604.5261 603.78 603.78 603.78 579.2275 579.46 579.46 576.2393 575.86 575.86 575.86 600.2813 600.05 600.05 595.7366 679.65 679.65 679.65 773.0345 772.15 772.15 769.7647 816.17 816.17 816.17 697.7181 698.84 698.84 698.84
388.87 388.87 361.0024 357.72 357.72 356.5864 378.64 378.64 378.64 392.2204 393.82 393.82 393.6975 396.08 396.08 396.08 439.1294 519.429 528.29 528.29 555.4371 555.18 555.18 560.3688 560.98 560.98 560.98 509.2601 509.75 509.75 507.8404 544.99 544.99 544.99 611.6754 619.53 619.53 617.5148 656.72 656.72 656.72 597.4486 598.01 598.01 598.01 610.9828 610.86 610.86 604.5261 603.78 603.78 603.78 579.2275 579.46 579.46 576.2393 575.86 575.86 575.86 600.05 600.05 600.05 595.7366 679.65 679.65 679.65 773.0345 772.15 772.15 769.7647 816.17 816.17 816.17 697.7181 698.84 698.84 698.84
388.87 388.87 361.0024 357.72 357.72 356.5864 378.64 378.64 378.64 392.2204 393.82 393.82 393.6975 396.08 396.08 396.08 444.6602 444.2 444.2 444.2 517.9789 517.28 517.28 563.6216 569.08 569.08 569.08 507.2039 507.79 507.79 513.4351 514.1 514.1 514.1 559.7885 565.17 565.17 564.7511 572.9 572.9 572.9 573.7379 573.73 573.73 572.9275 588.54 588.54 588.54 580.5868 579.65 579.65 579.65 662.3635 661.58 661.58 700.3262 574.6262 575.86 575.86 600.05 600.05 600.05 595.7366 679.65 679.65 679.65 773.0345 772.15 772.15 769.7647 816.17 816.17 816.17 697.7181 698.84 698.84 698.84
388.87 388.87 357.4221 357.72 357.72 356.5864 378.64 378.64 378.64 392.2204 393.82 393.82 393.6975 396.08 396.08 396.08 444.6602 444.2 444.2 444.2 517.9789 517.28 517.28 563.6216 569.08 569.08 569.08 507.2039 507.79 507.79 513.4351 514.1 514.1 514.1 559.7885 565.17 565.17 564.7511 572.9 572.9 572.9 573.7379 573.73 573.73 572.9275 588.54 588.54 588.54 580.5868 579.65 579.65 579.65 662.3635 661.58 661.58 700.3262 704.89 704.89 704.89 699.37 699.37 699.37 696.6005 750.48 750.48 750.48 921.3787 919.76 919.76 923.0465 859.11 859.11 859.11 683.7894 685.45 685.45 681.6883
388.87 388.87 357.4221 357.72 357.72 356.5864 378.64 378.64 378.64 392.2204 393.82 393.82 393.6975 396.08 396.08 396.08 444.6602 444.2 444.2 444.2 517.9789 517.28 517.28 563.6216 569.08 569.08 569.08 507.2039 507.79 507.79 513.4351 514.1 514.1 514.1 559.7885 565.17 565.17 564.7511 572.9 572.9 572.9 573.7379 573.73 573.73 572.9275 588.54 588.54 588.54 579.565 579.65 579.65 579.65 662.3635 661.58 661.58 700.3262 704.89 704.89 704.89 699.37 699.37 699.37 745.0942 750.48 750.48 750.48 921.3787 919.76 919.76 923.0465 859.11 859.11 859.11 683.7894 685.45 685.45 681.6883
