Model and model input files/precip_2010.asc
ncols         625
nrows         453
xllcorner     138621.56993419
yllcorner     4094031.9406744
cellsize      1000
NODATA_value  -9999
[rows 34 to 67 of 453, columns 0 to 76 of 625]
-9999 -9999 -9999 -9999 -9999 -9999 -9999 -9999 -9999 -9999 -9999 -9999 -9999 -9999 -9999 -9999 -9999 388.71 385.8126 385.84 385.84 387.7745 350.14 350.14 350.14 375.3488 375.11 375.11 377.2314 335.96 335.96 335.96 272.8825 273.48 273.48 274.301 258.33 258.33 258.33 252.313 252.37 252.37 252.37 261.5368 261.45 261.45 275.8714 277.57 277.57 277.57 307.19 307.19 307.19 329.663 332.31 332.31 330.4801 366.08 366.08 366.08 362.4299 362 362 362 338.77 338.99 338.99 339.2441 334.3 334.3 334.3 343.0024 342.92 342.92 342.6789 347.37 347.37
-9999 -9999 -9999 -9999 -9999 -9999 -9999 -9999 -9999 -9999 -9999 -9999 -9999 -9999 -9999 -9999 -9999 351.16 358.8932 358.82 358.82 359.5066 346.15 346.15 346.15 364.1808 364.01 373.9403 377.2314 335.96 335.96 335.96 272.8825 273.48 273.48 274.301 258.33 258.33 258.33 252.313 252.37 252.37 251.878 261.45 261.45 261.45 275.8714 277.57 277.57 277.57 307.19 307.19 307.19 329.663 332.31 332.31 330.4801 366.08 366.08 366.08 362.4299 362 362 363.2469 338.99 338.99 338.99 339.2441 334.3 334.3 334.3 343.0024 342.92 342.92 342.6789 347.37 347.37
-9999 -9999 -9999 -9999 -9999 -9999 -9999 -9999 -9999 -9999 -9999 -9999 -9999 -9999 -9999 -9999 -9999 351.16 358.8932 358.82 358.82 347.4851 346.15 346.15 346.15 364.1808 364.01 364.01 365.7137 332.57 332.57 332.57 343.9579 343.85 343.85 345.7986 307.89 307.89 307.89 272.7976 273.13 273.13 273.3755 268.6 268.6 268.6 287.8322 287.65 287.65 278.6322 307.19 307.19 307.19 329.663 332.31 332.31 330.4801 366.08 366.08 366.08 362.4299 362 362 363.2469 338.99 338.99 338.99 334.7942 334.3 334.3 334.3 343.0024 342.92 342.92 342.6789 347.37 347.37
-9999 -9999 -9999 -9999 -9999 -9999 -9999 -9999 -9999 -9999 -9999 -9999 -9999 -9999 -9999 -9999 -9999 351.16 358.8932 358.82 358.82 347.4851 346.15 346.15 346.15 364.01 364.01 364.01 365.7137 332.57 332.57 332.57 343.9579 343.85 343.85 345.7986 307.89 307.89 307.89 272.7976 273.13 273.13 273.3755 268.6 268.6 268.6 287.8322 287.65 287.65 287.65 301.13 301.13 301.13 313.8426 315.34 315.34 314.6881 327.37 327.37 327.37 346.6223 348.89 348.89 348.929 348.17 348.17 348.17 337.9444 336.74 336.74 336.5574 340.11 339.9577 342.92 342.6789 347.37 347.37
-9999 -9999 -9999 -9999 -9999 -9999 -9999 -9999 -9999 -9999 -9999 -9999 -9999 -9999 -9999 -9999 -9999 351.16 358.8932 358.82 358.82 347.4851 346.15 346.15 346.15 364.01 364.01 364.01 335.883 332.57 332.57 332.57 343.9579 343.85 343.85 345.7986 307.89 307.89 307.89 272.7976 273.13 273.13 273.3755 268.6 268.6 268.6 287.8322 287.65 287.65 286.9196 301.13 301.13 301.13 313.8426 315.34 315.34 314.6881 327.37 327.37 327.37 346.6223 348.89 348.89 348.929 348.17 348.17 348.17 337.9444 336.74 336.74 336.5574 340.11 340.11 340.11 347.1507 347.98 347.98
-9999 -9999 -9999 -9999 -9999 -9999 -9999 -9999 -9999 -9999 -9999 -9999 -9999 -9999 -9999 -9999 -9999 351.16 358.8932 358.82 358.82 347.4851 346.15 346.15 346.15 364.01 364.01 364.01 335.883 332.57 332.57 331.9588 343.85 343.85 343.85 345.7986 307.89 307.89 307.89 272.7976 273.13 273.13 273.3755 268.6 268.6 268.6 287.8322 287.65 287.65 286.9196 301.13 301.13 301.13 315.4759 315.34 315.34 314.6881 327.37 327.37 327.37 346.6223 348.89 348.89 348.929 348.17 348.17 348.17 337.9444 336.74 336.74 336.5574 340.11 340.11 340.11 347.1507 347.98 347.98
-9999 -9999 -9999 -9999 -9999 -9999 -9999 -9999 -9999 -9999 -9999 -9999 -9999 -9999 -9999 -9999 -9999 371.53 430.4784 429.92 429.92 363.7804 355.99 355.99 355.99 332.1 332.1 332.1 356.0938 358.92 358.92 356.2914 407.43 407.43 407.43 395.5225 394.12 307.0654 307.89 272.7976 273.13 273.13 273.3755 268.6 268.6 268.6 287.8322 287.65 287.65 286.9196 301.13 301.13 301.13 315.4759 315.34 315.34 326.1023 327.37 327.37 327.37 346.6223 348.89 348.89 348.929 348.17 348.17 348.17 337.9444 336.74 336.74 336.5574 340.11 340.11 340.11 347.1507 347.98 347.98
-9999 -9999 -9999 -9999 -9999 -9999 -9999 -9999 -9999 -9999 -9999 -9999 -9999 -9999 -9999 -9999 -9999 368.366 429.92 429.92 429.92 363.7804 355.99 355.99 355.99 332.1 332.1 332.1 356.0938 358.92 358.92 356.2914 407.43 407.43 407.43 395.5225 394.12 394.12 398.2464 317.97 317.97 317.97 319.1556 296.09 296.09 296.09 301.4407 301.39 301.39 300.7273 313.62 313.62 313.62 311.5807 311.6 311.6 323.3464 324.73 324.73 327.0918 349.0958 348.89 348.89 348.929 348.17 348.17 348.17 337.9444 336.74 336.74 336.5574 340.11 340.11 340.11 347.1507 347.98 347.98
-9999 -9999 -9999 -9999 -9999 -9999 -9999 -9999 -9999 -9999 -9999 -9999 -9999 -9999 -9999 -9999 -9999 368.366 429.92 429.92 429.92 355.283 355.99 355.99 355.99 332.1 332.1 332.1 356.0938 358.92 358.92 356.2914 407.43 407.43 407.43 395.5225 394.12 394.12 398.2464 317.97 317.97 317.97 319.1556 296.09 296.09 296.09 301.4407 301.39 301.39 300.7273 313.62 313.62 313.62 311.5807 311.6 311.6 323.3464 324.73 324.73 324.73 333.1801 333.1 333.1 333.1975 331.3 331.3 331.3 334.0375 334.36 334.36 333.8067 344.57 344.57 344.57 347.3702 347.7 347.7
-9999 -9999 -9999 -9999 -9999 -9999 -9999 -9999 -9999 -9999 -9999 -9999 -9999 -9999 -9999 -9999 -9999 368.366 429.92 429.92 429.92 355.283 355.99 355.99 355.99 332.1 332.1 332.1 356.0938 358.92 358.92 356.2914 407.43 407.43 407.43 395.5225 394.12 394.12 398.2464 317.97 317.97 317.97 298.3956 296.09 296.09 296.09 301.4407 301.39 301.39 300.7273 313.62 313.62 313.62 311.5807 311.6 311.6 323.3464 324.73 324.73 324.73 333.1801 333.1 333.1 331.4897 331.3 331.3 331.3 334.0375 334.36 334.36 333.8067 344.57 344.57 344.57 347.3702 347.7 347.7
-9999 -9999 -9999 -9999 -9999 -9999 -9999 -9999 -9999 -9999 -9999 -9999 -9999 -9999 -9999 -9999 -9999 315.7139 370.11 370.11 370.11 395.662 395.42 395.42 398.7953 332.0901 332.1 332.1 356.0938 358.92 358.92 356.2914 407.43 407.43 407.43 395.5225 394.12 394.12 398.2464 317.97 317.97 317.97 298.3956 296.09 296.09 295.8028 301.39 301.39 301.39 300.7273 313.62 313.62 313.62 311.5807 311.6 311.6 323.3464 324.73 324.73 324.73 333.1801 333.1 333.1 331.4897 331.3 331.3 331.3 334.3893 334.36 334.36 333.8067 344.57 344.57 344.57 347.3702 347.7 347.7
-9999 -9999 -9999 -9999 -9999 -9999 -9999 -9999 -9999 -9999 -9999 -9999 -9999 -9999 -9999 -9999 -9999 315.7139 370.11 370.11 370.11 395.662 395.42 395.42 398.7953 333.13 333.13 333.13 392.9062 392.34 392.34 390.0923 433.82 433.82 433.82 426.6541 425.81 425.81 427.072 402.52 402.52 402.52 404.9713 405.26 405.26 407.1853 373.4332 301.39 301.39 312.3313 313.62 313.62 313.62 311.5807 311.6 311.6 323.3464 324.73 324.73 324.73 333.1801 333.1 333.1 331.4897 331.3 331.3 331.3 334.3893 334.36 334.36 343.4941 344.57 344.57 344.57 347.3702 347.7 347.7
-9999 -9999 -9999 -9999 -9999 -9999 -9999 -9999 -9999 -9999 -9999 -9999 -9999 -9999 -9999 -9999 -9999 315.7139 370.11 370.11 370.11 395.662 395.42 395.42 398.7953 333.13 333.13 333.13 392.9062 392.34 392.34 429.4491 433.82 433.82 433.82 426.6541 425.81 425.81 427.072 402.52 402.52 402.52 404.9713 405.26 405.26 407.1853 369.73 369.73 369.73 341.1199 337.75 337.75 338.1282 330.77 330.77 330.77 329.0881 328.89 328.89 328.89 322.3582 322.42 322.42 324.746 325.02 325.02 325.02 326.494 326.48 326.48 343.5695 344.57 344.57 344.57 347.7299 347.7 347.7
-9999 -9999 -9999 -9999 -9999 -9999 -9999 -9999 -9999 -9999 -9999 -9999 -9999 -9999 -9999 -9999 -9999 315.7139 370.11 370.11 370.11 395.662 395.42 395.42 398.7953 333.13 333.13 333.13 392.9062 392.34 392.34 429.4491 433.82 433.82 433.82 425.7334 425.81 425.81 427.072 402.52 402.52 402.52 404.9713 405.26 405.26 407.1853 369.73 369.73 369.73 341.1199 337.75 337.75 338.1282 330.77 330.77 330.77 329.0881 328.89 328.89 328.89 322.3582 322.42 322.42 324.746 325.02 325.02 325.02 326.494 326.48 326.48 329.9333 330.34 330.34 330.34 338.5477 338.47 338.47
-9999 -9999 -9999 -9999 -9999 -9999 -9999 -9999 -9999 -9999 -9999 -9999 -9999 -9999 -9999 -9999 -9999 364.6726 370.11 370.11 370.11 395.662 395.42 395.42 398.7953 333.13 333.13 333.13 392.9062 392.34 392.34 429.4491 433.82 433.82 433.82 425.7334 425.81 425.81 427.072 402.52 402.52 402.52 404.9713 405.26 405.26 407.1853 369.73 369.73 369.73 341.1199 337.75 337.75 338.1282 330.77 330.77 330.77 328.872 328.89 328.89 328.89 322.3582 322.42 322.42 324.746 325.02 325.02 325.02 326.494 326.48 326.48 329.9333 330.34 330.34 330.34 338.5477 338.47 338.47
-9999 -9999 -9999 -9999 -9999 -9999 -9999 -9999 -9999 -9999 -9999 -9999 -9999 -9999 -9999 -9999 -9999 327.5283 331.15 331.15 332.3232 309.5 309.5 309.5 310.0213 299.88 299.88 329.6263 392.9062 392.34 392.34 429.4491 433.82 433.82 433.82 425.7334 425.81 425.81 404.9742 402.52 402.52 402.52 404.9713 405.26 405.26 407.1853 369.73 369.73 369.73 341.1199 337.75 337.75 338.1282 330.77 330.77 330.77 328.872 328.89 328.89 329.2406 322.42 322.42 322.42 324.746 325.02 325.02 325.02 326.494 326.48 326.48 329.9333 330.34 330.34 330.34 338.5477 338.47 338.47
-9999 -9999 -9999 -9999 -9999 -9999 -9999 -9999 -9999 -9999 -9999 -9999 -9999 -9999 -9999 -9999 -9999 327.5283 331.15 331.15 332.3232 309.5 309.5 309.5 300.8937 299.88 299.88 299.88 318.1228 317.95 317.95 349.5392 353.26 353.26 353.26 379.1654 378.92 378.92 390.568 391.94 391.94 391.94 407.1844 407.04 407.04 407.9579 390.1 390.1 390.1 378.1657 376.76 376.76 376.6749 378.33 378.33 378.33 366.3667 328.5305 328.89 329.2406 322.42 322.42 322.42 325.0449 325.02 325.02 325.02 326.494 326.48 326.48 329.9333 330.34 330.34 330.34 338.5477 338.47 338.47
-9999 -9999 -9999 -9999 -9999 -9999 -9999 -9999 -9999 -9999 -9999 -9999 -9999 -9999 -9999 -9999 -9999 327.5283 331.15 331.15 332.3232 309.5 309.5 309.5 300.8937 299.88 299.88 299.88 318.1228 317.95 317.95 349.5392 353.26 353.26 353.26 379.1654 378.92 378.92 390.568 391.94 391.94 391.94 407.1844 407.04 407.04 391.8851 390.1 390.1 390.1 378.1657 376.76 376.76 376.6749 378.33 378.33 378.33 366.3667 366.48 366.48 366.8669 359.34 359.34 359.34 369.1631 369.07 369.07 369.07 346.3851 346.6 346.6 339.2372 338.37 338.37 338.37 360.1261 359.92 359.92
-9999 -9999 -9999 -9999 -9999 -9999 -9999 -9999 -9999 -9999 -9999 -9999 -9999 -9999 -9999 -9999 -9999 327.5283 331.15 331.15 332.3232 309.5 309.5 309.5 300.8937 299.88 299.88 298.9008 317.95 317.95 317.95 349.5392 353.26 353.26 353.26 379.1654 378.92 378.92 390.568 391.94 391.94 391.94 407.1844 407.04 407.04 391.8851 390.1 390.1 390.1 378.1657 376.76 376.76 376.6749 378.33 378.33 378.33 366.3667 366.48 366.48 366.8669 359.34 359.34 359.34 369.1631 369.07 369.07 370.2876 346.6 346.6 346.6 339.2372 338.37 338.37 338.37 360.1261 359.92 359.92
-9999 -9999 -9999 -9999 -9999 -9999 -9999 -9999 -9999 -9999 -9999 -9999 -9999 -9999 -9999 -9999 -9999 327.5283 331.15 331.15 332.3232 309.5 309.5 309.5 300.8937 299.88 299.88 298.9008 317.95 317.95 317.95 353.5977 353.26 353.26 353.26 379.1654 378.92 378.92 390.568 391.94 391.94 391.94 407.1844 407.04 407.04 391.8851 390.1 390.1 390.1 376.6324 376.76 376.76 376.6749 378.33 378.33 378.33 366.3667 366.48 366.48 366.8669 359.34 359.34 359.34 369.1631 369.07 369.07 370.2876 346.6 346.6 346.6 338.2913 338.37 338.37 338.37 360.1261 359.92 359.92
-9999 -9999 -9999 -9999 -9999 -9999 -9999 -9999 -9999 -9999 -9999 -9999 -9999 -9999 -9999 -9999 -9999 342.7894 340.33 340.33 343.3797 284.05 284.05 284.05 279.5411 279.01 279.01 279.3259 273.18 273.18 273.18 293.876 293.68 293.68 293.68 308.5004 308.36 371.4847 390.568 391.94 391.94 391.94 407.1844 407.04 407.04 391.8851 390.1 390.1 390.1 376.6324 376.76 376.76 378.1646 378.33 378.33 378.33 366.3667 366.48 366.48 366.8669 359.34 359.34 359.34 369.1631 369.07 369.07 370.2876 346.6 346.6 346.6 338.2913 338.37 338.37 338.37 360.1261 359.92 359.92
-9999 -9999 -9999 -9999 -9999 -9999 -9999 -9999 -9999 -9999 -9999 -9999 -9999 -9999 -9999 -9999 -9999 340.1068 340.33 340.33 343.3797 284.05 284.05 284.05 279.5411 279.01 279.01 279.3259 273.18 273.18 273.18 293.876 293.68 293.68 292.8845 308.36 308.36 308.36 302.366 301.66 301.66 301.66 319.5091 319.34 319.34 353.2284 357.22 357.22 357.22 363.4793 363.42 363.42 368.2331 368.8 368.8 368.8 376.34 376.34 376.34 377.2612 359.34 359.34 359.34 369.1631 369.07 369.07 370.2876 346.6 346.6 346.6 338.2913 338.37 338.37 337.2022 359.92 359.92 359.92
-9999 -9999 -9999 -9999 -9999 -9999 -9999 -9999 -9999 -9999 -9999 -9999 -9999 -9999 -9999 -9999 -9999 340.1068 340.33 340.33 289.9805 284.05 284.05 284.05 279.5411 279.01 279.01 279.3259 273.18 273.18 273.18 293.876 293.68 293.68 292.8845 308.36 308.36 308.36 301.5959 301.66 301.66 301.66 319.5091 319.34 319.34 353.2284 357.22 357.22 357.22 363.4793 363.42 363.42 368.2331 368.8 368.8 368.8 376.34 376.34 376.34 376.2435 378.12 378.12 378.12 359.7863 359.96 359.96 361.0882 339.14 339.14 339.14 342.0172 341.99 341.99 338.0966 413.84 413.84 413.84
-9999 -9999 -9999 -9999 -9999 -9999 -9999 -9999 -9999 -9999 -9999 -9999 -9999 -9999 -9999 -9999 -9999 340.1068 340.33 340.33 289.9805 284.05 284.05 284.05 278.9618 279.01 279.01 279.3259 273.18 273.18 273.18 293.876 293.68 293.68 292.8845 308.36 308.36 308.36 301.5959 301.66 301.66 300.702 319.34 319.34 319.34 353.2284 357.22 357.22 357.22 363.4793 363.42 363.42 368.2331 368.8 368.8 368.8 376.34 376.34 376.34 377.9324 378.12 378.12 378.12 359.7863 359.96 359.96 361.0882 339.14 339.14 339.14 342.0172 341.99 341.99 338.0966 413.84 413.84 413.84
-9999 -9999 -9999 -9999 -9999 -9999 -9999 -9999 -9999 -9999 -9999 -9999 -9999 -9999 -9999 -9999 -9999 366.4247 366.63 366.63 355.5098 354.2 354.2 354.2 325.6193 278.5617 279.01 279.3259 273.18 273.18 273.18 293.876 293.68 293.68 292.8845 308.36 308.36 308.36 301.5959 301.66 301.66 300.702 319.34 319.34 319.34 353.2284 357.22 357.22 357.22 363.4793 363.42 363.42 368.2331 368.8 368.8 368.8 376.34 376.34 376.34 377.9324 378.12 378.12 379.104 359.96 359.96 359.96 361.0882 339.14 339.14 339.14 342.0172 341.99 341.99 338.0966 413.84 413.84 413.84
-9999 -9999 -9999 -9999 -9999 -9999 -9999 -9999 -9999 -9999 -9999 -9999 -9999 -9999 -9999 -9999 -9999 366.4247 366.63 366.63 355.5098 354.2 354.2 354.2 325.6193 325.89 325.89 311.2361 309.51 309.51 309.51 290.611 290.79 290.79 290.4876 296.37 296.37 296.37 311.8062 311.66 311.66 309.589 349.88 349.88 349.88 347.3561 347.38 357.3141 357.22 363.4793 363.42 363.42 368.2331 368.8 368.8 368.8 376.34 376.34 376.34 377.9324 378.12 378.12 379.104 359.96 359.96 359.96 361.0882 339.14 339.14 339.14 342.0172 341.99 341.99 338.0966 413.84 413.84 413.84
-9999 -9999 -9999 -9999 -9999 -9999 -9999 -9999 -9999 -9999 -9999 -9999 -9999 -9999 -9999 -9999 -9999 366.4247 366.63 366.63 355.5098 354.2 354.2 354.2 325.6193 325.89 325.89 311.2361 309.51 309.51 309.51 290.79 290.79 290.79 290.4876 296.37 296.37 296.37 311.8062 311.66 311.66 309.589 349.88 349.88 349.88 347.3561 347.38 347.38 348.0899 334.28 334.28 334.28 336.5255 336.79 336.79 336.79 337.14 337.14 337.14 328.3279 327.29 327.29 327.5528 322.44 322.44 322.44 322.4489 322.45 322.45 322.45 340.6125 341.99 341.99 338.0966 413.84 413.84 413.84
-9999 -9999 -9999 -9999 -9999 -9999 -9999 -9999 -9999 -9999 -9999 -9999 -9999 -9999 -9999 -9999 -9999 366.4247 366.63 366.63 355.5098 354.2 354.2 354.2 325.6193 325.89 325.89 311.2361 309.51 309.51 309.51 290.79 290.79 290.79 290.4876 296.37 296.37 296.37 311.8062 311.66 311.66 309.589 349.88 349.88 349.88 347.3561 347.38 347.38 348.0899 334.28 334.28 334.28 336.5255 336.79 336.79 336.79 337.14 337.14 337.14 328.3279 327.29 327.29 327.5528 322.44 322.44 322.44 322.4489 322.45 322.45 322.1287 328.38 328.38 328.38 326.115 370.18 370.18 370.18
-9999 -9999 -9999 -9999 -9999 -9999 -9999 -9999 -9999 -9999 -9999 -9999 -9999 -9999 -9999 -9999 -9999 366.63 366.63 366.63 355.5098 354.2 354.2 354.2 325.6193 325.89 325.89 311.2361 309.51 309.51 309.51 290.79 290.79 290.79 295.782 296.37 296.37 296.37 311.8062 311.66 311.66 309.589 349.88 349.88 349.88 347.3561 347.38 347.38 348.0899 334.28 334.28 334.28 336.814 336.79 336.79 336.79 337.14 337.14 337.14 328.3279 327.29 327.29 327.5528 322.44 322.44 322.44 322.4489 322.45 322.45 322.1287 328.38 328.38 328.38 326.115 370.18 370.18 370.18
-9999 -9999 -9999 -9999 -9999 -9999 -9999 -9999 -9999 -9999 -9999 -9999 -9999 -9999 -9999 -9999 -9999 420.28 420.28 420.28 434.848 434.71 434.71 434.71 452.4985 452.33 452.33 428.6224 425.83 425.83 425.83 389.1 389.1 389.1 453.4351 296.37 296.37 296.37 311.66 311.66 311.66 309.589 349.88 349.88 349.88 347.3561 347.38 347.38 348.0899 334.28 334.28 334.28 336.814 336.79 336.79 336.7711 337.14 337.14 337.14 328.3279 327.29 327.29 327.5528 322.44 322.44 322.44 322.4489 322.45 322.45 322.1287 328.38 328.38 328.38 365.7753 370.18 370.18 370.18
-9999 -9999 -9999 -9999 -9999 -9999 -9999 -9999 -9999 -9999 -9999 -9999 -9999 -9999 -9999 -9999 -9999 420.28 420.28 420.28 434.848 434.71 434.71 434.71 452.4985 452.33 452.33 428.6224 425.83 425.83 425.83 389.1 389.1 389.1 445.023 451.61 451.61 451.61 467.77 467.77 467.77 467.751 468.12 468.12 468.12 431.3416 431.69 431.69 432.8745 409.83 409.83 409.83 386.5596 386.78 386.78 388.2274 360.07 339.5563 337.14 328.3279 327.29 327.29 327.5528 322.44 322.44 322.44 322.4489 322.45 322.45 322.1287 328.38 328.38 328.38 365.7753 370.18 370.18 369.6907
-9999 -9999 -9999 -9999 -9999 -9999 -9999 -9999 -9999 -9999 -9999 -9999 -9999 -9999 -9999 -9999 -9999 420.28 420.28 420.28 434.848 434.71 434.71 433.7552 452.33 452.33 452.33 428.6224 425.83 425.83 425.83 389.1 389.1 389.1 445.023 451.61 451.61 451.61 467.77 467.77 467.77 468.0831 468.12 468.12 468.12 431.3416 431.69 431.69 432.8745 409.83 409.83 409.83 386.5596 386.78 386.78 388.2274 360.07 360.07 360.07 332.5796 332.84 332.84 333.1787 326.59 326.59 326.59 330.7053 331.19 331.19 328.8843 373.74 373.74 373.74 384.6902 385.98 385.98 385.7476
-9999 -9999 -9999 -9999 -9999 -9999 -9999 -9999 -9999 -9999 -9999 -9999 -9999 -9999 -9999 -9999 -9999 420.28 420.28 420.28 434.848 434.71 434.71 433.7552 452.33 452.33 452.33 425.5766 425.83 425.83 425.83 389.1 389.1 389.1 445.023 451.61 451.61 451.61 467.77 467.77 467.77 468.0831 468.12 468.12 470.0941 431.69 431.69 431.69 432.8745 409.83 409.83 409.83 386.5596 386.78 386.78 388.2274 360.07 360.07 360.07 332.5796 332.84 332.84 327.2486 326.59 326.59 326.59 330.7053 331.19 331.19 328.8843 373.74 373.74 373.74 384.6902 385.98 385.98 385.7476
-9999 -9999 -9999 -9999 -9999 -9999 -9999 -9999 -9999 -9999 -9999 -9999 -9999 -9999 -9999 -9999 -9999 420.28 420.28 420.28 434.848 434.71 434.71 433.7552 452.33 452.33 452.33 425.5766 425.83 425.83 425.83 389.1 389.1 389.1 445.023 451.61 451.61 451.61 467.77 467.77 467.77 468.0831 468.12 468.12 470.0941 431.69 431.69 431.69 432.8745 409.83 409.83 409.83 386.5596 386.78 386.78 388.2274 360.07 360.07 360.07 332.5796 332.84 332.84 327.2486 326.59 326.59 326.59 330.7053 331.19 331.19 328.8843 373.74 373.74 373.74 384.6902 385.98 385.98 385.7476
