Model and model input files/precip_1991.asc
ncols         625
nrows         453
xllcorner     138621.56993419
yllcorner     4094031.9406744
cellsize      1000
NODATA_value  -9999
[rows 68 to 101 of 453, columns 77 to 153 of 625]
327.81 327.81 327.81 351.8844 354.72 354.72 354.6978 355.13 355.13 355.13 351.2652 350.81 350.81 350.81 339.1798 339.29 339.29 327.1857 325.76 325.76 325.76 347.7685 347.56 347.56 392.0855 397.33 397.33 397.33 366.3162 366.61 366.61 368.1988 337.29 337.29 337.29 300.5217 300.87 300.87 301.0201 298.1 298.1 298.1 354.8374 354.3 354.3 354.3 356.7633 356.74 356.74 350.4955 349.76 349.76 349.76 337.93 337.93 337.93 358.8553 361.32 361.32 356.3228 453.54 453.54 453.54 551.7251 563.29 563.29 563.29 602.9961 602.62 602.62 603.933 578.39 578.39 578.39 588.314 588.22 588.22
327.81 327.81 327.81 351.8844 354.72 354.72 354.6978 355.13 355.13 355.13 350.7687 350.81 350.81 350.81 339.1798 339.29 339.29 327.1857 325.76 325.76 325.76 347.7685 347.56 347.56 392.0855 397.33 397.33 397.33 366.61 366.61 366.61 368.1988 337.29 337.29 337.29 300.5217 300.87 300.87 301.0201 298.1 298.1 298.1 354.8374 354.3 354.3 354.1678 356.74 356.74 356.74 350.4955 349.76 349.76 349.76 337.93 337.93 337.93 358.8553 361.32 361.32 356.3228 453.54 453.54 453.54 551.7251 563.29 563.29 563.29 602.9961 602.62 602.62 603.933 578.39 578.39 578.39 588.314 588.22 588.22
388.76 388.76 388.76 441.9902 448.26 448.26 448.7678 438.89 438.89 438.89 424.635 424.77 424.77 424.77 414.1696 414.27 347.191 327.1857 325.76 325.76 325.76 347.7685 347.56 347.56 392.0855 397.33 397.33 397.33 366.61 366.61 366.61 368.1988 337.29 337.29 337.29 300.5217 300.87 300.87 301.0201 298.1 298.1 298.1 354.8374 354.3 354.3 354.1678 356.74 356.74 356.74 350.4955 349.76 349.76 349.76 337.93 337.93 337.93 358.8553 361.32 361.32 356.3228 453.54 453.54 453.54 551.7251 563.29 563.29 561.1588 602.62 602.62 602.62 603.933 578.39 578.39 578.39 588.314 588.22 588.22
388.76 388.76 388.76 441.9902 448.26 448.26 448.7678 438.89 438.89 438.89 424.635 424.77 424.77 425.339 414.27 414.27 414.27 421.6328 422.5 422.5 422.5 497.8235 497.11 497.11 453.6491 448.53 448.53 448.53 407.01 407.01 407.01 376.6196 373.04 373.04 373.04 350.2037 350.42 350.42 350.8421 342.63 342.63 342.63 348.7379 348.68 353.7078 354.1678 356.74 356.74 356.74 349.6933 349.76 349.76 349.76 337.93 337.93 337.93 358.8553 361.32 361.32 356.3228 453.54 453.54 453.54 551.7251 563.29 563.29 561.1588 602.62 602.62 602.62 603.933 578.39 578.39 578.39 588.314 588.22 588.22
388.76 388.76 388.76 441.9902 448.26 448.26 448.7678 438.89 438.89 438.89 424.635 424.77 424.77 425.339 414.27 414.27 414.27 421.6328 422.5 422.5 422.5 497.8235 497.11 497.11 453.6491 448.53 448.53 448.53 407.01 407.01 407.01 376.6196 373.04 373.04 373.04 350.2037 350.42 350.42 350.8421 342.63 342.63 342.63 348.7379 348.68 348.68 345.3626 409.9 409.9 409.9 422.994 422.87 422.87 422.87 504.87 504.87 504.87 549.9233 555.23 555.23 560.4022 459.78 459.78 459.78 512.2676 518.45 518.45 517.9065 528.48 528.48 528.48 529.224 514.75 514.75 514.75 534.6586 534.47 588.7339
388.76 388.76 388.76 441.9902 448.26 448.26 448.7678 438.89 438.89 438.89 424.635 424.77 424.77 425.339 414.27 414.27 414.27 422.5787 422.5 422.5 422.5 497.8235 497.11 497.11 453.6491 448.53 448.53 448.53 407.01 407.01 407.01 376.6196 373.04 373.04 373.04 350.42 350.42 350.42 350.8421 342.63 342.63 342.63 348.7379 348.68 348.68 345.3626 409.9 409.9 409.9 422.994 422.87 422.87 418.4266 504.87 504.87 504.87 549.9233 555.23 555.23 560.4022 459.78 459.78 459.78 512.2676 518.45 518.45 517.9065 528.48 528.48 528.48 516.1968 514.75 514.75 514.75 534.6586 534.47 534.47
388.76 388.76 388.76 441.9902 448.26 448.26 448.7678 438.89 438.89 438.89 424.635 424.77 424.77 425.339 414.27 414.27 414.27 422.5787 422.5 422.5 422.5 497.8235 497.11 497.11 453.6491 448.53 448.53 448.53 407.01 407.01 407.01 376.6196 373.04 373.04 373.04 350.42 350.42 350.42 350.8421 342.63 342.63 342.63 348.7379 348.68 348.68 345.3626 409.9 409.9 409.9 422.994 422.87 422.87 418.4266 504.87 504.87 504.87 549.9233 555.23 555.23 560.4022 459.78 459.78 459.78 512.2676 518.45 518.45 517.9065 528.48 528.48 528.48 516.1968 514.75 514.75 514.75 534.6586 534.47 534.47
363.37 363.37 363.37 371.4364 371.36 371.36 370.7417 382.77 382.77 382.77 460.8596 460.12 460.12 460.5589 452.02 452.02 452.02 498.9949 498.55 498.55 493.7744 586.68 586.68 586.68 588.9076 589.17 589.17 589.17 420.5391 407.01 407.01 376.6196 373.04 373.04 373.04 350.42 350.42 350.42 343.4509 342.63 342.63 342.63 348.7379 348.68 348.68 345.3626 409.9 409.9 409.9 422.994 422.87 422.87 418.4266 504.87 504.87 504.87 555.7115 555.23 555.23 560.4022 459.78 459.78 459.78 512.2676 518.45 518.45 517.9065 528.48 528.48 528.48 516.1968 514.75 514.75 513.6814 534.47 534.47 534.47
363.37 363.37 363.37 371.4364 371.36 371.36 381.5677 382.77 382.77 382.77 460.8596 460.12 460.12 460.5589 452.02 452.02 452.02 498.9949 498.55 498.55 493.7744 586.68 586.68 586.68 588.9076 589.17 589.17 589.17 535.4 535.4 535.4 499.9639 495.79 495.79 495.79 453.71 453.71 453.71 414.5433 409.93 409.93 409.93 395.7355 395.87 395.87 397.2252 370.86 370.86 370.86 371.708 371.7 371.7 369.5119 412.08 412.08 412.08 461.377 460.91 545.291 560.4022 459.78 459.78 459.78 512.2676 518.45 518.45 517.9065 528.48 528.48 528.48 516.1968 514.75 514.75 513.6814 534.47 534.47 534.47
363.37 363.37 363.37 371.4364 371.36 371.36 381.5677 382.77 382.77 382.77 460.8596 460.12 460.12 460.5589 452.02 452.02 452.02 498.9949 498.55 498.55 493.7744 586.68 586.68 586.68 589.1938 589.17 589.17 589.17 535.4 535.4 535.4 499.9639 495.79 495.79 495.79 453.71 453.71 453.71 414.5433 409.93 409.93 410.6919 395.87 395.87 395.87 397.2252 370.86 370.86 370.86 371.708 371.7 371.7 369.5119 412.08 412.08 412.08 461.377 460.91 460.91 472.9338 474.35 474.35 474.35 558.5879 568.51 568.51 569.3163 553.63 553.63 553.63 534.3329 532.06 532.06 533.1492 511.96 511.96 511.96
363.37 363.37 363.37 371.4364 371.36 371.36 381.5677 382.77 382.77 382.77 460.12 460.12 460.12 460.5589 452.02 452.02 452.02 498.9949 498.55 498.55 493.7744 586.68 586.68 586.68 589.1938 589.17 589.17 589.17 535.4 535.4 535.4 499.9639 495.79 495.79 495.79 453.71 453.71 453.71 414.5433 409.93 409.93 410.6919 395.87 395.87 395.87 397.2252 370.86 370.86 370.86 371.708 371.7 371.7 369.5119 412.08 412.08 412.08 461.377 460.91 460.91 472.9338 474.35 474.35 474.35 558.5879 568.51 568.51 569.3163 553.63 553.63 553.63 534.3329 532.06 532.06 533.1492 511.96 511.96 511.96
336.06 336.06 336.06 327.2061 327.29 371.7814 381.5677 382.77 382.77 382.77 460.12 460.12 460.12 460.5589 452.02 452.02 452.02 498.9949 498.55 498.55 493.7744 586.68 586.68 586.68 589.1938 589.17 589.17 592.0836 535.4 535.4 535.4 499.9639 495.79 495.79 495.79 453.71 453.71 453.71 414.5433 409.93 409.93 410.6919 395.87 395.87 395.87 373.4954 370.86 370.86 370.86 371.708 371.7 371.7 369.5119 412.08 412.08 412.08 461.377 460.91 460.91 472.9338 474.35 474.35 474.35 569.4104 568.51 568.51 569.3163 553.63 553.63 553.63 534.3329 532.06 532.06 533.1492 511.96 511.96 511.96
336.06 336.06 336.06 327.2061 327.29 327.29 342.928 344.77 344.77 344.77 448.25 448.25 448.25 492.3908 497.59 497.59 497.59 479.7208 479.89 479.89 478.6778 502.26 502.26 502.26 575.6956 575 575 574.0219 593.05 593.05 593.05 562.248 495.1892 495.79 495.79 453.71 453.71 453.71 414.5433 409.93 409.93 410.6919 395.87 395.87 395.87 373.4954 370.86 370.86 370.86 371.708 371.7 371.7 369.5119 412.08 412.08 412.08 461.377 460.91 460.91 472.9338 474.35 474.35 474.35 569.4104 568.51 568.51 569.3163 553.63 553.63 553.63 534.3329 532.06 532.06 533.1492 511.96 511.96 511.96
336.06 336.06 336.06 327.2061 327.29 327.29 342.928 344.77 344.77 344.77 448.25 448.25 448.25 492.3908 497.59 497.59 497.59 479.7208 479.89 479.89 478.6778 502.26 502.26 502.26 575.6956 575 575 574.0219 593.05 593.05 593.05 558.2908 558.62 558.62 558.62 524.62 524.62 524.62 520.0753 519.54 519.54 521.4084 485.06 485.06 485.06 454.7769 451.21 451.21 452.1063 434.67 434.67 434.67 434.3969 439.71 439.71 439.71 454.3789 454.24 454.24 535.3914 544.95 544.95 544.95 606.5535 605.97 605.97 584.6689 582.16 582.16 582.16 582.5447 582.59 582.59 532.666 511.96 511.96 511.96
336.06 336.06 336.06 327.2061 327.29 327.29 342.928 344.77 344.77 344.77 448.25 448.25 448.25 492.3908 497.59 497.59 498.5491 479.89 479.89 479.89 478.6778 502.26 502.26 502.26 575.6956 575 575 574.0219 593.05 593.05 593.05 558.2908 558.62 558.62 560.4623 524.62 524.62 524.62 520.0753 519.54 519.54 521.4084 485.06 485.06 485.06 454.7769 451.21 451.21 452.1063 434.67 434.67 434.67 434.3969 439.71 439.71 439.71 454.3789 454.24 454.24 535.3914 544.95 544.95 544.95 606.5535 605.97 605.97 584.6689 582.16 582.16 582.16 582.5447 582.59 582.59 583.9041 558.34 558.34 558.34
336.06 336.06 336.5352 327.29 327.29 327.29 342.928 344.77 344.77 344.77 448.25 448.25 448.25 492.3908 497.59 497.59 498.5491 479.89 479.89 479.89 478.6778 502.26 502.26 502.26 575.6956 575 575 574.0219 593.05 593.05 593.05 558.2908 558.62 558.62 560.4623 524.62 524.62 524.62 520.0753 519.54 519.54 521.4084 485.06 485.06 485.06 454.7769 451.21 451.21 452.1063 434.67 434.67 434.67 439.1789 439.71 439.71 439.71 454.3789 454.24 454.24 535.3914 544.95 544.95 544.95 606.5535 605.97 605.97 584.6689 582.16 582.16 582.16 582.5447 582.59 582.59 583.9041 558.34 558.34 558.34
313.79 313.79 314.0561 308.88 308.88 308.88 329.1969 331.59 331.59 331.59 365.01 365.01 365.01 412.8009 418.43 418.43 415.0996 479.89 479.89 479.89 499.9028 502.26 502.26 502.26 575.6956 575 575 574.0219 593.05 593.05 593.05 558.2908 558.62 558.62 560.4623 524.62 524.62 524.62 520.0753 519.54 519.54 521.4084 485.06 485.06 485.06 454.7769 451.21 451.21 452.1063 434.67 434.67 434.67 439.1789 439.71 439.71 439.71 454.3789 454.24 454.24 535.3914 544.95 544.95 544.95 606.5535 605.97 605.97 584.6689 582.16 582.16 582.16 582.5941 582.59 582.59 583.9041 558.34 558.34 558.34
313.79 313.79 314.0561 308.88 308.88 308.88 331.8072 331.59 331.59 331.59 365.01 365.01 365.01 412.8009 418.43 418.43 415.3608 475.07 475.07 475.07 476.2151 476.35 476.35 476.35 540.2654 539.66 539.66 536.593 596.26 596.26 596.26 574.4333 574.64 574.64 574.0591 585.36 585.36 585.36 566.9254 567.1 567.1 567.5855 558.14 558.14 558.14 454.0781 451.21 451.21 452.1063 434.67 434.67 434.67 439.1789 439.71 439.71 438.9226 454.24 454.24 454.24 535.3914 544.95 544.95 544.95 606.5535 605.97 605.97 584.6689 582.16 582.16 582.16 582.5941 582.59 582.59 583.9041 558.34 558.34 558.34
313.79 313.79 314.0561 308.88 308.88 308.88 331.8072 331.59 331.59 331.59 365.01 365.01 365.01 412.8009 418.43 418.43 415.3608 475.07 475.07 475.07 476.2151 476.35 476.35 472.9194 539.66 539.66 539.66 536.593 596.26 596.26 596.26 574.4333 574.64 574.64 574.0591 585.36 585.36 585.36 566.9254 567.1 567.1 567.5855 558.14 558.14 558.14 521.1204 516.76 516.76 518.5 484.65 484.65 484.65 525.8116 530.66 530.66 533.0784 486.03 486.03 486.03 514.3538 517.69 517.69 517.69 555.5284 555.17 555.17 610.8336 617.39 617.39 617.39 624.6387 624.57 624.57 569.2911 562.78 562.78 562.78
313.79 313.79 314.0561 308.88 308.88 308.88 331.8072 331.59 331.59 329.7791 365.01 365.01 365.01 412.8009 418.43 418.43 415.3608 475.07 475.07 475.07 476.2151 476.35 476.35 472.9194 539.66 539.66 539.66 536.593 596.26 596.26 596.26 574.4333 574.64 574.64 574.0591 585.36 585.36 585.36 566.9254 567.1 567.1 559.0842 558.14 558.14 558.14 521.1204 516.76 516.76 518.5 484.65 484.65 484.65 525.8116 530.66 530.66 533.0784 486.03 486.03 486.03 517.9927 517.69 517.69 517.69 555.5284 555.17 555.17 610.8336 617.39 617.39 617.39 624.6387 624.57 624.57 569.2911 562.78 562.78 562.78
304.93 304.93 304.7159 308.88 308.88 308.88 331.8072 331.59 331.59 329.7791 365.01 365.01 365.01 412.8009 418.43 418.43 415.3608 475.07 475.07 475.07 476.2151 476.35 476.35 472.9194 539.66 539.66 539.66 590.2958 596.26 596.26 596.26 574.4333 574.64 574.64 574.0591 585.36 585.36 585.36 566.9254 567.1 567.1 559.0842 558.14 558.14 558.14 521.1204 516.76 516.76 518.5 484.65 484.65 484.65 525.8116 530.66 530.66 533.0784 486.03 486.03 486.03 517.9927 517.69 517.69 517.69 555.5284 555.17 555.17 610.8336 617.39 617.39 617.39 624.6387 624.57 624.57 569.2911 562.78 562.78 562.78
304.93 304.93 304.4461 313.86 313.86 313.86 336.03 335.82 335.82 334.4588 360.94 360.94 360.94 432.4675 431.79 431.79 428.1248 499.43 499.43 499.43 516.7142 518.75 518.75 520.4081 488.15 488.15 488.15 528.0682 532.77 596.8671 596.26 574.4333 574.64 574.64 574.0591 585.36 585.36 585.36 566.9254 567.1 567.1 559.0842 558.14 558.14 558.14 516.3643 516.76 516.76 518.5 484.65 484.65 484.65 525.8116 530.66 530.66 533.0784 486.03 486.03 486.03 517.9927 517.69 517.69 517.69 555.5284 555.17 555.17 610.8336 617.39 617.39 617.39 624.6387 624.57 624.57 569.2911 562.78 562.78 562.78
304.93 304.93 304.4461 313.86 313.86 313.86 336.03 335.82 335.82 334.4588 360.94 360.94 360.94 432.4675 431.79 431.79 428.1248 499.43 499.43 499.43 516.7142 518.75 518.75 520.4081 488.15 488.15 488.15 528.0682 532.77 532.77 529.2803 597.17 597.17 597.17 595.643 625.35 625.35 625.35 623.9265 623.94 623.94 563.9465 556.88 556.88 556.88 544.6138 544.73 544.73 546.1903 517.78 517.78 517.78 505.6936 504.27 504.27 504.8753 493.1 493.1 493.1 517.9927 517.69 517.69 515.6591 555.17 555.17 555.17 610.8336 617.39 617.39 617.39 624.6387 624.57 624.57 569.2911 562.78 562.78 562.78
304.93 304.93 312.919 313.86 313.86 313.86 336.03 335.82 335.82 334.4588 360.94 360.94 360.94 432.4675 431.79 431.79 492.3024 499.43 499.43 499.43 516.7142 518.75 518.75 520.4081 488.15 488.15 488.15 528.0682 532.77 532.77 529.2803 597.17 597.17 597.17 595.643 625.35 625.35 625.35 623.9265 623.94 623.94 563.9465 556.88 556.88 556.88 544.6138 544.73 544.73 520.6199 517.78 517.78 517.78 505.6936 504.27 504.27 504.8753 493.1 493.1 493.1 526.5367 526.22 526.22 521.3469 616.15 616.15 616.15 679.7042 687.19 687.19 687.19 682.8489 682.89 682.89 608.0546 599.24 599.24 599.24
304.93 304.93 312.919 313.86 313.86 313.86 336.03 335.82 335.82 334.4588 360.94 360.94 360.94 432.4675 431.79 431.79 492.3024 499.43 499.43 499.43 516.7142 518.75 518.75 520.4081 488.15 488.15 488.15 528.0682 532.77 532.77 529.2803 597.17 597.17 597.17 622.3805 625.35 625.35 625.35 623.9265 623.94 623.94 563.9465 556.88 556.88 556.88 544.6138 544.73 544.73 520.6199 517.78 517.78 517.78 505.6936 504.27 504.27 504.8753 493.1 493.1 493.1 526.5367 526.22 526.22 521.3469 616.15 616.15 616.15 687.8693 687.19 687.19 687.19 682.8489 682.89 682.89 608.0546 599.24 599.24 599.24
299.61 299.61 322.915 325.66 325.66 323.8301 359.43 359.43 359.43 356.4768 413.93 413.93 413.93 441.9656 432.8343 431.79 492.3024 499.43 499.43 499.43 518.9348 518.75 518.75 520.4081 488.15 488.15 488.15 528.0682 532.77 532.77 529.2803 597.17 597.17 597.17 622.3805 625.35 625.35 625.35 623.9265 623.94 623.94 563.9465 556.88 556.88 556.88 544.6138 544.73 544.73 520.6199 517.78 517.78 517.78 504.1408 504.27 504.27 504.8753 493.1 493.1 493.1 526.5367 526.22 526.22 521.3469 616.15 616.15 616.15 687.8693 687.19 687.19 687.19 682.8489 682.89 682.89 608.0546 599.24 599.24 599.24
299.61 299.61 322.915 325.66 325.66 323.8301 359.43 359.43 359.43 356.4768 413.93 413.93 413.93 441.9656 441.7 441.7 464.2177 466.87 466.87 466.87 498.2775 497.98 497.98 497.7031 503.09 503.09 503.09 458.2514 452.97 452.97 450.6676 495.46 495.46 495.46 563.6036 571.63 571.63 569.171 617.01 617.01 617.01 565.8911 556.8514 556.88 556.88 544.6138 544.73 544.73 520.6199 517.78 517.78 517.78 504.1408 504.27 504.27 504.8753 493.1 493.1 493.1 526.5367 526.22 526.22 521.3469 616.15 616.15 616.15 687.8693 687.19 687.19 687.19 682.8489 682.89 682.89 608.0546 599.24 599.24 599.24
299.61 299.61 322.915 325.66 325.66 323.8301 359.43 359.43 359.43 408.187 413.93 413.93 413.93 441.9656 441.7 441.7 464.2177 466.87 466.87 466.87 498.2775 497.98 497.98 502.5515 503.09 503.09 503.09 458.2514 452.97 452.97 450.6676 495.46 495.46 495.46 563.6036 571.63 571.63 569.171 617.01 617.01 617.01 565.8911 559.87 559.87 559.87 583.2717 583.05 583.05 576.2687 575.47 575.47 575.47 552.462 552.68 552.68 552.7092 552.14 552.14 552.14 581.2557 580.98 580.98 575.6442 679.45 679.45 679.45 818.8908 817.57 817.57 814.4678 874.82 874.82 874.82 744.2227 598.0007 599.24 599.24
299.61 299.61 322.915 325.66 325.66 323.8301 359.43 359.43 359.43 408.187 413.93 413.93 413.93 441.9656 441.7 441.7 464.2177 466.87 466.87 466.87 498.2775 497.98 497.98 502.5515 503.09 503.09 503.09 458.2514 452.97 452.97 450.6676 495.46 495.46 495.46 563.6036 571.63 571.63 569.171 617.01 617.01 617.01 559.3236 559.87 559.87 559.87 583.2717 583.05 583.05 576.2687 575.47 575.47 575.47 552.462 552.68 552.68 552.1969 552.14 552.14 552.14 581.2557 580.98 580.98 575.6442 679.45 679.45 679.45 818.8908 817.57 817.57 814.4678 874.82 874.82 874.82 744.2227 728.84 728.84 728.84
299.61 299.61 322.915 325.66 325.66 323.8301 359.43 359.43 359.43 408.187 413.93 413.93 413.93 441.9656 441.7 441.7 464.2177 466.87 466.87 466.87 498.2775 497.98 497.98 502.5515 503.09 503.09 503.09 452.4907 452.97 452.97 450.6676 495.46 495.46 495.46 563.6036 571.63 571.63 569.171 617.01 617.01 617.01 559.3236 559.87 559.87 559.87 583.2717 583.05 583.05 576.2687 575.47 575.47 575.47 552.462 552.68 552.68 552.1969 552.14 552.14 552.14 581.2557 580.98 580.98 575.6442 679.45 679.45 679.45 818.8908 817.57 817.57 814.4678 874.82 874.82 874.82 727.4441 728.84 728.84 728.84
349.82 349.82 329.9146 327.57 327.57 327.247 333.53 333.53 333.53 342.2884 343.32 343.32 342.4281 359.78 359.78 359.78 392.2996 459.4158 466.87 466.87 498.2775 497.98 497.98 502.5515 503.09 503.09 503.09 452.4907 452.97 452.97 450.6676 495.46 495.46 495.46 563.6036 571.63 571.63 569.171 617.01 617.01 617.01 559.3236 559.87 559.87 559.87 583.2717 583.05 583.05 576.2687 575.47 575.47 575.47 552.462 552.68 552.68 552.1969 552.14 552.14 552.14 580.98 580.98 580.98 575.6442 679.45 679.45 679.45 818.8908 817.57 817.57 814.4678 874.82 874.82 874.82 727.4441 728.84 728.84 728.84
349.82 349.82 329.9146 327.57 327.57 327.247 333.53 333.53 333.53 342.2884 343.32 343.32 342.4281 359.78 359.78 359.78 396.4776 396.13 396.13 396.13 452.4131 451.88 451.88 495.4303 500.56 500.56 500.56 454.5341 454.97 454.97 465.8129 467.09 467.09 467.09 518.8172 524.91 524.91 523.9937 541.82 541.82 541.82 534.9348 535 535 534.0647 552.26 552.26 552.26 544.0115 543.04 543.04 543.04 645.6823 644.71 644.71 696.0078 550.7065 552.14 552.14 580.98 580.98 580.98 575.6442 679.45 679.45 679.45 818.8908 817.57 817.57 814.4678 874.82 874.82 874.82 727.4441 728.84 728.84 728.84
349.82 349.82 327.3572 327.57 327.57 327.247 333.53 333.53 333.53 342.2884 343.32 343.32 342.4281 359.78 359.78 359.78 396.4776 396.13 396.13 396.13 452.4131 451.88 451.88 495.4303 500.56 500.56 500.56 454.5341 454.97 454.97 465.8129 467.09 467.09 467.09 518.8172 524.91 524.91 523.9937 541.82 541.82 541.82 534.9348 535 535 534.0647 552.26 552.26 552.26 544.0115 543.04 543.04 543.04 645.6823 644.71 644.71 696.0078 702.05 702.05 702.05 704.65 704.65 704.65 700.819 775.35 775.35 775.35 1027.932 1025.54 1025.54 1028.511 970.71 970.71 970.71 729.4548 731.74 731.74 726.5407
349.82 349.82 327.3572 327.57 327.57 327.247 333.53 333.53 333.53 342.2884 343.32 343.32 342.4281 359.78 359.78 359.78 396.4776 396.13 396.13 396.13 452.4131 451.88 451.88 495.4303 500.56 500.56 500.56 454.5341 454.97 454.97 465.8129 467.09 467.09 467.09 518.8172 524.91 524.91 523.9937 541.82 541.82 541.82 534.9348 535 535 534.0647 552.26 552.26 552.26 542.9518 543.04 543.04 543.04 645.6823 644.71 644.71 696.0078 702.05 702.05 702.05 704.65 704.65 704.65 767.9 775.35 775.35 775.35 1027.932 1025.54 1025.54 1028.511 970.71 970.71 970.71 729.4548 731.74 731.74 726.5407
