Model and model input files/precip_1998.asc
ncols         625
nrows         453
xllcorner     138621.56993419
yllcorner     4094031.9406744
cellsize      1000
NODATA_value  -9999
[rows 34 to 67 of 453, columns 77 to 153 of 625]
335.63 343.1714 343.1 343.1 350.6059 351.49 351.49 351.49 352.6813 352.67 352.67 353.8822 330.3 330.3 330.3 334.4958 334.99 334.99 334.1593 350.32 350.32 350.32 375.7913 375.55 375.55 374.2831 398.93 398.93 398.93 412.3673 412.24 412.24 411.7501 421.28 421.28 421.28 425.5205 426.02 426.02 426.02 440.6789 440.54 440.54 437.0241 436.61 436.61 449.9665 444.91 444.91 444.91 435.4628 434.35 434.35 434.3007 435.26 435.26 435.26 447.3643 448.79 448.79 448.79 449.1736 449.17 449.17 450.5865 423.03 423.03 423.03 445.624 445.41 445.41 582.0998 598.2 598.2 598.2 733.5117 732.23
335.63 343.1714 343.1 343.1 350.6059 351.49 351.49 351.49 352.6813 352.67 352.67 332.6572 330.3 330.3 330.3 334.4958 334.99 334.99 334.1593 350.32 350.32 350.32 375.7913 375.55 375.55 374.2831 398.93 398.93 398.93 412.3673 412.24 412.24 411.7501 421.28 421.28 421.28 426.0653 426.02 426.02 426.02 440.6789 440.54 440.54 437.0241 436.61 436.61 436.61 427.72 427.72 427.72 443.6354 445.51 445.51 444.3211 467.45 467.45 467.45 469.4003 469.63 469.63 470.7712 448.57 448.57 448.57 449.5102 431.22 431.22 431.22 430.2508 430.26 430.26 475.5191 480.85 480.85 480.85 564.3005 563.51
335.63 343.1714 343.1 343.1 350.6059 351.49 351.49 351.49 352.6813 352.67 352.67 332.6572 330.3 330.3 330.3 335.0349 334.99 334.99 334.1593 350.32 350.32 350.32 375.7913 375.55 375.55 374.2831 398.93 398.93 398.93 412.3673 412.24 412.24 411.7501 421.28 421.28 421.28 426.0653 426.02 426.02 425.2332 440.54 440.54 440.54 437.0241 436.61 436.61 436.61 427.72 427.72 427.72 443.6354 445.51 445.51 444.3211 467.45 467.45 467.45 469.4003 469.63 469.63 470.7712 448.57 448.57 448.57 433.0482 431.22 431.22 431.22 430.2508 430.26 430.26 475.5191 480.85 480.85 480.85 564.3005 563.51
335.63 343.1714 343.1 343.1 350.6059 351.49 351.49 351.49 352.6813 352.67 352.67 332.6572 330.3 330.3 330.3 335.0349 334.99 334.99 334.1593 350.32 350.32 350.32 375.7913 375.55 375.55 374.2831 398.93 398.93 398.93 412.3673 412.24 412.24 411.7501 421.28 421.28 421.28 426.0653 426.02 426.02 425.2332 440.54 440.54 440.54 437.0241 436.61 436.61 436.61 427.72 427.72 427.72 443.6354 445.51 445.51 444.3211 467.45 467.45 467.45 469.4003 469.63 469.63 470.7712 448.57 448.57 448.57 433.0482 431.22 431.22 431.22 430.2508 430.26 430.26 475.5191 480.85 480.85 480.85 564.3005 563.51
336.08 343.9243 343.85 343.85 340.3073 339.89 339.89 339.89 337.6992 337.72 337.72 344.8949 345.74 345.74 345.74 362.9228 362.76 362.76 364.2451 364.42 364.42 364.42 376.1713 376.06 376.06 375.2678 390.68 390.68 390.68 390.468 412.4482 412.24 411.7501 421.28 421.28 421.28 426.0653 426.02 426.02 425.2332 440.54 440.54 440.54 436.5724 436.61 436.61 436.61 427.72 427.72 427.72 443.6354 445.51 445.51 444.3211 467.45 467.45 467.45 469.4003 469.63 469.63 470.7712 448.57 448.57 448.57 433.0482 431.22 431.22 431.272 430.26 430.26 430.26 475.5191 480.85 480.85 480.85 564.3005 563.51
335.6589 343.85 343.85 343.85 340.3073 339.89 339.89 339.89 337.6992 337.72 337.72 344.8949 345.74 345.74 345.74 362.9228 362.76 362.76 364.2451 364.42 364.42 364.42 376.06 376.06 376.06 375.2678 390.68 390.68 390.68 390.468 390.47 390.47 389.914 400.73 400.73 400.73 416.5498 416.4 416.4 416.3133 418 418 418 409.1461 409.23 409.23 409.0458 412.63 412.63 412.63 431.2024 433.39 433.39 432.1995 455.36 455.36 455.36 475.8648 478.28 470.5415 470.7712 448.57 448.57 448.57 433.0482 431.22 431.22 431.272 430.26 430.26 430.26 481.3338 480.85 480.85 480.85 564.3005 563.51
335.6589 343.85 343.85 343.85 340.3073 339.89 339.89 339.89 337.6992 337.72 337.72 344.8949 345.74 345.74 345.74 362.9228 362.76 362.76 364.2451 364.42 364.42 364.42 376.06 376.06 376.06 389.1394 390.68 390.68 390.68 390.468 390.47 390.47 389.914 400.73 400.73 400.73 416.5498 416.4 416.4 416.3133 418 418 418 409.1461 409.23 409.23 409.0458 412.63 412.63 412.63 431.2024 433.39 433.39 432.1995 455.36 455.36 455.36 475.8648 478.28 478.28 478.2773 478.33 478.33 478.33 456.3311 453.74 453.74 455.3038 424.88 424.88 424.88 421.1547 421.19 421.19 421.19 459.5735 459.21
335.6589 343.85 343.85 343.85 339.8521 339.89 339.89 339.89 337.6992 337.72 337.72 344.8949 345.74 345.74 345.74 362.9228 362.76 362.76 364.2451 364.42 364.42 364.42 376.06 376.06 376.06 389.1394 390.68 390.68 390.68 390.468 390.47 390.47 389.914 400.73 400.73 400.73 416.5498 416.4 416.4 416.3133 418 418 418 409.1461 409.23 409.23 409.0458 412.63 412.63 412.63 433.5885 433.39 433.39 432.1995 455.36 455.36 455.36 475.8648 478.28 478.28 478.2773 478.33 478.33 478.33 456.3311 453.74 453.74 455.3038 424.88 424.88 424.88 421.1547 421.19 421.19 419.1298 459.21 459.21
332.6254 336.8 336.8 336.8 344.5736 344.5 344.7498 340.0076 337.72 337.72 337.72 344.8949 345.74 345.74 345.74 362.9228 362.76 362.76 364.2451 364.42 364.42 364.42 376.06 376.06 376.06 389.1394 390.68 390.68 390.6914 390.47 390.47 390.47 389.914 400.73 400.73 400.73 416.5498 416.4 416.4 416.3133 418 418 418 409.1461 409.23 409.23 409.0458 412.63 412.63 412.63 433.5885 433.39 433.39 453.0449 455.36 455.36 455.36 475.8648 478.28 478.28 478.2773 478.33 478.33 478.33 456.3311 453.74 453.74 455.3038 424.88 424.88 424.88 421.1547 421.19 421.19 419.1298 459.21 459.21
332.6254 336.8 336.8 336.8 344.5736 344.5 344.5 343.1859 368.75 368.75 368.75 375.5134 376.31 376.31 376.31 353.9785 354.19 354.19 349.1443 348.55 348.55 348.55 357.44 357.44 357.44 369.5264 370.95 370.95 370.7007 375.55 375.55 375.55 391.9574 393.5194 400.73 400.73 416.5498 416.4 416.4 416.3133 418 418 418 409.1461 409.23 409.23 409.0458 412.63 412.63 412.63 433.5885 433.39 433.39 453.0449 455.36 455.36 455.36 475.8648 478.28 478.28 478.2773 478.33 478.33 478.33 456.3311 453.74 453.74 455.3038 424.88 424.88 424.88 421.1547 421.19 421.19 419.1298 459.21 459.21
332.6254 336.8 336.8 336.8 344.5736 344.5 344.5 343.1859 368.75 368.75 368.75 376.3823 376.31 376.31 376.31 353.9785 354.19 354.19 349.1443 348.55 348.55 348.55 357.44 357.44 357.44 369.5264 370.95 370.95 370.7007 375.55 375.55 375.55 391.9574 393.89 393.89 392.8767 412.59 412.59 412.59 413.425 397.18 397.18 397.18 394.8883 394.91 394.91 394.0593 410.61 410.61 410.61 428.4893 428.32 428.32 448.6011 450.99 450.99 450.99 467.5367 467.38 467.38 467.3101 468.67 468.67 468.67 460.2337 459.24 459.24 461.3701 419.93 419.93 419.93 408.7845 408.89 408.89 417.8337 459.21 459.21
332.6254 336.8 336.8 336.8 344.5736 344.5 344.5 343.1859 368.75 368.75 368.75 376.3823 376.31 376.31 377.5086 354.19 354.19 354.19 349.1443 348.55 348.55 348.55 357.44 357.44 357.44 369.5264 370.95 370.95 370.7007 375.55 375.55 375.55 391.9574 393.89 393.89 392.8767 412.59 412.59 412.59 413.425 397.18 397.18 397.18 394.8883 394.91 394.91 394.0593 410.61 410.61 410.61 428.4893 428.32 428.32 448.6011 450.99 450.99 450.99 467.5367 467.38 467.38 468.5341 468.67 468.67 468.67 460.2337 459.24 459.24 461.3701 419.93 419.93 419.93 408.7845 408.89 408.89 409.0314 406.28 406.28
332.6254 336.8 336.8 336.8 344.5736 344.5 344.5 343.1859 368.75 368.75 368.75 376.3823 376.31 376.31 377.5086 354.19 354.19 354.19 348.4961 348.55 348.55 348.55 357.44 357.44 357.44 369.5264 370.95 370.95 370.7007 375.55 375.55 375.55 391.9574 393.89 393.89 392.8767 412.59 412.59 412.59 398.8038 397.18 397.18 397.18 394.8883 394.91 394.91 394.0593 410.61 410.61 410.61 428.4893 428.32 428.32 448.6011 450.99 450.99 450.99 467.5367 467.38 467.38 468.5341 468.67 468.67 468.67 460.2337 459.24 459.24 461.3701 419.93 419.93 419.93 408.7845 408.89 408.89 409.0314 406.28 406.28
333.7655 337.16 337.16 337.16 344.5904 344.52 344.52 343.9082 355.81 355.81 355.81 359.0305 359 359 359.7326 345.48 345.48 345.48 348.623 348.55 348.55 348.55 357.44 357.44 357.44 369.5264 370.95 370.95 370.7007 375.55 375.55 375.55 391.9574 393.89 393.89 392.8767 412.59 412.59 412.59 398.8038 397.18 397.18 397.18 394.8883 394.91 394.91 394.0593 410.61 410.61 410.61 428.4893 428.32 428.32 448.6011 450.99 450.99 450.99 467.5367 467.38 467.38 468.5341 468.67 468.67 468.67 459.1498 459.24 459.24 461.3701 419.93 419.93 419.93 408.7845 408.89 408.89 409.0314 406.28 406.28
336.8207 337.16 337.16 337.16 344.5904 344.52 344.52 343.9082 355.81 355.81 355.81 359.0305 359 359 359.7326 345.48 345.48 345.48 348.963 348.93 348.93 348.2088 362.24 362.24 362.24 356.8096 356.17 356.17 355.1302 375.36 375.36 375.36 402.3598 405.54 405.54 404.9114 417.14 417.14 417.14 400.9652 399.06 399.06 398.6314 406.97 406.97 406.97 406.7728 410.61 410.61 410.61 428.4893 428.32 428.32 448.6011 450.99 450.99 450.99 467.5367 467.38 467.38 468.5341 468.67 468.67 468.67 459.1498 459.24 459.24 461.3701 419.93 419.93 419.93 408.7845 408.89 408.89 409.0314 406.28 406.28
336.8207 337.16 337.16 337.16 344.52 344.52 344.52 343.9082 355.81 355.81 355.81 359.0305 359 359 359.7326 345.48 345.48 345.48 348.963 348.93 348.93 348.2088 362.24 362.24 362.24 356.112 356.17 356.17 355.1302 375.36 375.36 375.36 402.3598 405.54 405.54 404.9114 417.14 417.14 417.14 400.9652 399.06 399.06 398.6314 406.97 406.97 406.97 415.9968 417.06 417.06 417.06 427.5191 427.42 427.42 439.9537 441.43 441.43 441.43 451.667 451.57 451.57 469.6772 471.81 471.81 471.81 429.9636 430.36 430.36 404.0848 400.99 400.99 400.99 396.9214 396.96 396.96 396.1911 411.15 411.15
336.8207 337.16 337.16 337.16 344.52 344.52 344.52 343.9082 355.81 355.81 355.81 359.0305 359 359 359.7326 345.48 345.48 345.48 348.963 348.93 348.93 348.2088 362.24 362.24 362.24 356.112 356.17 356.17 355.1302 375.36 375.36 375.36 402.3598 405.54 405.54 404.9114 417.14 417.14 417.14 400.9652 399.06 399.06 398.6314 406.97 406.97 406.97 415.9968 417.06 417.06 417.06 427.5191 427.42 427.42 439.9537 441.43 441.43 441.43 451.667 451.57 451.57 469.6772 471.81 471.81 471.81 429.9636 430.36 430.36 404.0848 400.99 400.99 400.99 396.96 396.96 396.96 396.1911 411.15 411.15
353.5022 352.42 352.42 352.42 344.49 344.52 344.52 354.6203 355.81 355.81 355.81 359.0305 359 359 359.7326 345.48 345.48 345.48 348.963 348.93 348.93 348.2088 362.24 362.24 362.24 356.112 356.17 356.17 373.3378 375.36 375.36 375.36 402.3598 405.54 405.54 404.9114 417.14 417.14 417.14 400.9652 399.06 399.06 398.6314 406.97 406.97 406.97 415.9968 417.06 417.06 416.4986 427.42 427.42 427.42 439.9537 441.43 441.43 441.43 451.667 451.57 451.57 469.6772 471.81 471.81 471.81 429.9636 430.36 430.36 404.0848 400.99 400.99 400.99 396.96 396.96 396.96 396.1911 411.15 411.15
353.5022 352.42 352.42 352.42 347.66 347.66 347.66 339.5279 338.57 338.57 338.6865 336.42 336.42 336.42 336.2596 339.38 339.38 339.38 337.6738 337.69 337.69 337.5469 340.33 340.33 340.33 345.8523 345.8 345.8 358.4768 359.97 359.136 375.36 405.8286 405.54 405.54 404.9114 417.14 417.14 417.14 400.9652 399.06 399.06 398.6314 406.97 406.97 406.97 415.9968 417.06 417.06 416.4986 427.42 427.42 427.42 441.564 441.43 441.43 441.43 451.667 451.57 451.57 469.6772 471.81 471.81 471.81 429.9636 430.36 430.36 404.0848 400.99 400.99 400.99 396.96 396.96 396.96 409.6547 411.15 411.15
353.5022 352.42 352.42 352.42 347.66 347.66 347.66 339.5279 338.57 338.57 338.6865 336.42 336.42 336.42 336.2596 339.38 339.38 339.38 337.6738 337.69 337.69 337.5469 340.33 340.33 340.33 345.8523 345.8 345.8 358.4768 359.97 359.97 359.97 364.1395 364.1 364.1 363.5197 374.81 374.81 374.81 374.5863 374.56 374.56 374.03 384.34 384.34 384.34 391.4702 392.31 392.31 391.7974 401.77 401.77 401.77 418.872 418.71 418.71 418.71 438.9315 438.74 438.74 468.3253 471.81 471.81 471.81 429.9636 430.36 430.36 404.0848 400.99 400.99 400.99 396.96 396.96 396.96 409.6547 411.15 411.15
353.5022 352.42 352.42 352.42 347.66 347.66 347.66 339.5279 338.57 338.57 338.6865 336.42 336.42 336.42 339.0681 339.38 339.38 339.38 337.6738 337.69 337.69 337.5469 340.33 340.33 340.33 345.8523 345.8 345.8 358.4768 359.97 359.97 359.97 364.1395 364.1 364.1 373.6814 374.81 374.81 374.81 374.5863 374.56 374.56 374.03 384.34 384.34 384.34 391.4702 392.31 392.31 391.7974 401.77 401.77 401.77 418.872 418.71 418.71 417.6246 438.74 438.74 438.74 420.4539 418.3 418.3 418.3 399.3202 399.5 399.5 387.2168 385.77 385.77 385.77 390.73 390.73 390.73 398.5401 399.46 399.46
353.5022 352.42 352.42 352.42 347.66 347.66 347.66 339.5279 338.57 338.57 338.6865 336.42 336.42 336.42 339.0681 339.38 339.38 339.4716 337.69 337.69 337.69 337.5469 340.33 340.33 340.33 345.8523 345.8 345.8 358.4768 359.97 359.97 359.97 364.1395 364.1 364.1 373.6814 374.81 374.81 374.81 374.5863 374.56 374.56 374.03 384.34 384.34 384.34 391.4702 392.31 392.31 391.7974 401.77 401.77 401.77 418.872 418.71 418.71 417.6246 438.74 438.74 438.74 420.4539 418.3 418.3 418.3 399.3202 399.5 399.5 387.2168 385.77 385.77 385.77 390.73 390.73 390.73 398.5401 399.46 399.46
355.4786 356 356 356 344.5 344.5 344.5 344.3658 344.35 344.35 343.8878 352.88 352.88 352.88 353.6583 353.75 339.38 339.4716 337.69 337.69 337.69 337.5469 340.33 340.33 340.33 345.8523 345.8 345.8 358.4768 359.97 359.97 359.97 364.1395 364.1 364.1 373.6814 374.81 374.81 374.81 374.5576 374.56 374.56 374.03 384.34 384.34 384.34 391.4702 392.31 392.31 391.7974 401.77 401.77 401.77 418.872 418.71 418.71 417.6246 438.74 438.74 438.74 418.1045 418.3 418.3 418.3 399.3202 399.5 399.5 387.2168 385.77 385.77 385.77 390.73 390.73 390.73 398.5401 399.46 399.46
355.4786 356 356 356 344.5 344.5 344.5 344.3658 344.35 344.35 343.8878 352.88 352.88 352.88 353.6583 353.75 353.75 353.8085 352.67 352.67 352.67 344.842 343.92 343.92 343.92 344.0109 344.01 344.01 351.668 352.57 352.57 352.57 363.3117 363.21 363.21 373.2477 374.43 374.43 374.43 391.7642 391.6 391.6 393.3535 394.0596 384.34 384.34 391.4702 392.31 392.31 391.7974 401.77 401.77 401.77 418.872 418.71 418.71 417.6246 438.74 438.74 438.74 418.1045 418.3 418.3 418.3 399.3202 399.5 399.5 387.2168 385.77 385.77 385.77 390.73 390.73 390.73 398.5401 399.46 399.46
355.4786 356 356 356.6232 344.5 344.5 344.5 344.3658 344.35 344.35 343.8878 352.88 352.88 352.88 353.6583 353.75 353.75 353.8085 352.67 352.67 352.67 344.842 343.92 343.92 343.9151 344.01 344.01 344.01 351.668 352.57 352.57 352.57 363.3117 363.21 363.21 373.2477 374.43 374.43 374.43 391.7642 391.6 391.6 393.3535 393.56 393.56 393.56 390.7867 390.46 390.46 389.9181 400.46 400.46 400.46 417.885 417.72 417.72 418.516 403.03 403.03 403.03 388.6841 388.82 388.82 389.1733 382.3 382.3 382.3 377.2364 376.64 376.64 376.64 376.6 376.6 376.6 381.9677 399.6212 399.46
355.4786 356 356 356.6232 344.5 344.5 344.5 344.3486 344.35 344.35 343.8878 352.88 352.88 352.88 353.6583 353.75 353.75 353.8085 352.67 352.67 352.67 344.842 343.92 343.92 343.9151 344.01 344.01 344.01 351.668 352.57 352.57 352.57 363.3117 363.21 363.21 373.2477 374.43 374.43 374.43 391.7642 391.6 391.6 393.3535 393.56 393.56 393.56 390.4304 390.46 390.46 389.9181 400.46 400.46 400.46 417.885 417.72 417.72 418.516 403.03 403.03 403.03 388.6841 388.82 388.82 389.1733 382.3 382.3 382.3 377.2364 376.64 376.64 376.64 376.6 376.6 376.6 381.9677 382.6 382.6
355.4786 356 356 356.6232 344.5 344.5 344.5 344.3486 344.35 344.35 343.8878 352.88 352.88 352.88 353.6583 353.75 353.75 353.8085 352.67 352.67 352.67 344.842 343.92 343.92 343.9151 344.01 344.01 344.01 352.6519 352.57 352.57 352.57 363.3117 363.21 363.21 373.2477 374.43 374.43 374.43 391.7642 391.6 391.6 393.3535 393.56 393.56 393.56 390.4304 390.46 390.46 389.9181 400.46 400.46 400.46 417.885 417.72 417.72 418.516 403.03 403.03 403.03 388.6841 388.82 388.82 389.1733 382.3 382.3 382.3 376.5859 376.64 376.64 376.64 376.6 376.6 376.6 381.9677 382.6 382.6
379.2591 379.26 379.26 380.0625 364.45 364.45 364.45 367.7513 367.72 367.72 374.9396 375.79 375.79 375.79 372.6857 372.32 372.32 372.3747 371.31 352.4918 352.67 344.842 343.92 343.92 343.9151 344.01 344.01 344.01 352.6519 352.57 352.57 352.57 363.3117 363.21 363.21 373.2477 374.43 374.43 374.43 391.7642 391.6 391.6 393.3535 393.56 393.56 393.56 390.4304 390.46 390.46 399.4063 400.46 400.46 400.46 417.885 417.72 417.72 418.516 403.03 403.03 403.03 388.6841 388.82 388.82 389.1733 382.3 382.3 382.3 376.5859 376.64 376.64 376.64 376.6 376.6 376.6 381.9677 382.6 382.6
379.2591 379.26 379.26 380.0625 364.45 364.45 364.45 367.7513 367.72 367.72 374.9396 375.79 375.79 375.79 372.2868 372.32 372.32 372.3747 371.31 371.31 371.31 367.2395 366.76 366.76 362.794 439.95 439.95 439.95 405.7864 406.11 406.11 408.4406 363.1 363.1 363.1 358.1438 357.56 357.56 357.56 391.8447 391.52 391.52 395.0627 395.48 395.48 395.48 384.3243 384.43 384.43 389.4667 390.06 390.06 390.06 398.66 398.66 398.66 398.8979 402.1069 403.03 403.03 388.6841 388.82 388.82 389.1733 382.3 382.3 382.3 376.5859 376.64 376.64 376.6422 376.6 376.6 376.6 381.9677 382.6 382.6
379.2591 379.26 379.26 380.0625 364.45 364.45 364.45 367.7513 367.72 367.72 374.9396 375.79 375.79 375.79 372.2868 372.32 372.32 372.3747 371.31 371.31 371.31 367.2395 366.76 366.76 362.794 439.95 439.95 439.95 405.7864 406.11 406.11 408.4406 363.1 363.1 363.1 357.507 357.56 357.56 357.56 391.8447 391.52 391.52 395.0627 395.48 395.48 395.48 384.3243 384.43 384.43 389.4667 390.06 390.06 390.06 398.66 398.66 398.66 398.8979 394.27 394.27 394.27 374.6037 374.79 374.79 373.4798 398.97 398.97 398.97 417.2431 417.07 417.07 415.1648 452.23 452.23 452.23 507.756 507.23 507.23
379.26 379.26 379.26 380.0625 364.45 364.45 364.45 367.7513 367.72 367.72 374.9396 375.79 375.79 375.79 372.2868 372.32 372.32 371.4164 371.31 371.31 371.31 367.2395 366.76 366.76 362.794 439.95 439.95 439.95 405.7864 406.11 406.11 408.4406 363.1 363.1 363.1 357.507 357.56 357.56 357.56 391.8447 391.52 391.52 395.0627 395.48 395.48 395.48 384.3243 384.43 384.43 389.4667 390.06 390.06 390.06 398.66 398.66 398.66 394.7326 394.27 394.27 394.27 374.6037 374.79 374.79 373.4798 398.97 398.97 398.97 417.2431 417.07 417.07 415.1648 452.23 452.23 452.23 507.756 507.23 507.23
389.78 389.78 389.78 389.0187 405.9639 364.45 364.45 367.7513 367.72 367.72 374.9396 375.79 375.79 375.79 372.2868 372.32 372.32 371.4164 371.31 371.31 371.31 367.2395 366.76 366.76 362.794 439.95 439.95 439.95 405.7864 406.11 406.11 408.4406 363.1 363.1 363.1 357.507 357.56 357.56 355.7198 391.52 391.52 391.52 395.0627 395.48 395.48 395.48 384.3243 384.43 384.43 389.4667 390.06 390.06 390.06 398.66 398.66 398.66 394.7326 394.27 394.27 394.27 374.6037 374.79 374.79 373.4798 398.97 398.97 398.97 417.2431 417.07 417.07 415.1648 452.23 452.23 452.23 507.756 507.23 507.23
389.78 389.78 389.78 402.3495 403.83 403.83 403.83 407.2625 407.23 407.23 402.3006 401.72 401.72 401.72 389.9586 390.07 390.07 382.7609 381.9 381.9 381.9 396.8819 396.74 396.74 394.9507 429.76 429.76 429.76 411.174 411.35 411.35 408.9928 363.1 363.1 363.1 357.507 357.56 357.56 355.7198 391.52 391.52 391.52 395.0627 395.48 395.48 395.48 384.3243 384.43 384.43 389.4667 390.06 390.06 390.06 398.66 398.66 398.66 394.7326 394.27 394.27 395.3256 374.79 374.79 374.79 373.4798 398.97 398.97 398.97 417.2431 417.07 417.07 415.1648 452.23 452.23 452.23 507.756 507.23 507.23
389.78 389.78 389.78 402.3495 403.83 403.83 403.83 407.2625 407.23 407.23 402.3006 401.72 401.72 401.72 389.9586 390.07 390.07 382.7609 381.9 381.9 381.9 396.8819 396.74 396.74 394.9507 429.76 429.76 429.76 411.174 411.35 411.35 412.5465 389.27 389.27 389.27 365.3131 365.54 365.54 365.6067 364.31 364.31 364.31 397.7467 397.43 397.43 397.43 399.9842 399.96 399.96 396.632 396.24 396.24 396.24 384.01 384.01 384.01 404.5148 406.93 406.93 402.7955 483.23 373.7531 374.79 373.4798 398.97 398.97 398.97 417.2431 417.07 417.07 415.1648 452.23 452.23 452.23 507.756 507.23 507.23
