Model and model input files/precip_1984.asc
ncols         625
nrows         453
xllcorner     138621.56993419
yllcorner     4094031.9406744
cellsize      1000
NODATA_value  -9999
[rows 102 to 135 of 453, columns 154 to 230 of 625]
1050.99 1050.99 1050.99 1224.798 1245.27 1245.27 1245.27 1193.26 1193.26 1193.26 1147.348 1141.94 1141.94 1147.656 1036.45 1036.45 1036.45 1047.964 1049.32 1049.32 1049.32 1249.738 1247.84 1247.84 1247.742 1249.65 1249.65 1249.65 1174.488 1175.2 1175.2 918.541 888.31 888.31 888.31 699.4547 677.21 677.21 681.5797 596.57 596.57 596.57 558.5842 554.11 554.11 550.8891 613.55 613.55 613.55 594.0355 973.68 973.68 973.68 1098.341 1097.16 1097.16 912.241 890.46 890.46 890.46 776.541 777.62 777.62 907.1527 922.41 922.41 922.41 969.7446 975.32 -9999 -9999 -9999 -9999 -9999 -9999 -9999 -9999
1050.99 1050.99 1050.99 1247.128 1245.27 1245.27 1245.27 1193.26 1193.26 1193.26 1147.348 1141.94 1141.94 1147.656 1036.45 1036.45 1036.45 1047.964 1049.32 1049.32 1049.32 1249.738 1247.84 1247.84 1247.742 1249.65 1249.65 1249.65 1174.488 1175.2 1175.2 918.541 888.31 888.31 888.31 699.4547 677.21 677.21 681.5797 596.57 596.57 596.57 558.5842 554.11 554.11 550.8891 613.55 613.55 613.55 935.7313 973.68 973.68 973.68 1098.341 1097.16 1097.16 912.241 890.46 890.46 890.46 776.541 777.62 777.62 907.1527 922.41 922.41 922.41 969.7446 975.32 -9999 -9999 -9999 -9999 -9999 -9999 -9999 -9999
1050.99 1050.99 1050.99 1247.128 1245.27 1245.27 1245.27 1193.26 1193.26 1193.26 1147.348 1141.94 1141.94 1147.656 1036.45 1036.45 1036.45 1047.964 1049.32 1049.32 1049.32 1249.738 1247.84 1247.84 1247.742 1249.65 1249.65 1249.65 1174.488 1175.2 1175.2 918.541 888.31 888.31 888.31 675.1914 677.21 677.21 681.5797 596.57 596.57 596.57 558.5842 554.11 554.11 550.8891 613.55 613.55 613.55 935.7313 973.68 973.68 973.68 1098.341 1097.16 1097.16 912.241 890.46 890.46 890.46 776.541 777.62 777.62 907.1527 922.41 922.41 922.41 969.7446 975.32 -9999 -9999 -9999 -9999 -9999 -9999 -9999 -9999
1053.94 1053.94 1053.94 1063.834 1063.74 1063.74 1067.132 1001.15 1001.15 1001.15 1102.753 1114.72 1114.72 1107.127 1254.85 1254.85 1254.85 1238.29 1236.34 1236.34 1230.164 1350.31 1350.31 1350.31 1343.562 1474.84 1474.84 1474.84 1357.822 1358.93 1368.886 918.541 888.31 888.31 888.31 675.1914 677.21 677.21 681.5797 596.57 596.57 596.57 558.5842 554.11 554.11 550.8891 613.55 613.55 613.55 935.7313 973.68 973.68 973.68 1098.341 1097.16 1097.16 912.241 890.46 890.46 890.46 776.541 777.62 777.62 907.1527 922.41 922.41 922.41 969.7446 975.32 -9999 -9999 -9999 -9999 -9999 -9999 -9999 -9999
1053.94 1053.94 1053.94 1063.834 1063.74 1063.74 1067.132 1001.15 1001.15 1001.15 1102.753 1114.72 1114.72 1107.127 1254.85 1254.85 1254.85 1238.29 1236.34 1236.34 1230.164 1350.31 1350.31 1350.31 1343.562 1474.84 1474.84 1474.84 1357.822 1358.93 1358.93 1130.738 1103.86 1103.86 1103.86 828.9259 831.53 831.53 836.4399 740.92 740.92 740.92 666.7914 658.06 658.06 659.8108 625.75 625.75 625.75 688.4453 695.83 695.83 695.83 743.9962 743.54 743.54 713.8027 710.3 710.3 710.3 761.9391 761.45 761.45 724.0457 719.64 719.64 719.64 745.2324 744.99 -9999 -9999 -9999 -9999 -9999 -9999 -9999 -9999
1053.94 1053.94 1053.94 1063.834 1063.74 1063.74 1067.132 1001.15 1001.15 1001.15 1102.753 1114.72 1114.72 1107.127 1254.85 1254.85 1254.85 1238.29 1236.34 1236.34 1230.164 1350.31 1350.31 1350.31 1343.562 1474.84 1474.84 1474.84 1357.822 1358.93 1358.93 1130.738 1103.86 1103.86 1103.86 828.9259 831.53 831.53 750.468 740.92 740.92 740.92 666.7914 658.06 658.06 659.8108 625.75 625.75 625.75 688.4453 695.83 695.83 693.2448 743.54 743.54 743.54 713.8027 710.3 710.3 710.3 761.9391 761.45 761.45 724.0457 719.64 719.64 719.64 745.2324 744.99 -9999 -9999 -9999 -9999 -9999 -9999 -9999 -9999
1053.94 1053.94 1053.94 1063.834 1063.74 1063.74 1067.132 1001.15 1001.15 1001.15 1115.806 1114.72 1114.72 1107.127 1254.85 1254.85 1254.85 1238.29 1236.34 1236.34 1230.164 1350.31 1350.31 1350.31 1461.718 1474.84 1474.84 1474.84 1357.822 1358.93 1358.93 1130.738 1103.86 1103.86 1103.86 828.9259 831.53 831.53 750.468 740.92 740.92 740.92 666.7914 658.06 658.06 659.8108 625.75 625.75 625.75 688.4453 695.83 695.83 693.2448 743.54 743.54 743.54 713.8027 710.3 710.3 710.3 761.9391 761.45 761.45 724.0457 719.64 719.64 719.64 745.2324 744.99 -9999 -9999 -9999 -9999 -9999 -9999 -9999 -9999
1053.94 1053.94 1053.94 1063.834 1063.74 1063.74 1067.132 1001.15 1001.15 1001.15 1115.806 1114.72 1114.72 1107.127 1254.85 1254.85 1254.85 1238.29 1236.34 1236.34 1230.164 1350.31 1350.31 1350.31 1461.718 1474.84 1474.84 1474.84 1357.822 1358.93 1358.93 1130.738 1103.86 1103.86 1103.86 828.9259 831.53 831.53 750.468 740.92 740.92 740.92 666.7914 658.06 658.06 659.8108 625.75 625.75 625.75 688.4453 695.83 695.83 693.2448 743.54 743.54 743.54 713.8027 710.3 710.3 710.3 761.9391 761.45 761.45 724.0457 719.64 719.64 719.64 745.2324 744.99 -9999 -9999 -9999 -9999 -9999 -9999 -9999 -9999
1039.72 1039.72 1039.72 1244.792 1242.85 1242.85 1245.64 1191.37 1191.37 1191.37 1073.705 1074.82 1074.82 1064.547 1264.4 1264.4 1264.4 1411.199 1428.49 1428.49 1424.776 1497.02 1497.02 1497.02 1416.414 1406.92 1406.92 1406.92 1218.263 1220.05 1220.05 1109.591 1096.58 1096.58 1096.58 1007.663 831.53 831.53 750.468 740.92 740.92 740.92 666.7914 658.06 658.06 659.8108 625.75 625.75 625.75 688.4453 695.83 695.83 693.2448 743.54 743.54 743.54 713.8027 710.3 710.3 710.3 761.9391 761.45 761.45 724.0457 719.64 719.64 719.64 745.2324 744.99 -9999 -9999 -9999 -9999 -9999 -9999 -9999 -9999
1039.72 1039.72 1039.72 1244.792 1242.85 1242.85 1245.64 1191.37 1191.37 1191.37 1073.705 1074.82 1074.82 1064.547 1264.4 1264.4 1264.4 1411.199 1428.49 1428.49 1424.776 1497.02 1497.02 1497.02 1416.414 1406.92 1406.92 1417.046 1220.05 1220.05 1220.05 1109.591 1096.58 1096.58 1096.58 998.5616 999.49 999.49 868.8748 853.49 853.49 853.49 717.613 718.9 718.9 722.4119 654.09 654.09 654.09 666.1764 667.6 667.6 667.348 672.25 672.25 672.25 731.0873 730.53 730.53 730.53 779.5544 779.09 779.09 717.665 710.43 710.43 710.43 742.0394 741.74 -9999 -9999 -9999 -9999 -9999 -9999 -9999 -9999
1039.72 1039.72 1039.72 1244.792 1242.85 1242.85 1245.64 1191.37 1191.37 1191.37 1073.705 1074.82 1074.82 1244.423 1264.4 1264.4 1264.4 1411.199 1428.49 1428.49 1424.776 1497.02 1497.02 1497.02 1416.414 1406.92 1406.92 1417.046 1220.05 1220.05 1220.05 1109.591 1096.58 1096.58 1096.58 998.5616 999.49 999.49 868.8748 853.49 853.49 853.49 717.613 718.9 718.9 722.4119 654.09 654.09 654.09 666.1764 667.6 667.6 667.348 672.25 672.25 672.25 731.0873 730.53 730.53 730.53 779.5544 779.09 779.09 717.665 710.43 710.43 710.43 742.0394 741.74 -9999 -9999 -9999 -9999 -9999 -9999 -9999 -9999
1039.72 1039.72 1039.72 1244.792 1242.85 1242.85 1245.64 1191.37 1191.37 1191.37 1073.705 1074.82 1074.82 1244.423 1264.4 1264.4 1264.4 1411.199 1428.49 1428.49 1424.776 1497.02 1497.02 1497.02 1416.414 1406.92 1406.92 1417.046 1220.05 1220.05 1220.05 1109.591 1096.58 1096.58 1096.58 998.5616 999.49 999.49 868.8748 853.49 853.49 853.49 717.613 718.9 718.9 722.4119 654.09 654.09 654.09 666.1764 667.6 667.6 667.348 672.25 672.25 672.25 731.0873 730.53 730.53 730.53 779.5544 779.09 779.09 717.665 710.43 710.43 710.43 742.0394 741.74 -9999 -9999 -9999 -9999 -9999 -9999 -9999 -9999
977.92 977.92 962.5367 1261.81 1261.81 1261.81 1245.635 1560.32 1560.32 1560.32 1270.02 1272.77 1272.77 1148.507 1265.648 1264.4 1264.4 1411.199 1428.49 1428.49 1424.776 1497.02 1497.02 1497.02 1416.414 1406.92 1406.92 1417.046 1220.05 1220.05 1220.05 1109.591 1096.58 1096.58 1096.58 998.5616 999.49 999.49 868.8748 853.49 853.49 853.49 717.613 718.9 718.9 722.4119 654.09 654.09 654.09 666.1764 667.6 667.6 667.348 672.25 672.25 672.25 731.0873 730.53 730.53 727.8987 779.09 779.09 779.09 717.665 710.43 710.43 710.43 742.0394 741.74 -9999 -9999 -9999 -9999 -9999 -9999 -9999 -9999
977.92 977.92 962.5367 1261.81 1261.81 1261.81 1245.635 1560.32 1560.32 1560.32 1270.02 1272.77 1272.77 1148.507 1133.87 1133.87 1133.87 1268.223 1266.95 1266.95 1250.772 1565.5 1565.5 1565.5 1537.793 1534.53 1534.53 1532.405 1573.75 1573.75 1573.75 1446.535 1447.74 1447.74 1447.74 1090.89 1094.27 1094.27 919.7286 899.17 899.17 899.17 896.3634 896.39 896.39 865.3912 861.74 861.74 861.74 912.179 918.12 918.12 929.054 716.34 716.34 716.34 731.0873 730.53 730.53 727.8987 779.09 779.09 779.09 717.665 710.43 710.43 710.43 742.0394 741.74 -9999 -9999 -9999 -9999 -9999 -9999 -9999 -9999
977.92 977.92 962.5367 1261.81 1261.81 1261.81 1245.635 1560.32 1560.32 1560.32 1270.02 1272.77 1272.77 1148.507 1133.87 1133.87 1133.87 1268.223 1266.95 1266.95 1250.772 1565.5 1565.5 1565.5 1537.793 1534.53 1534.53 1532.405 1573.75 1573.75 1573.75 1446.535 1447.74 1447.74 1447.74 1090.89 1094.27 1094.27 919.7286 899.17 899.17 899.17 896.3634 896.39 896.39 865.3912 861.74 861.74 861.74 912.179 918.12 918.12 929.054 716.34 716.34 716.34 683.6907 684 684 684.608 672.78 672.78 672.78 767.1182 778.23 778.23 778.23 813.7464 813.41 -9999 -9999 -9999 -9999 -9999 -9999 -9999 -9999
977.92 977.92 962.5367 1261.81 1261.81 1261.81 1245.635 1560.32 1560.32 1560.32 1270.02 1272.77 1272.77 1148.507 1133.87 1133.87 1133.87 1268.223 1266.95 1266.95 1250.772 1565.5 1565.5 1565.5 1537.793 1534.53 1534.53 1532.405 1573.75 1573.75 1573.75 1446.535 1447.74 1447.74 1447.74 1090.89 1094.27 1094.27 919.7286 899.17 899.17 899.17 896.3634 896.39 896.39 865.3912 861.74 861.74 861.74 912.179 918.12 918.12 929.054 716.34 716.34 716.34 683.6907 684 684 684.608 672.78 672.78 672.78 767.1182 778.23 778.23 778.23 813.7464 813.41 -9999 -9999 -9999 -9999 -9999 -9999 -9999 -9999
977.92 977.92 962.5367 1261.81 1261.81 1261.81 1528.865 1560.32 1560.32 1560.32 1270.02 1272.77 1272.77 1148.507 1133.87 1133.87 1133.87 1268.223 1266.95 1266.95 1534.04 1565.5 1565.5 1565.5 1537.793 1534.53 1534.53 1532.405 1573.75 1573.75 1573.75 1446.535 1447.74 1447.74 1466.894 1094.27 1094.27 1094.27 919.7286 899.17 899.17 899.17 896.3634 896.39 896.39 865.3912 861.74 861.74 861.74 918.6591 918.12 918.12 929.054 716.34 716.34 716.34 683.6907 684 684 684.608 672.78 672.78 672.78 767.1182 778.23 778.23 778.23 813.7464 813.41 -9999 -9999 -9999 -9999 -9999 -9999 -9999 -9999
1212.77 1212.77 1200.844 1432.85 1432.85 1432.85 1577.618 1594.67 1594.67 1594.67 1496.904 1497.83 1497.83 1496.873 1496.76 1496.76 1496.76 1488.381 1488.46 1488.46 1589.32 1601.2 1601.2 1601.2 1491.09 1478.12 1478.12 1487.628 1302.66 1302.66 1302.66 1114.089 1447.74 1447.74 1466.894 1094.27 1094.27 1094.27 919.7286 899.17 899.17 899.17 896.3634 896.39 896.39 865.3912 861.74 861.74 861.74 918.6591 918.12 918.12 929.054 716.34 716.34 716.34 683.6907 684 684 684.608 672.78 672.78 672.78 779.2383 778.23 778.23 778.23 813.7464 813.41 -9999 -9999 -9999 -9999 -9999 -9999 -9999 -9999
1212.77 1212.77 1200.844 1432.85 1432.85 1432.85 1577.618 1594.67 1594.67 1594.67 1496.904 1497.83 1497.83 1496.873 1496.76 1496.76 1496.76 1488.381 1488.46 1488.46 1589.32 1601.2 1601.2 1601.2 1491.09 1478.12 1478.12 1487.628 1302.66 1302.66 1302.66 1131.156 1132.78 1132.78 1145.34 900.99 900.99 900.99 756.0876 739.02 739.02 739.02 764.3499 764.11 764.11 909.4239 926.54 926.54 926.54 923.8445 923.87 923.87 937.9604 663.84 663.84 663.84 500.5836 502.13 502.13 501.3773 516.02 516.02 516.02 706.6355 704.83 704.83 704.83 669.3439 669.68 -9999 -9999 -9999 -9999 -9999 -9999 -9999 -9999
1212.77 1212.77 1200.844 1432.85 1432.85 1432.85 1577.618 1594.67 1594.67 1599.918 1497.83 1497.83 1497.83 1496.873 1496.76 1496.76 1496.76 1488.381 1488.46 1488.46 1589.32 1601.2 1601.2 1601.2 1476.943 1478.12 1478.12 1487.628 1302.66 1302.66 1302.66 1131.156 1132.78 1132.78 1145.34 900.99 900.99 900.99 756.0876 739.02 739.02 739.02 764.3499 764.11 764.11 909.4239 926.54 926.54 926.54 923.8445 923.87 923.87 937.9604 663.84 663.84 663.84 500.5836 502.13 502.13 501.3773 516.02 516.02 516.02 706.6355 704.83 704.83 704.83 669.3439 669.68 -9999 -9999 -9999 -9999 -9999 -9999 -9999 -9999
1212.77 1212.77 1200.844 1432.85 1432.85 1432.85 1577.618 1594.67 1594.67 1599.918 1497.83 1497.83 1497.83 1496.873 1496.76 1496.76 1496.76 1488.381 1488.46 1488.46 1589.32 1601.2 1601.2 1601.2 1476.943 1478.12 1478.12 1487.628 1302.66 1302.66 1302.66 1131.156 1132.78 1132.78 1145.34 900.99 900.99 900.99 737.4712 739.02 739.02 739.02 764.3499 764.11 764.11 909.4239 926.54 926.54 926.54 923.8445 923.87 923.87 691.2407 663.84 663.84 663.84 500.5836 502.13 502.13 501.3773 516.02 516.02 516.02 706.6355 704.83 704.83 704.83 669.3439 669.68 -9999 -9999 -9999 -9999 -9999 -9999 -9999 -9999
1212.77 1212.77 1200.844 1432.85 1432.85 1432.85 1577.618 1594.67 1594.67 1599.918 1497.83 1497.83 1497.83 1496.873 1496.76 1496.76 1496.76 1488.381 1488.46 1488.46 1589.32 1601.2 1601.2 1601.2 1476.943 1478.12 1478.12 1487.628 1302.66 1302.66 1302.66 1131.156 1132.78 1132.78 1145.34 900.99 900.99 900.99 737.4712 739.02 739.02 739.02 764.3499 764.11 764.11 909.4239 926.54 926.54 926.54 923.8445 923.87 923.87 691.2407 663.84 663.84 663.84 500.5836 502.13 502.13 501.3773 516.02 516.02 516.02 706.6355 704.83 704.83 706.7347 669.68 669.68 -9999 -9999 -9999 -9999 -9999 -9999 -9999 -9999
1506.61 1506.61 1507.182 1496.06 1496.06 1496.06 1493.877 1493.62 1493.62 1491.968 1524.1 1524.1 1524.1 1521.021 1521.05 1521.05 1521.05 1589.397 1588.75 1588.75 1625.34 1629.65 1629.65 1629.65 1466.434 1467.98 1467.98 1487.815 1101.94 1101.94 1101.94 857.1413 859.46 859.46 867.9285 703.18 703.18 703.18 589.7253 590.8 590.8 590.8 555.8489 556.18 556.18 575.1103 577.34 577.34 577.34 573.3118 573.35 554.3562 691.2407 663.84 663.84 663.84 500.5836 502.13 502.13 501.3773 516.02 516.02 516.02 706.6355 704.83 704.83 706.7347 669.68 669.68 -9999 -9999 -9999 -9999 -9999 -9999 -9999 -9999
1506.61 1506.61 1507.182 1496.06 1496.06 1496.06 1493.877 1493.62 1493.62 1491.968 1524.1 1524.1 1524.1 1521.021 1521.05 1521.05 1521.05 1589.397 1588.75 1588.75 1625.34 1629.65 1629.65 1629.65 1466.434 1467.98 1467.98 1140.511 1101.94 1101.94 1101.94 857.1413 859.46 859.46 867.9285 703.18 703.18 703.18 589.7253 590.8 590.8 592.676 556.18 556.18 556.18 575.1103 577.34 577.34 577.34 573.3118 573.35 573.35 493.5852 484.19 484.19 484.19 453.3176 453.61 453.61 453.3353 458.68 458.68 458.68 550.2574 549.39 549.39 551.4968 510.51 510.51 -9999 -9999 -9999 -9999 -9999 -9999 -9999 -9999
1506.61 1506.61 1497.316 1496.06 1496.06 1496.06 1493.91 1493.62 1493.62 1493.62 1524.1 1524.1 1524.1 1521.05 1521.05 1521.05 1521.05 1588.75 1588.75 1588.75 1624.781 1629.65 1629.65 1629.65 1467.98 1467.98 1467.98 1145.513 1101.94 1101.94 1101.94 859.46 859.46 859.46 859.46 703.18 703.18 703.18 590.8 590.8 590.8 590.8 556.18 556.18 556.18 574.8212 577.34 577.34 577.34 573.35 573.35 573.35 494.8036 484.19 484.19 484.19 453.61 453.61 453.61 453.61 458.68 458.68 458.68 549.39 549.39 549.39 549.39 510.51 510.51 -9999 -9999 -9999 -9999 -9999 -9999 -9999 -9999
-9999 -9999 -9999 -9999 -9999 -9999 -9999 -9999 -9999 -9999 -9999 -9999 -9999 -9999 -9999 -9999 -9999 -9999 -9999 -9999 -9999 -9999 -9999 -9999 -9999 -9999 -9999 -9999 -9999 -9999 -9999 -9999 -9999 -9999 -9999 -9999 -9999 -9999 -9999 -9999 -9999 -9999 -9999 -9999 -9999 -9999 -9999 -9999 -9999 -9999 -9999 -9999 -9999 -9999 -9999 -9999 -9999 -9999 -9999 -9999 -9999 -9999 -9999 -9999 -9999 -9999 -9999 -9999 -9999 -9999 -9999 -9999 -9999 -9999 -9999 -9999 -9999
-9999 -9999 -9999 -9999 -9999 -9999 -9999 -9999 -9999 -9999 -9999 -9999 -9999 -9999 -9999 -9999 -9999 -9999 -9999 -9999 -9999 -9999 -9999 -9999 -9999 -9999 -9999 -9999 -9999 -9999 -9999 -9999 -9999 -9999 -9999 -9999 -9999 -9999 -9999 -9999 -9999 -9999 -9999 -9999 -9999 -9999 -9999 -9999 -9999 -9999 -9999 -9999 -9999 -9999 -9999 -9999 -9999 -9999 -9999 -9999 -9999 -9999 -9999 -9999 -9999 -9999 -9999 -9999 -9999 -9999 -9999 -9999 -9999 -9999 -9999 -9999 -9999
-9999 -9999 -9999 -9999 -9999 -9999 -9999 -9999 -9999 -9999 -9999 -9999 -9999 -9999 -9999 -9999 -9999 -9999 -9999 -9999 -9999 -9999 -9999 -9999 -9999 -9999 -9999 -9999 -9999 -9999 -9999 -9999 -9999 -9999 -9999 -9999 -9999 -9999 -9999 -9999 -9999 -9999 -9999 -9999 -9999 -9999 -9999 -9999 -9999 -9999 -9999 -9999 -9999 -9999 -9999 -9999 -9999 -9999 -9999 -9999 -9999 -9999 -9999 -9999 -9999 -9999 -9999 -9999 -9999 -9999 -9999 -9999 -9999 -9999 -9999 -9999 -9999
-9999 -9999 -9999 -9999 -9999 -9999 -9999 -9999 -9999 -9999 -9999 -9999 -9999 -9999 -9999 -9999 -9999 -9999 -9999 -9999 -9999 -9999 -9999 -9999 -9999 -9999 -9999 -9999 -9999 -9999 -9999 -9999 -9999 -9999 -9999 -9999 -9999 -9999 -9999 -9999 -9999 -9999 -9999 -9999 -9999 -9999 -9999 -9999 -9999 -9999 -9999 -9999 -9999 -9999 -9999 -9999 -9999 -9999 -9999 -9999 -9999 -9999 -9999 -9999 -9999 -9999 -9999 -9999 -9999 -9999 -9999 -9999 -9999 -9999 -9999 -9999 -9999
-9999 -9999 -9999 -9999 -9999 -9999 -9999 -9999 -9999 -9999 -9999 -9999 -9999 -9999 -9999 -9999 -9999 -9999 -9999 -9999 -9999 -9999 -9999 -9999 -9999 -9999 -9999 -9999 -9999 -9999 -9999 -9999 -9999 -9999 -9999 -9999 -9999 -9999 -9999 -9999 -9999 -9999 -9999 -9999 -9999 -9999 -9999 -9999 -9999 -9999 -9999 -9999 -9999 -9999 -9999 -9999 -9999 -9999 -9999 -9999 -9999 -9999 -9999 -9999 -9999 -9999 -9999 -9999 -9999 -9999 -9999 -9999 -9999 -9999 -9999 -9999 -9999
-9999 -9999 -9999 -9999 -9999 -9999 -9999 -9999 -9999 -9999 -9999 -9999 -9999 -9999 -9999 -9999 -9999 -9999 -9999 -9999 -9999 -9999 -9999 -9999 -9999 -9999 -9999 -9999 -9999 -9999 -9999 -9999 -9999 -9999 -9999 -9999 -9999 -9999 -9999 -9999 -9999 -9999 -9999 -9999 -9999 -9999 -9999 -9999 -9999 -9999 -9999 -9999 -9999 -9999 -9999 -9999 -9999 -9999 -9999 -9999 -9999 -9999 -9999 -9999 -9999 -9999 -9999 -9999 -9999 -9999 -9999 -9999 -9999 -9999 -9999 -9999 -9999
-9999 -9999 -9999 -9999 -9999 -9999 -9999 -9999 -9999 -9999 -9999 -9999 -9999 -9999 -9999 -9999 -9999 -9999 -9999 -9999 -9999 -9999 -9999 -9999 -9999 -9999 -9999 -9999 -9999 -9999 -9999 -9999 -9999 -9999 -9999 -9999 -9999 -9999 -9999 -9999 -9999 -9999 -9999 -9999 -9999 -9999 -9999 -9999 -9999 -9999 -9999 -9999 -9999 -9999 -9999 -9999 -9999 -9999 -9999 -9999 -9999 -9999 -9999 -9999 -9999 -9999 -9999 -9999 -9999 -9999 -9999 -9999 -9999 -9999 -9999 -9999 -9999
-9999 -9999 -9999 -9999 -9999 -9999 -9999 -9999 -9999 -9999 -9999 -9999 -9999 -9999 -9999 -9999 -9999 -9999 -9999 -9999 -9999 -9999 -9999 -9999 -9999 -9999 -9999 -9999 -9999 -9999 -9999 -9999 -9999 -9999 -9999 -9999 -9999 -9999 -9999 -9999 -9999 -9999 -9999 -9999 -9999 -9999 -9999 -9999 -9999 -9999 -9999 -9999 -9999 -9999 -9999 -9999 -9999 -9999 -9999 -9999 -9999 -9999 -9999 -9999 -9999 -9999 -9999 -9999 -9999 -9999 -9999 -9999 -9999 -9999 -9999 -9999 -9999
-9999 -9999 -9999 -9999 -9999 -9999 -9999 -9999 -9999 -9999 -9999 -9999 -9999 -9999 -9999 -9999 -9999 -9999 -9999 -9999 -9999 -9999 -9999 -9999 -9999 -9999 -9999 -9999 -9999 -9999 -9999 -9999 -9999 -9999 -9999 -9999 -9999 -9999 -9999 -9999 -9999 -9999 -9999 -9999 -9999 -9999 -9999 -9999 -9999 -9999 -9999 -9999 -9999 -9999 -9999 -9999 -9999 -9999 -9999 -9999 -9999 -9999 -9999 -9999 -9999 -9999 -9999 -9999 -9999 -9999 -9999 -9999 -9999 -9999 -9999 -9999 -9999
