Model and model input files/precip_2004.asc
ncols         625
nrows         453
xllcorner     138621.56993419
yllcorner     4094031.9406744
cellsize      1000
NODATA_value  -9999
[rows 102 to 135 of 453, columns 77 to 153 of 625]
319.82 319.82 329.2493 299.6606 299.94 300.1815 300.21 300.21 300.21 302.6792 302.97 302.97 302.5674 310.4 310.4 310.4 343.5439 343.23 343.23 340.4556 394.43 394.43 394.43 433.5251 438.13 438.13 438.13 393.7799 394.2 394.2 422.6759 426.03 426.03 426.03 484.3524 483.8 483.8 483.2207 494.49 494.49 494.49 492.9756 492.99 492.99 492.1154 509.13 509.13 509.13 509.5742 509.57 509.57 509.57 597.2505 596.42 596.42 641.2855 646.57 646.57 646.57 641.04 641.04 641.04 691.8815 697.87 697.87 697.87 906.5264 904.55 904.55 907.9091 842.56 842.56 842.56 630.986 632.99 632.99 628.7747
319.82 319.82 329.2493 329.16 329.16 301.2656 297.98 297.98 297.98 289.0338 287.98 287.98 287.4923 296.98 296.98 296.98 338.0692 337.68 337.68 336.1898 365.18 365.18 365.18 370.172 370.76 370.76 370.76 362.098 362.18 360.4449 422.6759 426.03 426.03 426.03 484.3524 483.8 483.8 483.2207 494.49 494.49 494.49 492.9756 492.99 492.99 492.1154 509.13 509.13 509.13 509.5742 509.57 509.57 509.57 597.2505 596.42 596.42 641.2855 646.57 646.57 646.57 641.04 641.04 641.04 691.8815 697.87 697.87 686.6705 904.55 904.55 904.55 907.9091 842.56 842.56 842.56 630.986 632.99 632.99 628.7747
319.82 319.82 329.2493 329.16 329.16 301.2656 297.98 297.98 297.98 287.8844 287.98 287.98 287.4923 296.98 296.98 296.98 338.0692 337.68 337.68 336.1898 365.18 365.18 365.18 370.8134 370.76 370.76 370.76 362.098 362.18 362.18 398.7165 403.02 403.02 403.02 485.0167 484.24 484.24 462.7153 460.18 460.18 460.18 463.9255 463.89 463.89 462.6242 487.25 487.25 487.25 498.6581 498.55 498.55 496.4676 536.98 536.98 536.98 646.8757 659.82 659.82 659.82 650.4328 641.04 641.04 691.8815 697.87 697.87 686.6705 904.55 904.55 904.55 907.9091 842.56 842.56 842.56 630.986 632.99 632.99 628.7747
319.82 319.82 329.2493 329.16 329.16 301.2656 297.98 297.98 297.98 287.8844 287.98 287.98 287.4923 296.98 296.98 296.98 338.0692 337.68 337.68 336.1898 365.18 365.18 365.18 370.8134 370.76 370.76 370.76 362.098 362.18 362.18 398.7165 403.02 403.02 403.02 485.0167 484.24 484.24 462.7153 460.18 460.18 460.18 463.9255 463.89 463.89 462.6242 487.25 487.25 487.25 498.6581 498.55 498.55 496.4676 536.98 536.98 536.98 646.8757 659.82 659.82 659.82 649.95 649.95 649.95 672.2709 674.9 674.9 673.1731 706.77 706.77 706.77 708.5273 674.34 674.34 674.34 627.3954 627.84 627.84 624.3547
319.82 319.82 329.2493 329.16 329.16 301.2656 297.98 297.98 297.98 287.8844 287.98 287.98 296.0316 296.98 296.98 296.98 338.0692 337.68 337.68 336.1898 365.18 365.18 365.18 370.8134 370.76 370.76 371.2249 362.18 362.18 362.18 398.7165 403.02 403.02 403.02 485.0167 484.24 484.24 462.7153 460.18 460.18 460.18 463.89 463.89 463.89 462.6242 487.25 487.25 487.25 498.6581 498.55 498.55 496.4676 536.98 536.98 536.98 660.9947 659.82 659.82 659.82 649.95 649.95 649.95 672.2709 674.9 674.9 673.1731 706.77 706.77 706.77 677.7573 674.34 674.34 674.34 627.3954 627.84 627.84 624.3547
312.03 312.03 311.0911 311.1 311.1 300.1677 298.88 298.88 298.88 322.6653 322.44 322.44 319.4878 319.14 319.14 296.7681 338.0692 337.68 337.68 336.1898 365.18 365.18 365.18 370.8134 370.76 370.76 371.2249 362.18 362.18 362.18 398.7165 403.02 403.02 403.02 485.0167 484.24 484.24 462.7153 460.18 460.18 460.18 463.89 463.89 463.89 462.6242 487.25 487.25 487.25 498.6581 498.55 498.55 496.4676 536.98 536.98 536.98 660.9947 659.82 659.82 659.82 649.95 649.95 649.95 672.2709 674.9 674.9 673.1731 706.77 706.77 706.77 677.7573 674.34 674.34 674.34 627.3954 627.84 627.84 624.3547
312.03 312.0804 311.1 311.1 311.1 300.1677 298.88 298.88 298.88 322.6653 322.44 322.44 319.4878 319.14 319.14 319.14 320.5534 320.54 320.54 318.7686 353.23 353.23 353.23 335.8151 335.98 335.98 335.921 337.07 337.07 337.07 376.1293 380.73 380.73 380.73 380.8209 380.82 380.82 368.9573 367.56 367.56 367.56 386.73 386.73 464.6279 462.6242 487.25 487.25 487.25 498.6581 498.55 498.55 496.4676 536.98 536.98 536.98 660.9947 659.82 659.82 659.82 649.95 649.95 649.95 672.2709 674.9 674.9 673.1731 706.77 706.77 706.77 677.7573 674.34 674.34 674.34 627.3954 627.84 627.84 624.3547
312.03 312.0804 311.1 311.1 311.1 300.1677 298.88 298.88 298.88 322.6653 322.44 322.44 319.4878 319.14 319.14 319.14 320.54 320.54 320.54 318.7686 353.23 353.23 353.23 335.8151 335.98 335.98 335.921 337.07 337.07 337.07 381.1475 380.73 380.73 380.73 380.8209 380.82 380.82 368.9573 367.56 367.56 367.56 386.73 386.73 386.73 398.2885 399.65 399.65 399.65 426.2116 425.96 425.96 424.0445 461.31 461.31 461.31 537.2493 536.53 536.53 533.6467 589.74 589.74 589.74 620.5419 624.17 624.17 626.6165 579.02 579.02 579.02 565.0101 563.36 563.36 563.3161 564.17 564.17 628.4489 624.3547
312.03 312.0804 311.1 311.1 311.1 300.1677 298.88 298.88 298.88 322.6653 322.44 322.44 319.4878 319.14 319.14 319.14 320.54 320.54 320.54 318.7686 353.23 353.23 353.23 335.8151 335.98 335.98 335.921 337.07 337.07 337.07 381.1475 380.73 380.73 380.73 380.8209 380.82 380.82 368.9573 367.56 367.56 367.56 386.73 386.73 386.73 398.2885 399.65 399.65 399.65 426.2116 425.96 425.96 424.0445 461.31 461.31 461.31 537.2493 536.53 536.53 533.6467 589.74 589.74 589.74 620.5419 624.17 624.17 626.6165 579.02 579.02 579.02 565.0101 563.36 563.36 563.3161 564.17 564.17 564.17 558.4695
312.03 312.0804 311.1 311.1 311.1 298.7632 298.88 298.88 298.88 322.6653 322.44 322.44 319.4878 319.14 319.14 319.14 320.54 320.54 320.54 349.7853 353.23 353.23 353.23 335.8151 335.98 335.98 335.921 337.07 337.07 337.07 381.1475 380.73 380.73 380.7251 380.82 380.82 380.82 368.9573 367.56 367.56 367.56 386.73 386.73 386.73 398.2885 399.65 399.65 398.2243 425.96 425.96 425.96 424.0445 461.31 461.31 461.31 537.2493 536.53 536.53 533.6467 589.74 589.74 589.74 620.5419 624.17 624.17 626.6165 579.02 579.02 579.02 565.0101 563.36 563.36 563.3161 564.17 564.17 564.17 558.4695
320.9 321.0295 318.51 318.51 318.51 298.3591 298.55 298.55 298.55 313.8651 313.72 313.72 340.8987 344.1 344.1 344.1 354.9 354.9 354.9 368.5699 370.18 370.18 370.18 401.7995 401.5 401.5 403.7119 339.5579 337.07 337.07 381.1475 380.73 380.73 380.7251 380.82 380.82 380.82 368.9573 367.56 367.56 367.56 386.73 386.73 386.73 398.2885 399.65 399.65 398.2243 425.96 425.96 425.96 424.0445 461.31 461.31 461.31 537.2493 536.53 536.53 533.6467 589.74 589.74 589.74 624.4992 624.17 624.17 626.6165 579.02 579.02 579.02 565.0101 563.36 563.36 563.3161 564.17 564.17 564.17 658.2845
320.9 321.0295 318.51 318.51 318.51 298.3591 298.55 298.55 297.728 313.72 313.72 313.72 340.8987 344.1 344.1 344.1 354.9 354.9 354.9 368.5699 370.18 370.18 368.4828 401.5 401.5 401.5 403.7119 360.68 360.68 360.68 393.3293 393.02 393.02 393.6247 381.86 381.86 381.86 413.4492 417.17 417.17 417.17 398.43 398.43 398.43 413.1376 414.87 414.87 412.1032 465.93 465.93 465.93 464.2616 496.72 496.72 496.72 519.3443 519.13 536.6964 533.6467 589.74 589.74 589.74 624.4992 624.17 624.17 626.6165 579.02 579.02 579.02 565.0101 563.36 563.36 563.3161 564.17 564.17 564.17 658.2845
320.9 321.0295 318.51 318.51 318.51 298.3591 298.55 298.55 297.728 313.72 313.72 313.72 340.8987 344.1 344.1 344.1 354.9 354.9 354.9 368.5699 370.18 370.18 368.4828 401.5 401.5 401.5 403.7119 360.68 360.68 360.68 393.3293 393.02 393.02 393.6247 381.86 381.86 381.86 417.5077 417.17 417.17 417.17 398.43 398.43 398.43 413.1376 414.87 414.87 412.1032 465.93 465.93 465.93 493.4755 496.72 496.72 496.72 519.3443 519.13 519.13 518.6981 527.1 527.1 527.1 554.0755 553.82 553.82 648.8739 660.07 660.07 660.07 677.5868 679.65 679.65 682.024 635.84 635.84 635.84 645.5646
320.9 321.0295 318.51 318.51 318.51 298.3591 298.55 298.55 297.728 313.72 313.72 313.72 344.3905 344.1 344.1 344.1 354.9 354.9 354.9 368.5699 370.18 370.18 368.4828 401.5 401.5 401.5 403.7119 360.68 360.68 360.68 393.3293 393.02 393.02 393.6247 381.86 381.86 381.86 417.5077 417.17 417.17 417.17 398.43 398.43 398.43 413.1376 414.87 414.87 412.1032 465.93 465.93 465.93 493.4755 496.72 496.72 496.72 519.3443 519.13 519.13 518.6981 527.1 527.1 527.1 554.0755 553.82 553.82 648.8739 660.07 660.07 660.07 677.5868 679.65 679.65 682.024 635.84 635.84 635.84 645.5646
335.22 336.0052 320.73 320.8503 318.51 298.3591 298.55 298.55 297.728 313.72 313.72 313.72 344.3905 344.1 344.1 344.1 354.9 354.9 354.9 368.5699 370.18 370.18 368.4828 401.5 401.5 401.5 364.9814 360.68 360.68 360.68 393.3293 393.02 393.02 393.6247 381.86 381.86 381.86 417.5077 417.17 417.17 418.1855 398.43 398.43 398.43 413.1376 414.87 414.87 412.1032 465.93 465.93 465.93 493.4755 496.72 496.72 496.72 519.3443 519.13 519.13 518.6981 527.1 527.1 527.1 554.0755 553.82 553.82 648.8739 660.07 660.07 660.07 677.5868 679.65 679.65 682.024 635.84 635.84 635.84 645.5646
335.22 322.2569 320.73 320.73 320.73 322.3655 322.35 322.35 320.2231 361.6 361.6 361.6 380.7009 380.52 380.52 380.52 390.62 390.62 390.62 419.7132 423.14 423.14 420.5807 470.37 470.37 470.37 459.6255 458.36 458.36 458.36 398.7754 393.02 393.02 393.6247 381.86 381.86 381.86 417.5077 417.17 417.17 418.1855 398.43 398.43 398.43 413.1376 414.87 414.87 412.1032 465.93 465.93 465.93 493.4755 496.72 496.72 495.5056 519.13 519.13 519.13 518.6981 527.1 527.1 527.1 554.0755 553.82 553.82 648.8739 660.07 660.07 660.07 679.8373 679.65 679.65 682.024 635.84 635.84 635.84 645.5646
335.22 322.2569 320.73 320.73 320.73 322.3655 322.35 322.35 320.2231 361.6 361.6 361.6 380.7009 380.52 380.52 379.9727 390.62 390.62 390.62 419.7132 423.14 423.14 420.5807 470.37 470.37 470.37 459.6255 458.36 458.36 458.8926 448.53 448.53 448.53 447.6142 465.43 465.43 465.43 488.0038 487.79 487.79 487.8848 486.04 486.04 486.04 472.9069 471.36 471.36 469.8774 498.72 498.72 498.72 498.2906 498.24 498.24 498.5559 492.41 492.41 492.41 491.4828 509.52 509.52 509.52 545.2585 544.92 544.92 707.867 727.06 727.06 727.06 906.7419 905.04 917.2533 682.024 635.84 635.84 635.84 645.5646
335.22 322.2569 320.73 320.73 320.6422 322.35 322.35 322.35 320.2231 361.6 361.6 361.6 380.7009 380.52 380.52 379.9727 390.62 390.62 390.62 419.7132 423.14 423.14 420.5807 470.37 470.37 470.37 459.6255 458.36 458.36 458.8926 448.53 448.53 448.53 447.6142 465.43 465.43 465.43 488.0038 487.79 487.79 487.8848 486.04 486.04 486.04 471.2196 471.36 471.36 469.8774 498.72 498.72 498.72 498.2906 498.24 498.24 498.5559 492.41 492.41 492.41 507.717 509.52 509.52 509.52 545.2585 544.92 544.92 707.867 727.06 727.06 727.06 906.7419 905.04 905.04 905.771 891.55 891.55 891.55 847.1229
335.22 322.2569 320.73 320.73 320.6422 322.35 322.35 322.35 320.2231 361.6 361.6 361.6 380.7009 380.52 380.52 379.9727 390.62 390.62 390.62 423.451 423.14 423.14 420.5807 470.37 470.37 470.37 459.6255 458.36 458.36 458.8926 448.53 448.53 448.53 447.6142 465.43 465.43 465.43 488.0038 487.79 487.79 487.8848 486.04 486.04 486.04 471.2196 471.36 471.36 469.8774 498.72 498.72 498.72 498.2906 498.24 498.24 498.5559 492.41 492.41 492.41 507.717 509.52 509.52 509.52 545.2585 544.92 544.92 707.867 727.06 727.06 727.06 906.7419 905.04 905.04 892.9715 891.55 891.55 891.55 847.1229
346.36 336.5012 335.34 335.34 333.3508 372.05 372.05 372.05 370.7099 396.78 396.78 396.78 404.8767 404.8 404.8 382.5312 390.62 390.62 390.62 423.451 423.14 423.14 420.5807 470.37 470.37 470.37 459.6255 458.36 458.36 458.8926 448.53 448.53 448.53 463.6492 465.43 465.43 465.43 488.0038 487.79 487.79 487.8848 486.04 486.04 486.04 471.2196 471.36 471.36 469.8774 498.72 498.72 498.72 498.2906 498.24 498.24 498.5559 492.41 492.41 492.41 507.717 509.52 509.52 509.52 545.2585 544.92 544.92 707.867 727.06 727.06 727.06 906.7419 905.04 905.04 892.9715 891.55 891.55 891.55 847.1229
346.36 336.5012 335.34 335.34 333.3508 372.05 372.05 372.05 394.1741 396.78 396.78 396.78 404.8767 404.8 404.8 404.4987 410.36 410.36 410.36 433.3174 433.1 433.1 430.8285 475.02 475.02 475.02 479.2784 479.78 479.78 481.0252 456.8 456.8 456.8 460.3159 460.73 460.73 460.73 493.8336 493.52 493.52 493.3601 496.47 496.47 497.0352 471.2196 471.36 471.36 495.8369 498.72 498.72 498.72 498.2906 498.24 498.24 498.5559 492.41 492.41 492.41 507.717 509.52 509.52 507.6017 544.92 544.92 544.92 707.867 727.06 727.06 727.06 906.7419 905.04 905.04 892.9715 891.55 891.55 891.55 847.1229
346.36 336.5012 335.34 335.34 333.3508 372.05 372.05 372.05 394.1741 396.78 396.78 396.78 404.8767 404.8 404.8 404.4987 410.36 410.36 410.36 433.3174 433.1 433.1 470.6027 475.02 475.02 475.02 479.2784 479.78 479.78 481.0252 456.8 456.8 456.8 460.3159 460.73 460.73 458.9532 493.52 493.52 493.52 493.3601 496.47 496.47 496.47 480.4987 480.65 480.65 488.6032 489.54 489.54 489.54 517.6938 521.01 521.01 520.7911 525.05 525.05 525.05 623.7808 635.41 635.41 634.4146 653.78 653.78 653.78 586.6026 578.69 578.69 578.69 916.2978 913.1 913.1 1038.553 1053.33 1053.33 1053.33 839.8681
346.36 336.5012 335.34 335.34 333.3508 372.05 372.05 372.05 394.1741 396.78 396.78 396.3454 404.8 404.8 404.8 404.4987 410.36 410.36 410.36 433.3174 433.1 433.1 470.6027 475.02 475.02 475.02 479.2784 479.78 479.78 481.0252 456.8 456.8 456.8 460.3159 460.73 460.73 458.9532 493.52 493.52 493.52 493.3601 496.47 496.47 496.47 480.4987 480.65 480.65 488.6032 489.54 489.54 489.54 521.3109 521.01 521.01 520.7911 525.05 525.05 525.05 623.7808 635.41 635.41 634.4146 653.78 653.78 653.78 586.6026 578.69 578.69 578.69 916.2978 913.1 913.1 1038.553 1053.33 1053.33 1053.33 1082.163
363.41 335.0716 335.34 335.34 333.3508 372.05 372.05 372.05 394.1741 396.78 396.78 396.3454 404.8 404.8 404.8 404.4987 410.36 410.36 410.36 433.3174 433.1 433.1 470.6027 475.02 475.02 475.02 479.8255 479.78 479.78 481.0252 456.8 456.8 456.8 460.3159 460.73 460.73 458.9532 493.52 493.52 493.52 493.3601 496.47 496.47 496.47 480.4987 480.65 480.65 488.6032 489.54 489.54 489.54 521.3109 521.01 521.01 520.7911 525.05 525.05 525.05 623.7808 635.41 635.41 634.4146 653.78 653.78 653.78 577.9719 578.69 578.69 578.69 916.2978 913.1 913.1 1038.553 1053.33 1053.33 1053.33 1082.163
363.41 357.05 357.05 357.05 357.05 387.92 387.92 387.92 410.8426 413.94 413.94 413.94 420.59 420.59 420.59 434.3418 436.2 436.2 436.2 441.86 441.86 441.86 459.2238 461.57 461.57 461.57 479.82 479.82 479.7804 479.7804 456.869 456.869 456.869 460.4175 460.897 460.897 460.897 493.6053 493.52 493.52 496.1188 496.47 496.47 496.47 480.65 480.65 480.65 488.4818 489.54 489.54 489.54 521.01 521.01 521.01 521.01 525.05 525.05 525.05 622.2728 635.41 635.41 635.41 653.78 653.78 653.78 578.69 578.69 578.69 578.69 913.1 913.1 913.1 1036.637 1053.33 1053.33 1053.33 1081.89
-9999 -9999 -9999 -9999 -9999 -9999 -9999 -9999 -9999 -9999 -9999 -9999 -9999 -9999 -9999 -9999 -9999 -9999 -9999 -9999 -9999 -9999 -9999 -9999 -9999 -9999 -9999 -9999 -9999 -9999 -9999 -9999 -9999 -9999 -9999 -9999 -9999 -9999 -9999 -9999 -9999 -9999 -9999 -9999 -9999 -9999 -9999 -9999 -9999 -9999 -9999 -9999 -9999 -9999 -9999 -9999 -9999 -9999 -9999 -9999 -9999 -9999 -9999 -9999 -9999 -9999 -9999 -9999 -9999 -9999 -9999 -9999 -9999 -9999 -9999 -9999 -9999
-9999 -9999 -9999 -9999 -9999 -9999 -9999 -9999 -9999 -9999 -9999 -9999 -9999 -9999 -9999 -9999 -9999 -9999 -9999 -9999 -9999 -9999 -9999 -9999 -9999 -9999 -9999 -9999 -9999 -9999 -9999 -9999 -9999 -9999 -9999 -9999 -9999 -9999 -9999 -9999 -9999 -9999 -9999 -9999 -9999 -9999 -9999 -9999 -9999 -9999 -9999 -9999 -9999 -9999 -9999 -9999 -9999 -9999 -9999 -9999 -9999 -9999 -9999 -9999 -9999 -9999 -9999 -9999 -9999 -9999 -9999 -9999 -9999 -9999 -9999 -9999 -9999
-9999 -9999 -9999 -9999 -9999 -9999 -9999 -9999 -9999 -9999 -9999 -9999 -9999 -9999 -9999 -9999 -9999 -9999 -9999 -9999 -9999 -9999 -9999 -9999 -9999 -9999 -9999 -9999 -9999 -9999 -9999 -9999 -9999 -9999 -9999 -9999 -9999 -9999 -9999 -9999 -9999 -9999 -9999 -9999 -9999 -9999 -9999 -9999 -9999 -9999 -9999 -9999 -9999 -9999 -9999 -9999 -9999 -9999 -9999 -9999 -9999 -9999 -9999 -9999 -9999 -9999 -9999 -9999 -9999 -9999 -9999 -9999 -9999 -9999 -9999 -9999 -9999
-9999 -9999 -9999 -9999 -9999 -9999 -9999 -9999 -9999 -9999 -9999 -9999 -9999 -9999 -9999 -9999 -9999 -9999 -9999 -9999 -9999 -9999 -9999 -9999 -9999 -9999 -9999 -9999 -9999 -9999 -9999 -9999 -9999 -9999 -9999 -9999 -9999 -9999 -9999 -9999 -9999 -9999 -9999 -9999 -9999 -9999 -9999 -9999 -9999 -9999 -9999 -9999 -9999 -9999 -9999 -9999 -9999 -9999 -9999 -9999 -9999 -9999 -9999 -9999 -9999 -9999 -9999 -9999 -9999 -9999 -9999 -9999 -9999 -9999 -9999 -9999 -9999
-9999 -9999 -9999 -9999 -9999 -9999 -9999 -9999 -9999 -9999 -9999 -9999 -9999 -9999 -9999 -9999 -9999 -9999 -9999 -9999 -9999 -9999 -9999 -9999 -9999 -9999 -9999 -9999 -9999 -9999 -9999 -9999 -9999 -9999 -9999 -9999 -9999 -9999 -9999 -9999 -9999 -9999 -9999 -9999 -9999 -9999 -9999 -9999 -9999 -9999 -9999 -9999 -9999 -9999 -9999 -9999 -9999 -9999 -9999 -9999 -9999 -9999 -9999 -9999 -9999 -9999 -9999 -9999 -9999 -9999 -9999 -9999 -9999 -9999 -9999 -9999 -9999
-9999 -9999 -9999 -9999 -9999 -9999 -9999 -9999 -9999 -9999 -9999 -9999 -9999 -9999 -9999 -9999 -9999 -9999 -9999 -9999 -9999 -9999 -9999 -9999 -9999 -9999 -9999 -9999 -9999 -9999 -9999 -9999 -9999 -9999 -9999 -9999 -9999 -9999 -9999 -9999 -9999 -9999 -9999 -9999 -9999 -9999 -9999 -9999 -9999 -9999 -9999 -9999 -9999 -9999 -9999 -9999 -9999 -9999 -9999 -9999 -9999 -9999 -9999 -9999 -9999 -9999 -9999 -9999 -9999 -9999 -9999 -9999 -9999 -9999 -9999 -9999 -9999
-9999 -9999 -9999 -9999 -9999 -9999 -9999 -9999 -9999 -9999 -9999 -9999 -9999 -9999 -9999 -9999 -9999 -9999 -9999 -9999 -9999 -9999 -9999 -9999 -9999 -9999 -9999 -9999 -9999 -9999 -9999 -9999 -9999 -9999 -9999 -9999 -9999 -9999 -9999 -9999 -9999 -9999 -9999 -9999 -9999 -9999 -9999 -9999 -9999 -9999 -9999 -9999 -9999 -9999 -9999 -9999 -9999 -9999 -9999 -9999 -9999 -9999 -9999 -9999 -9999 -9999 -9999 -9999 -9999 -9999 -9999 -9999 -9999 -9999 -9999 -9999 -9999
-9999 -9999 -9999 -9999 -9999 -9999 -9999 -9999 -9999 -9999 -9999 -9999 -9999 -9999 -9999 -9999 -9999 -9999 -9999 -9999 -9999 -9999 -9999 -9999 -9999 -9999 -9999 -9999 -9999 -9999 -9999 -9999 -9999 -9999 -9999 -9999 -9999 -9999 -9999 -9999 -9999 -9999 -9999 -9999 -9999 -9999 -9999 -9999 -9999 -9999 -9999 -9999 -9999 -9999 -9999 -9999 -9999 -9999 -9999 -9999 -9999 -9999 -9999 -9999 -9999 -9999 -9999 -9999 -9999 -9999 -9999 -9999 -9999 -9999 -9999 -9999 -9999
-9999 -9999 -9999 -9999 -9999 -9999 -9999 -9999 -9999 -9999 -9999 -9999 -9999 -9999 -9999 -9999 -9999 -9999 -9999 -9999 -9999 -9999 -9999 -9999 -9999 -9999 -9999 -9999 -9999 -9999 -9999 -9999 -9999 -9999 -9999 -9999 -9999 -9999 -9999 -9999 -9999 -9999 -9999 -9999 -9999 -9999 -9999 -9999 -9999 -9999 -9999 -9999 -9999 -9999 -9999 -9999 -9999 -9999 -9999 -9999 -9999 -9999 -9999 -9999 -9999 -9999 -9999 -9999 -9999 -9999 -9999 -9999 -9999 -9999 -9999 -9999 -9999
