Model and model input files/precip_2009.asc
ncols         625
nrows         453
xllcorner     138621.56993419
yllcorner     4094031.9406744
cellsize      1000
NODATA_value  -9999
[rows 102 to 135 of 453, columns 154 to 230 of 625]
738.08 738.08 738.08 909.2039 929.36 929.36 929.36 973.58 973.58 973.58 943.0732 939.48 939.48 945.7251 824.23 824.23 824.23 818.3344 817.64 817.64 817.64 1021.844 1019.91 1019.91 1020.583 1007.48 1007.48 1007.48 950.7426 951.28 951.28 736.1406 710.8 710.8 710.8 556.7993 538.66 538.66 541.7692 481.28 481.28 481.28 455.8547 452.86 452.86 450.2335 501.33 501.33 501.33 484.9491 803.63 803.63 803.63 932.4703 931.25 931.25 761.0923 741.05 741.05 741.05 624.3345 625.44 625.44 732.1598 744.73 744.73 744.73 784.9971 789.74 -9999 -9999 -9999 -9999 -9999 -9999 -9999 -9999
738.08 738.08 738.08 931.1891 929.36 929.36 929.36 973.58 973.58 973.58 943.0732 939.48 939.48 945.7251 824.23 824.23 824.23 818.3344 817.64 817.64 817.64 1021.844 1019.91 1019.91 1020.583 1007.48 1007.48 1007.48 950.7426 951.28 951.28 736.1406 710.8 710.8 710.8 556.7993 538.66 538.66 541.7692 481.28 481.28 481.28 455.8547 452.86 452.86 450.2335 501.33 501.33 501.33 771.7751 803.63 803.63 803.63 932.4703 931.25 931.25 761.0923 741.05 741.05 741.05 624.3345 625.44 625.44 732.1598 744.73 744.73 744.73 784.9971 789.74 -9999 -9999 -9999 -9999 -9999 -9999 -9999 -9999
738.08 738.08 738.08 931.1891 929.36 929.36 929.36 973.58 973.58 973.58 943.0732 939.48 939.48 945.7251 824.23 824.23 824.23 818.3344 817.64 817.64 817.64 1021.844 1019.91 1019.91 1020.583 1007.48 1007.48 1007.48 950.7426 951.28 951.28 736.1406 710.8 710.8 710.8 537.0139 538.66 538.66 541.7692 481.28 481.28 481.28 455.8547 452.86 452.86 450.2335 501.33 501.33 501.33 771.7751 803.63 803.63 803.63 932.4703 931.25 931.25 761.0923 741.05 741.05 741.05 624.3345 625.44 625.44 732.1598 744.73 744.73 744.73 784.9971 789.74 -9999 -9999 -9999 -9999 -9999 -9999 -9999 -9999
714.61 714.61 714.61 740.2327 739.99 739.99 740.488 730.8 730.8 730.8 861.46 876.85 876.85 869.5618 1011.35 1011.35 1011.35 978.4278 974.55 974.55 969.0353 1076.32 1076.32 1076.32 1070.606 1181.77 1181.77 1181.77 1038.018 1039.38 1044.154 736.1406 710.8 710.8 710.8 537.0139 538.66 538.66 541.7692 481.28 481.28 481.28 455.8547 452.86 452.86 450.2335 501.33 501.33 501.33 771.7751 803.63 803.63 803.63 932.4703 931.25 931.25 761.0923 741.05 741.05 741.05 624.3345 625.44 625.44 732.1598 744.73 744.73 744.73 784.9971 789.74 -9999 -9999 -9999 -9999 -9999 -9999 -9999 -9999
714.61 714.61 714.61 740.2327 739.99 739.99 740.488 730.8 730.8 730.8 861.46 876.85 876.85 869.5618 1011.35 1011.35 1011.35 978.4278 974.55 974.55 969.0353 1076.32 1076.32 1076.32 1070.606 1181.77 1181.77 1181.77 1038.018 1039.38 1039.38 851.9471 829.87 829.87 829.87 615.5903 617.62 617.62 620.2145 569.74 569.74 569.74 531.2264 526.69 526.69 527.9921 502.66 502.66 502.66 551.5065 557.26 557.26 557.26 593.5437 593.2 593.2 558.6675 554.6 554.6 554.6 603.2205 602.76 602.76 565.6778 561.31 561.31 561.31 584.9136 584.69 -9999 -9999 -9999 -9999 -9999 -9999 -9999 -9999
714.61 714.61 714.61 740.2327 739.99 739.99 740.488 730.8 730.8 730.8 861.46 876.85 876.85 869.5618 1011.35 1011.35 1011.35 978.4278 974.55 974.55 969.0353 1076.32 1076.32 1076.32 1070.606 1181.77 1181.77 1181.77 1038.018 1039.38 1039.38 851.9471 829.87 829.87 829.87 615.5903 617.62 617.62 574.7853 569.74 569.74 569.74 531.2264 526.69 526.69 527.9921 502.66 502.66 502.66 551.5065 557.26 557.26 555.3125 593.2 593.2 593.2 558.6675 554.6 554.6 554.6 603.2205 602.76 602.76 565.6778 561.31 561.31 561.31 584.9136 584.69 -9999 -9999 -9999 -9999 -9999 -9999 -9999 -9999
714.61 714.61 714.61 740.2327 739.99 739.99 740.488 730.8 730.8 730.8 878.2466 876.85 876.85 869.5618 1011.35 1011.35 1011.35 978.4278 974.55 974.55 969.0353 1076.32 1076.32 1076.32 1170.658 1181.77 1181.77 1181.77 1038.018 1039.38 1039.38 851.9471 829.87 829.87 829.87 615.5903 617.62 617.62 574.7853 569.74 569.74 569.74 531.2264 526.69 526.69 527.9921 502.66 502.66 502.66 551.5065 557.26 557.26 555.3125 593.2 593.2 593.2 558.6675 554.6 554.6 554.6 603.2205 602.76 602.76 565.6778 561.31 561.31 561.31 584.9136 584.69 -9999 -9999 -9999 -9999 -9999 -9999 -9999 -9999
714.61 714.61 714.61 740.2327 739.99 739.99 740.488 730.8 730.8 730.8 878.2466 876.85 876.85 869.5618 1011.35 1011.35 1011.35 978.4278 974.55 974.55 969.0353 1076.32 1076.32 1076.32 1170.658 1181.77 1181.77 1181.77 1038.018 1039.38 1039.38 851.9471 829.87 829.87 829.87 615.5903 617.62 617.62 574.7853 569.74 569.74 569.74 531.2264 526.69 526.69 527.9921 502.66 502.66 502.66 551.5065 557.26 557.26 555.3125 593.2 593.2 593.2 558.6675 554.6 554.6 554.6 603.2205 602.76 602.76 565.6778 561.31 561.31 561.31 584.9136 584.69 -9999 -9999 -9999 -9999 -9999 -9999 -9999 -9999
690.48 690.48 690.48 833.949 832.59 832.59 833.1454 822.34 822.34 822.34 760.1207 760.71 760.71 749.7668 962.66 962.66 962.66 1109.54 1126.84 1126.84 1124.68 1166.71 1166.71 1166.71 1078.894 1068.55 1068.55 1068.55 899.1555 900.76 900.76 802.0023 790.37 790.37 790.37 731.3318 617.62 617.62 574.7853 569.74 569.74 569.74 531.2264 526.69 526.69 527.9921 502.66 502.66 502.66 551.5065 557.26 557.26 555.3125 593.2 593.2 593.2 558.6675 554.6 554.6 554.6 603.2205 602.76 602.76 565.6778 561.31 561.31 561.31 584.9136 584.69 -9999 -9999 -9999 -9999 -9999 -9999 -9999 -9999
690.48 690.48 690.48 833.949 832.59 832.59 833.1454 822.34 822.34 822.34 760.1207 760.71 760.71 749.7668 962.66 962.66 962.66 1109.54 1126.84 1126.84 1124.68 1166.71 1166.71 1166.71 1078.894 1068.55 1068.55 1077.642 900.76 900.76 900.76 802.0023 790.37 790.37 790.37 725.4551 726.07 726.07 649.2485 640.2 640.2 640.2 555.1848 555.99 555.99 558.3542 512.36 512.36 512.36 515.7864 516.19 516.19 516.3878 512.54 512.54 512.54 568.0659 567.54 567.54 567.54 617.1701 616.7 616.7 556.3933 549.29 549.29 549.29 577.7294 577.46 -9999 -9999 -9999 -9999 -9999 -9999 -9999 -9999
690.48 690.48 690.48 833.949 832.59 832.59 833.1454 822.34 822.34 822.34 760.1207 760.71 760.71 941.3795 962.66 962.66 962.66 1109.54 1126.84 1126.84 1124.68 1166.71 1166.71 1166.71 1078.894 1068.55 1068.55 1077.642 900.76 900.76 900.76 802.0023 790.37 790.37 790.37 725.4551 726.07 726.07 649.2485 640.2 640.2 640.2 555.1848 555.99 555.99 558.3542 512.36 512.36 512.36 515.7864 516.19 516.19 516.3878 512.54 512.54 512.54 568.0659 567.54 567.54 567.54 617.1701 616.7 616.7 556.3933 549.29 549.29 549.29 577.7294 577.46 -9999 -9999 -9999 -9999 -9999 -9999 -9999 -9999
690.48 690.48 690.48 833.949 832.59 832.59 833.1454 822.34 822.34 822.34 760.1207 760.71 760.71 941.3795 962.66 962.66 962.66 1109.54 1126.84 1126.84 1124.68 1166.71 1166.71 1166.71 1078.894 1068.55 1068.55 1077.642 900.76 900.76 900.76 802.0023 790.37 790.37 790.37 725.4551 726.07 726.07 649.2485 640.2 640.2 640.2 555.1848 555.99 555.99 558.3542 512.36 512.36 512.36 515.7864 516.19 516.19 516.3878 512.54 512.54 512.54 568.0659 567.54 567.54 567.54 617.1701 616.7 616.7 556.3933 549.29 549.29 549.29 577.7294 577.46 -9999 -9999 -9999 -9999 -9999 -9999 -9999 -9999
660.72 660.72 650.5229 848.9 848.9 848.9 836.4483 1078.69 1078.69 1078.69 915.262 916.81 916.81 851.234 963.7993 962.66 962.66 1109.54 1126.84 1126.84 1124.68 1166.71 1166.71 1166.71 1078.894 1068.55 1068.55 1077.642 900.76 900.76 900.76 802.0023 790.37 790.37 790.37 725.4551 726.07 726.07 649.2485 640.2 640.2 640.2 555.1848 555.99 555.99 558.3542 512.36 512.36 512.36 515.7864 516.19 516.19 516.3878 512.54 512.54 512.54 568.0659 567.54 567.54 564.8761 616.7 616.7 616.7 556.3933 549.29 549.29 549.29 577.7294 577.46 -9999 -9999 -9999 -9999 -9999 -9999 -9999 -9999
660.72 660.72 650.5229 848.9 848.9 848.9 836.4483 1078.69 1078.69 1078.69 915.262 916.81 916.81 851.234 843.51 843.51 843.51 979.9019 978.61 978.61 965.8927 1213.3 1213.3 1213.3 1152.143 1144.94 1144.94 1144.941 1144.92 1144.92 1144.92 1041.965 1042.94 1042.94 1042.94 801.594 803.88 803.88 678.0152 663.19 663.19 663.19 664.1087 664.1 664.1 657.5514 656.78 656.78 656.78 707.9525 713.98 713.98 722.793 551.34 551.34 551.34 568.0659 567.54 567.54 564.8761 616.7 616.7 616.7 556.3933 549.29 549.29 549.29 577.7294 577.46 -9999 -9999 -9999 -9999 -9999 -9999 -9999 -9999
660.72 660.72 650.5229 848.9 848.9 848.9 836.4483 1078.69 1078.69 1078.69 915.262 916.81 916.81 851.234 843.51 843.51 843.51 979.9019 978.61 978.61 965.8927 1213.3 1213.3 1213.3 1152.143 1144.94 1144.94 1144.941 1144.92 1144.92 1144.92 1041.965 1042.94 1042.94 1042.94 801.594 803.88 803.88 678.0152 663.19 663.19 663.19 664.1087 664.1 664.1 657.5514 656.78 656.78 656.78 707.9525 713.98 713.98 722.793 551.34 551.34 551.34 525.1116 525.36 525.36 525.8493 516.33 516.33 516.33 600.6484 610.58 610.58 610.58 652.5677 652.17 -9999 -9999 -9999 -9999 -9999 -9999 -9999 -9999
660.72 660.72 650.5229 848.9 848.9 848.9 836.4483 1078.69 1078.69 1078.69 915.262 916.81 916.81 851.234 843.51 843.51 843.51 979.9019 978.61 978.61 965.8927 1213.3 1213.3 1213.3 1152.143 1144.94 1144.94 1144.941 1144.92 1144.92 1144.92 1041.965 1042.94 1042.94 1042.94 801.594 803.88 803.88 678.0152 663.19 663.19 663.19 664.1087 664.1 664.1 657.5514 656.78 656.78 656.78 707.9525 713.98 713.98 722.793 551.34 551.34 551.34 525.1116 525.36 525.36 525.8493 516.33 516.33 516.33 600.6484 610.58 610.58 610.58 652.5677 652.17 -9999 -9999 -9999 -9999 -9999 -9999 -9999 -9999
660.72 660.72 650.5229 848.9 848.9 848.9 1054.476 1078.69 1078.69 1078.69 915.262 916.81 916.81 851.234 843.51 843.51 843.51 979.9019 978.61 978.61 1188.57 1213.3 1213.3 1213.3 1152.143 1144.94 1144.94 1144.941 1144.92 1144.92 1144.92 1041.965 1042.94 1042.94 1055.894 803.88 803.88 803.88 678.0152 663.19 663.19 663.19 664.1087 664.1 664.1 657.5514 656.78 656.78 656.78 714.527 713.98 713.98 722.793 551.34 551.34 551.34 525.1116 525.36 525.36 525.8493 516.33 516.33 516.33 600.6484 610.58 610.58 610.58 652.5677 652.17 -9999 -9999 -9999 -9999 -9999 -9999 -9999 -9999
840.99 840.99 832.6435 995.02 995.02 995.02 1136.451 1153.11 1153.11 1153.11 1106.529 1106.97 1106.97 1123.449 1125.39 1125.39 1125.39 1115.052 1115.15 1115.15 1184.68 1192.87 1192.87 1192.87 1113.884 1104.58 1104.58 1112.582 956.91 956.91 956.91 807.9719 1042.94 1042.94 1055.894 803.88 803.88 803.88 678.0152 663.19 663.19 663.19 664.1087 664.1 664.1 657.5514 656.78 656.78 656.78 714.527 713.98 713.98 722.793 551.34 551.34 551.34 525.1116 525.36 525.36 525.8493 516.33 516.33 516.33 611.4813 610.58 610.58 610.58 652.5677 652.17 -9999 -9999 -9999 -9999 -9999 -9999 -9999 -9999
840.99 840.99 832.6435 995.02 995.02 995.02 1136.451 1153.11 1153.11 1153.11 1106.529 1106.97 1106.97 1123.449 1125.39 1125.39 1125.39 1115.052 1115.15 1115.15 1184.68 1192.87 1192.87 1192.87 1113.884 1104.58 1104.58 1112.582 956.91 956.91 956.91 819.9831 821.28 821.28 830.0226 659.94 659.94 659.94 557.3265 545.24 545.24 545.24 569.3383 569.11 569.11 682.9152 696.32 696.32 696.32 702.9225 702.86 702.86 713.7343 502.18 502.18 502.18 371.6537 372.89 372.89 372.4614 380.8 380.8 380.8 546.7922 545.22 545.22 545.22 520.2434 520.48 -9999 -9999 -9999 -9999 -9999 -9999 -9999 -9999
840.99 840.99 832.6435 995.02 995.02 995.02 1136.451 1153.11 1153.11 1155.61 1106.97 1106.97 1106.97 1123.449 1125.39 1125.39 1125.39 1115.052 1115.15 1115.15 1184.68 1192.87 1192.87 1192.87 1103.736 1104.58 1104.58 1112.582 956.91 956.91 956.91 819.9831 821.28 821.28 830.0226 659.94 659.94 659.94 557.3265 545.24 545.24 545.24 569.3383 569.11 569.11 682.9152 696.32 696.32 696.32 702.9225 702.86 702.86 713.7343 502.18 502.18 502.18 371.6537 372.89 372.89 372.4614 380.8 380.8 380.8 546.7922 545.22 545.22 545.22 520.2434 520.48 -9999 -9999 -9999 -9999 -9999 -9999 -9999 -9999
840.99 840.99 832.6435 995.02 995.02 995.02 1136.451 1153.11 1153.11 1155.61 1106.97 1106.97 1106.97 1123.449 1125.39 1125.39 1125.39 1115.052 1115.15 1115.15 1184.68 1192.87 1192.87 1192.87 1103.736 1104.58 1104.58 1112.582 956.91 956.91 956.91 819.9831 821.28 821.28 830.0226 659.94 659.94 659.94 544.1432 545.24 545.24 545.24 569.3383 569.11 569.11 682.9152 696.32 696.32 696.32 702.9225 702.86 702.86 523.3267 502.18 502.18 502.18 371.6537 372.89 372.89 372.4614 380.8 380.8 380.8 546.7922 545.22 545.22 545.22 520.2434 520.48 -9999 -9999 -9999 -9999 -9999 -9999 -9999 -9999
840.99 840.99 832.6435 995.02 995.02 995.02 1136.451 1153.11 1153.11 1155.61 1106.97 1106.97 1106.97 1123.449 1125.39 1125.39 1125.39 1115.052 1115.15 1115.15 1184.68 1192.87 1192.87 1192.87 1103.736 1104.58 1104.58 1112.582 956.91 956.91 956.91 819.9831 821.28 821.28 830.0226 659.94 659.94 659.94 544.1432 545.24 545.24 545.24 569.3383 569.11 569.11 682.9152 696.32 696.32 696.32 702.9225 702.86 702.86 523.3267 502.18 502.18 502.18 371.6537 372.89 372.89 372.4614 380.8 380.8 380.8 546.7922 545.22 545.22 546.5605 520.48 520.48 -9999 -9999 -9999 -9999 -9999 -9999 -9999 -9999
1087.15 1087.15 1087.102 1088.03 1088.03 1088.03 1088.272 1088.3 1088.3 1087.364 1105.57 1105.57 1105.57 1100.926 1100.97 1100.97 1100.97 1150.247 1149.78 1149.78 1170.92 1173.41 1173.41 1173.41 1078.784 1079.68 1079.68 1093.883 817.58 817.58 817.58 629.8922 631.67 631.67 637.6301 521.68 521.68 521.68 432.364 433.21 433.21 433.21 404.0235 404.3 404.3 416.9947 418.49 418.49 418.49 412.7153 412.77 397.0508 523.3267 502.18 502.18 502.18 371.6537 372.89 372.89 372.4614 380.8 380.8 380.8 546.7922 545.22 545.22 546.5605 520.48 520.48 -9999 -9999 -9999 -9999 -9999 -9999 -9999 -9999
1087.15 1087.15 1087.102 1088.03 1088.03 1088.03 1088.272 1088.3 1088.3 1087.364 1105.57 1105.57 1105.57 1100.926 1100.97 1100.97 1100.97 1150.247 1149.78 1149.78 1170.92 1173.41 1173.41 1173.41 1078.784 1079.68 1079.68 845.1988 817.58 817.58 817.58 629.8922 631.67 631.67 637.6301 521.68 521.68 521.68 432.364 433.21 433.21 434.7766 404.3 404.3 404.3 416.9947 418.49 418.49 418.49 412.7153 412.77 412.77 351.8729 344.7 344.7 344.7 317.0683 317.33 317.33 316.521 332.26 332.26 332.26 403.7875 403.11 403.11 404.4864 377.71 377.71 -9999 -9999 -9999 -9999 -9999 -9999 -9999 -9999
1087.15 1087.15 1087.925 1088.03 1088.03 1088.03 1088.268 1088.3 1088.3 1088.3 1105.57 1105.57 1105.57 1100.97 1100.97 1100.97 1100.97 1149.78 1149.78 1149.78 1170.597 1173.41 1173.41 1173.41 1079.68 1079.68 1079.68 848.7802 817.58 817.58 817.58 631.67 631.67 631.67 631.67 521.68 521.68 521.68 433.21 433.21 433.21 433.21 404.3 404.3 404.3 416.8008 418.49 418.49 418.49 412.77 412.77 412.77 352.803 344.7 344.7 344.7 317.33 317.33 317.33 317.33 332.26 332.26 332.26 403.11 403.11 403.11 403.11 377.71 377.71 -9999 -9999 -9999 -9999 -9999 -9999 -9999 -9999
-9999 -9999 -9999 -9999 -9999 -9999 -9999 -9999 -9999 -9999 -9999 -9999 -9999 -9999 -9999 -9999 -9999 -9999 -9999 -9999 -9999 -9999 -9999 -9999 -9999 -9999 -9999 -9999 -9999 -9999 -9999 -9999 -9999 -9999 -9999 -9999 -9999 -9999 -9999 -9999 -9999 -9999 -9999 -9999 -9999 -9999 -9999 -9999 -9999 -9999 -9999 -9999 -9999 -9999 -9999 -9999 -9999 -9999 -9999 -9999 -9999 -9999 -9999 -9999 -9999 -9999 -9999 -9999 -9999 -9999 -9999 -9999 -9999 -9999 -9999 -9999 -9999
-9999 -9999 -9999 -9999 -9999 -9999 -9999 -9999 -9999 -9999 -9999 -9999 -9999 -9999 -9999 -9999 -9999 -9999 -9999 -9999 -9999 -9999 -9999 -9999 -9999 -9999 -9999 -9999 -9999 -9999 -9999 -9999 -9999 -9999 -9999 -9999 -9999 -9999 -9999 -9999 -9999 -9999 -9999 -9999 -9999 -9999 -9999 -9999 -9999 -9999 -9999 -9999 -9999 -9999 -9999 -9999 -9999 -9999 -9999 -9999 -9999 -9999 -9999 -9999 -9999 -9999 -9999 -9999 -9999 -9999 -9999 -9999 -9999 -9999 -9999 -9999 -9999
-9999 -9999 -9999 -9999 -9999 -9999 -9999 -9999 -9999 -9999 -9999 -9999 -9999 -9999 -9999 -9999 -9999 -9999 -9999 -9999 -9999 -9999 -9999 -9999 -9999 -9999 -9999 -9999 -9999 -9999 -9999 -9999 -9999 -9999 -9999 -9999 -9999 -9999 -9999 -9999 -9999 -9999 -9999 -9999 -9999 -9999 -9999 -9999 -9999 -9999 -9999 -9999 -9999 -9999 -9999 -9999 -9999 -9999 -9999 -9999 -9999 -9999 -9999 -9999 -9999 -9999 -9999 -9999 -9999 -9999 -9999 -9999 -9999 -9999 -9999 -9999 -9999
-9999 -9999 -9999 -9999 -9999 -9999 -9999 -9999 -9999 -9999 -9999 -9999 -9999 -9999 -9999 -9999 -9999 -9999 -9999 -9999 -9999 -9999 -9999 -9999 -9999 -9999 -9999 -9999 -9999 -9999 -9999 -9999 -9999 -9999 -9999 -9999 -9999 -9999 -9999 -9999 -9999 -9999 -9999 -9999 -9999 -9999 -9999 -9999 -9999 -9999 -9999 -9999 -9999 -9999 -9999 -9999 -9999 -9999 -9999 -9999 -9999 -9999 -9999 -9999 -9999 -9999 -9999 -9999 -9999 -9999 -9999 -9999 -9999 -9999 -9999 -9999 -9999
-9999 -9999 -9999 -9999 -9999 -9999 -9999 -9999 -9999 -9999 -9999 -9999 -9999 -9999 -9999 -9999 -9999 -9999 -9999 -9999 -9999 -9999 -9999 -9999 -9999 -9999 -9999 -9999 -9999 -9999 -9999 -9999 -9999 -9999 -9999 -9999 -9999 -9999 -9999 -9999 -9999 -9999 -9999 -9999 -9999 -9999 -9999 -9999 -9999 -9999 -9999 -9999 -9999 -9999 -9999 -9999 -9999 -9999 -9999 -9999 -9999 -9999 -9999 -9999 -9999 -9999 -9999 -9999 -9999 -9999 -9999 -9999 -9999 -9999 -9999 -9999 -9999
-9999 -9999 -9999 -9999 -9999 -9999 -9999 -9999 -9999 -9999 -9999 -9999 -9999 -9999 -9999 -9999 -9999 -9999 -9999 -9999 -9999 -9999 -9999 -9999 -9999 -9999 -9999 -9999 -9999 -9999 -9999 -9999 -9999 -9999 -9999 -9999 -9999 -9999 -9999 -9999 -9999 -9999 -9999 -9999 -9999 -9999 -9999 -9999 -9999 -9999 -9999 -9999 -9999 -9999 -9999 -9999 -9999 -9999 -9999 -9999 -9999 -9999 -9999 -9999 -9999 -9999 -9999 -9999 -9999 -9999 -9999 -9999 -9999 -9999 -9999 -9999 -9999
-9999 -9999 -9999 -9999 -9999 -9999 -9999 -9999 -9999 -9999 -9999 -9999 -9999 -9999 -9999 -9999 -9999 -9999 -9999 -9999 -9999 -9999 -9999 -9999 -9999 -9999 -9999 -9999 -9999 -9999 -9999 -9999 -9999 -9999 -9999 -9999 -9999 -9999 -9999 -9999 -9999 -9999 -9999 -9999 -9999 -9999 -9999 -9999 -9999 -9999 -9999 -9999 -9999 -9999 -9999 -9999 -9999 -9999 -9999 -9999 -9999 -9999 -9999 -9999 -9999 -9999 -9999 -9999 -9999 -9999 -9999 -9999 -9999 -9999 -9999 -9999 -9999
-9999 -9999 -9999 -9999 -9999 -9999 -9999 -9999 -9999 -9999 -9999 -9999 -9999 -9999 -9999 -9999 -9999 -9999 -9999 -9999 -9999 -9999 -9999 -9999 -9999 -9999 -9999 -9999 -9999 -9999 -9999 -9999 -9999 -9999 -9999 -9999 -9999 -9999 -9999 -9999 -9999 -9999 -9999 -9999 -9999 -9999 -9999 -9999 -9999 -9999 -9999 -9999 -9999 -9999 -9999 -9999 -9999 -9999 -9999 -9999 -9999 -9999 -9999 -9999 -9999 -9999 -9999 -9999 -9999 -9999 -9999 -9999 -9999 -9999 -9999 -9999 -9999
-9999 -9999 -9999 -9999 -9999 -9999 -9999 -9999 -9999 -9999 -9999 -9999 -9999 -9999 -9999 -9999 -9999 -9999 -9999 -9999 -9999 -9999 -9999 -9999 -9999 -9999 -9999 -9999 -9999 -9999 -9999 -9999 -9999 -9999 -9999 -9999 -9999 -9999 -9999 -9999 -9999 -9999 -9999 -9999 -9999 -9999 -9999 -9999 -9999 -9999 -9999 -9999 -9999 -9999 -9999 -9999 -9999 -9999 -9999 -9999 -9999 -9999 -9999 -9999 -9999 -9999 -9999 -9999 -9999 -9999 -9999 -9999 -9999 -9999 -9999 -9999 -9999
