Model and model input files/precip_1995.asc
ncols         625
nrows         453
xllcorner     138621.56993419
yllcorner     4094031.9406744
cellsize      1000
NODATA_value  -9999
[rows 0 to 33 of 453, columns 154 to 230 of 625]
517.93 517.93 559.2471 564.83 564.83 564.83 637.17 637.17 637.17 712.5538 722.74 722.74 722.74 850.7 850.7 850.7 850.7 800.6 800.6 800.6 762.63 762.63 762.63 762.63 835.17 835.17 835.17 845.69 845.69 845.69 845.69 852.34 852.34 852.34 953.97 953.97 953.97 953.97 1129.56 1129.56 1129.56 1230.9 1230.9 1230.9 1326.273 1339.16 1339.16 1339.16 1225.6 1225.6 1225.6 1160.083 1151.23 1151.23 1151.23 1208.27 1208.27 1208.27 1210.347 1449.55 1449.55 1449.55 1683.27 1683.27 1683.27 1683.27 1545.39 1545.39 1545.39 -9999 -9999 -9999 -9999 -9999 -9999 -9999 -9999
517.93 517.93 559.8879 564.83 564.83 564.83 637.8618 637.17 637.17 713.723 722.74 722.74 722.74 850.7 850.7 850.7 805.8793 800.6 800.6 800.6 762.2669 762.63 762.63 758.6992 835.17 835.17 835.17 845.7906 845.69 845.69 845.3297 852.34 852.34 852.34 954.9418 953.97 953.97 944.4552 1129.56 1129.56 1129.56 1231.869 1230.9 1230.9 1327.752 1339.16 1339.16 1339.16 1224.514 1225.6 1225.6 1159.067 1151.23 1151.23 1151.23 1208.815 1208.27 1208.27 1424.125 1449.55 1449.55 1449.55 1685.505 1683.27 1683.27 1690.741 1545.39 1545.39 1545.39 -9999 -9999 -9999 -9999 -9999 -9999 -9999 -9999
517.93 517.93 559.8879 564.83 564.83 564.83 637.8618 637.17 637.17 713.723 722.74 722.74 722.74 850.7 850.7 850.7 805.8793 800.6 800.6 802.6575 762.63 762.63 762.63 758.6992 835.17 835.17 835.17 845.7906 845.69 845.69 845.3297 852.34 852.34 852.34 954.9418 953.97 953.97 944.4552 1129.56 1129.56 1129.56 1231.869 1230.9 1230.9 1327.752 1339.16 1339.16 1339.16 1224.514 1225.6 1225.6 1159.067 1151.23 1151.23 1151.23 1208.815 1208.27 1208.27 1424.125 1449.55 1449.55 1449.55 1683.27 1683.27 1683.27 1690.741 1545.39 1545.39 1545.39 -9999 -9999 -9999 -9999 -9999 -9999 -9999 -9999
517.29 517.29 551.2499 555.25 555.25 555.25 580.1256 579.89 579.89 607.6592 610.93 610.93 610.93 669.54 669.54 669.54 669.1911 662.0271 800.6 802.6575 762.63 762.63 762.63 827.5261 835.17 835.17 835.17 845.7906 845.69 845.69 845.3297 852.34 852.34 852.34 954.9418 953.97 953.97 944.4552 1129.56 1129.56 1129.56 1231.869 1230.9 1230.9 1327.752 1339.16 1339.16 1339.16 1224.514 1225.6 1225.6 1159.067 1151.23 1151.23 1151.23 1208.815 1208.27 1208.27 1424.125 1449.55 1449.55 1449.55 1683.27 1683.27 1683.27 1559.919 1545.39 1545.39 1545.39 -9999 -9999 -9999 -9999 -9999 -9999 -9999 -9999
517.29 517.29 551.2499 555.25 555.25 555.25 580.1256 579.89 579.89 607.6592 610.93 610.93 610.93 669.54 669.54 669.54 669.1911 669.15 669.15 667.2383 704.43 704.43 704.43 709.9677 710.62 710.62 710.2266 717.88 717.88 717.88 717.7077 721.06 721.06 721.06 707.7641 707.89 707.89 694.2548 959.52 959.52 959.52 1311.958 1308.62 1308.62 1365.357 1372.04 1372.04 1372.04 1337.927 1338.25 1338.25 1176.028 1156.92 1156.92 1156.92 1172.003 1171.86 1171.86 1336.1 1449.55 1449.55 1449.55 1683.27 1683.27 1683.27 1559.919 1545.39 1545.39 1569.073 -9999 -9999 -9999 -9999 -9999 -9999 -9999 -9999
517.29 517.29 551.2499 555.25 555.25 555.25 580.1256 579.89 579.89 607.6592 610.93 610.93 610.93 669.54 669.54 669.54 669.1911 669.15 669.15 667.2383 704.43 704.43 704.43 709.9677 710.62 710.62 710.2266 717.88 717.88 717.88 720.7249 721.06 721.06 721.06 707.7641 707.89 707.89 694.2548 959.52 959.52 959.52 1311.958 1308.62 1308.62 1365.357 1372.04 1372.04 1372.04 1337.927 1338.25 1338.25 1176.028 1156.92 1156.92 1156.92 1172.003 1171.86 1171.86 1340.908 1360.82 1360.82 1360.82 1579.33 1579.33 1579.33 1499.485 1490.08 1490.08 1507.972 -9999 -9999 -9999 -9999 -9999 -9999 -9999 -9999
517.29 517.29 551.2499 555.25 555.25 555.25 580.1256 579.89 579.89 607.6592 610.93 610.93 610.93 669.54 669.54 669.54 669.1911 669.15 669.15 667.2383 704.43 704.43 704.43 709.9677 710.62 710.62 710.2266 717.88 717.88 717.88 720.7249 721.06 721.06 721.06 707.7641 707.89 707.89 694.2548 959.52 959.52 959.52 1311.958 1308.62 1308.62 1365.357 1372.04 1372.04 1372.04 1337.927 1338.25 1338.25 1176.028 1156.92 1156.92 1156.92 1172.003 1171.86 1171.86 1340.908 1360.82 1360.82 1360.82 1579.33 1579.33 1579.33 1499.485 1490.08 1490.08 1507.972 -9999 -9999 -9999 -9999 -9999 -9999 -9999 -9999
517.29 517.29 551.2499 555.25 555.25 555.25 580.1256 579.89 579.89 607.6592 610.93 610.93 610.93 669.54 669.54 669.54 669.1911 669.15 669.15 667.2383 704.43 704.43 704.43 709.9677 710.62 710.62 710.2266 717.88 717.88 717.88 720.7249 721.06 721.06 721.7736 707.89 707.89 707.89 694.2548 959.52 959.52 959.52 1311.958 1308.62 1308.62 1365.357 1372.04 1372.04 1372.04 1337.927 1338.25 1338.25 1176.028 1156.92 1156.92 1156.92 1172.003 1171.86 1171.86 1340.908 1360.82 1360.82 1360.82 1579.33 1579.33 1579.33 1499.485 1490.08 1490.08 1507.972 -9999 -9999 -9999 -9999 -9999 -9999 -9999 -9999
654.87 654.87 632.4981 632.71 632.71 632.71 652.2551 652.07 652.07 761.8495 774.78 774.78 774.78 751.25 751.25 751.25 747.4389 746.99 746.99 744.4567 793.74 793.74 793.74 751.8358 746.9 746.9 744.6637 788.17 788.17 788.17 806.3756 808.52 808.52 811.017 762.44 713.6382 707.89 933.0045 959.52 959.52 959.52 1311.958 1308.62 1308.62 1365.357 1372.04 1372.04 1372.04 1337.927 1338.25 1338.25 1176.028 1156.92 1156.92 1156.92 1172.003 1171.86 1171.86 1340.908 1360.82 1360.82 1360.82 1579.33 1579.33 1579.33 1499.485 1490.08 1490.08 1507.972 -9999 -9999 -9999 -9999 -9999 -9999 -9999 -9999
654.87 654.87 632.4981 632.71 632.71 632.71 652.2551 652.07 652.07 761.8495 774.78 774.78 774.78 751.25 751.25 751.25 747.4389 746.99 746.99 744.4567 793.74 793.74 793.74 751.8358 746.9 746.9 744.6637 788.17 788.17 788.17 806.3756 808.52 808.52 811.017 762.44 762.44 762.44 841.6322 850.96 850.96 838.4741 1081.38 1081.38 1081.38 1132.499 1138.52 1138.52 1138.52 1402.389 1399.89 1399.89 1427.74 1431.02 1431.02 1431.02 1390.698 1391.08 1391.08 1588.64 1611.91 1611.91 1611.91 1904.57 1904.57 1904.57 1577.128 1538.56 1538.56 1555.026 -9999 -9999 -9999 -9999 -9999 -9999 -9999 -9999
654.87 654.87 632.4981 632.71 632.71 631.6609 652.07 652.07 652.07 761.8495 774.78 774.78 774.78 751.25 751.25 751.25 747.4389 746.99 746.99 744.4567 793.74 793.74 793.74 751.8358 746.9 746.9 744.6637 788.17 788.17 788.17 806.3756 808.52 808.52 811.017 762.44 762.44 762.44 841.6322 850.96 850.96 838.4741 1081.38 1081.38 1081.38 1139.066 1138.52 1138.52 1138.52 1402.389 1399.89 1399.89 1427.74 1431.02 1431.02 1431.02 1390.698 1391.08 1391.08 1588.64 1611.91 1611.91 1611.91 1904.57 1904.57 1904.57 1577.128 1538.56 1538.56 1555.026 -9999 -9999 -9999 -9999 -9999 -9999 -9999 -9999
654.87 654.87 632.4981 632.71 632.71 631.6609 652.07 652.07 652.07 775.9534 774.78 774.78 774.78 751.25 751.25 751.25 747.4389 746.99 746.99 744.4567 793.74 793.74 793.74 751.8358 746.9 746.9 744.6637 788.17 788.17 788.17 806.3756 808.52 808.52 811.017 762.44 762.44 762.44 841.6322 850.96 850.96 838.4741 1081.38 1081.38 1081.38 1139.066 1138.52 1138.52 1138.52 1402.389 1399.89 1399.89 1427.74 1431.02 1431.02 1431.02 1390.698 1391.08 1391.08 1588.64 1611.91 1611.91 1611.91 1904.57 1904.57 1904.57 1577.128 1538.56 1538.56 1555.026 -9999 -9999 -9999 -9999 -9999 -9999 -9999 -9999
918.81 918.81 834.9056 632.71 632.71 631.6609 652.07 652.07 652.07 775.9534 774.78 774.78 776.0551 751.25 751.25 751.25 747.4389 746.99 746.99 744.4567 793.74 793.74 793.74 751.8358 746.9 746.9 744.6637 788.17 788.17 788.17 806.3756 808.52 808.52 811.017 762.44 762.44 762.44 841.6322 850.96 850.96 838.4741 1081.38 1081.38 1081.38 1139.066 1138.52 1138.52 1124.357 1399.89 1399.89 1399.89 1427.74 1431.02 1431.02 1431.02 1390.698 1391.08 1391.08 1588.64 1611.91 1611.91 1611.91 1904.57 1904.57 1904.57 1577.128 1538.56 1538.56 1555.026 -9999 -9999 -9999 -9999 -9999 -9999 -9999 -9999
918.81 918.81 824.4664 825.36 825.36 833.5033 675.08 675.08 675.08 799.0644 797.89 797.89 795.929 834.08 834.08 834.08 851.7776 851.61 851.61 854.8677 791.49 791.49 791.49 836.4449 841.74 841.74 841.3124 849.63 849.63 849.63 1029.816 1051.04 1051.04 1046.836 1128.63 1128.63 1128.63 933.9149 910.98 910.98 909.5435 937.49 937.49 937.49 1097.062 1095.55 1095.55 1088.589 1224.02 1224.02 1224.02 1536.015 1533.06 1533.06 1538.589 1390.698 1391.08 1391.08 1588.64 1611.91 1611.91 1611.91 1904.57 1904.57 1904.57 1577.128 1538.56 1538.56 1555.026 -9999 -9999 -9999 -9999 -9999 -9999 -9999 -9999
918.81 918.81 824.4664 825.36 825.36 833.5033 675.08 675.08 675.08 799.0644 797.89 797.89 795.929 834.08 834.08 834.08 851.7776 851.61 851.61 797.8251 791.49 791.49 791.49 836.4449 841.74 841.74 841.3124 849.63 849.63 849.63 1029.816 1051.04 1051.04 1046.836 1128.63 1128.63 1128.63 933.9149 910.98 910.98 909.5435 937.49 937.49 937.49 1097.062 1095.55 1095.55 1088.589 1224.02 1224.02 1224.02 1536.015 1533.06 1533.06 1527.769 1630.7 1630.7 1630.7 1746.536 1760.18 1760.18 1760.18 1919.84 1919.84 1919.84 1842.428 1833.31 1833.31 1859.154 -9999 -9999 -9999 -9999 -9999 -9999 -9999 -9999
918.81 918.81 824.4664 825.36 825.36 833.5033 675.08 675.08 675.08 799.0644 797.89 797.89 795.929 834.08 834.08 834.08 851.7776 851.61 851.61 797.8251 791.49 791.49 791.49 836.4449 841.74 841.74 841.3124 849.63 849.63 849.63 1029.816 1051.04 1051.04 1046.836 1128.63 1128.63 1128.63 933.9149 910.98 910.98 909.5435 937.49 937.49 937.49 1097.062 1095.55 1095.55 1088.589 1224.02 1224.02 1224.02 1536.015 1533.06 1533.06 1527.769 1630.7 1630.7 1630.7 1746.536 1760.18 1760.18 1760.18 1919.84 1919.84 1919.84 1842.428 1833.31 1833.31 1859.154 -9999 -9999 -9999 -9999 -9999 -9999 -9999 -9999
918.81 918.81 824.4664 825.36 825.36 833.5033 675.08 675.08 675.08 799.0644 797.89 797.89 795.929 834.08 834.08 834.08 851.7776 851.61 851.61 797.8251 791.49 791.49 791.49 842.2205 841.74 841.74 841.3124 849.63 849.63 849.63 1029.816 1051.04 1051.04 1046.836 1128.63 1128.63 1128.63 933.9149 910.98 910.98 909.5435 937.49 937.49 937.49 1097.062 1095.55 1095.55 1088.589 1224.02 1224.02 1224.02 1536.015 1533.06 1533.06 1527.769 1630.7 1630.7 1630.7 1761.418 1760.18 1760.18 1760.18 1919.84 1919.84 1919.84 1842.428 1833.31 1833.31 1859.154 -9999 -9999 -9999 -9999 -9999 -9999 -9999 -9999
774.01 774.01 852.3521 851.61 851.61 850.0467 880.46 880.46 880.46 776.9293 777.91 777.91 775.6725 819.2 819.2 819.2 1043.535 1041.41 1041.41 797.8251 791.49 791.49 791.49 842.2205 841.74 841.74 848.7986 849.63 849.63 849.63 1029.816 1051.04 1051.04 1046.836 1128.63 1128.63 1128.63 933.9149 910.98 910.98 909.5435 937.49 937.49 937.49 1097.062 1095.55 1095.55 1088.589 1224.02 1224.02 1224.02 1536.015 1533.06 1533.06 1527.769 1630.7 1630.7 1630.7 1761.418 1760.18 1760.18 1760.18 1919.84 1919.84 1919.84 1842.428 1833.31 1833.31 1859.154 -9999 -9999 -9999 -9999 -9999 -9999 -9999 -9999
774.01 774.01 852.3521 851.61 851.61 850.0467 880.46 880.46 880.46 776.9293 777.91 777.91 775.6725 819.2 819.2 819.2 1043.535 1041.41 1041.41 1019.751 1017.2 1017.2 1017.2 994.5252 994.74 994.74 899.9724 888.81 888.81 888.81 982.513 993.55 993.55 977.103 1297.07 1297.07 1297.07 1107.901 1085.62 1085.62 1088.39 1034.51 1034.51 1034.51 1145.178 1144.13 1144.13 1138.636 1245.52 1245.52 1245.52 1576.646 1573.51 1573.51 1567.039 1692.92 1692.92 1692.92 1969.944 1967.32 1782.007 1751.528 1919.84 1919.84 1919.84 1842.428 1833.31 1833.31 1859.154 -9999 -9999 -9999 -9999 -9999 -9999 -9999 -9999
774.01 774.01 852.3521 851.61 851.61 850.0467 880.46 880.46 880.46 776.9293 777.91 777.91 775.6725 819.2 819.2 819.2 1043.535 1041.41 1041.41 1019.751 1017.2 1017.2 1017.2 994.5252 994.74 994.74 899.9724 888.81 888.81 888.81 994.5516 993.55 993.55 977.103 1297.07 1297.07 1297.07 1107.901 1085.62 1085.62 1088.39 1034.51 1034.51 1034.51 1145.178 1144.13 1144.13 1138.636 1245.52 1245.52 1245.52 1576.646 1573.51 1573.51 1567.039 1692.92 1692.92 1692.92 1969.944 1967.32 1967.32 1966.037 1991 1991 1991 2045.436 2044.92 2044.92 2069.453 -9999 -9999 -9999 -9999 -9999 -9999 -9999 -9999
774.01 769.8051 851.61 851.61 851.61 850.0467 880.46 880.46 880.46 776.9293 777.91 777.91 775.6725 819.2 819.2 819.2 1043.535 1041.41 1041.41 1019.751 1017.2 1017.2 1017.2 994.5252 994.74 994.74 899.9724 888.81 888.81 888.81 994.5516 993.55 993.55 1265.087 1297.07 1297.07 1297.07 1107.901 1085.62 1085.62 1088.39 1034.51 1034.51 1034.51 1145.178 1144.13 1144.13 1138.636 1245.52 1245.52 1245.52 1576.646 1573.51 1573.51 1567.039 1692.92 1692.92 1692.92 1969.944 1967.32 1967.32 1966.037 1991 1991 1991 2045.436 2044.92 2044.92 2069.453 -9999 -9999 -9999 -9999 -9999 -9999 -9999 -9999
774.01 769.8051 851.61 851.61 851.61 877.4199 880.46 880.46 880.46 776.9293 777.91 777.91 775.6725 819.2 819.2 819.2 1043.535 1041.41 1041.41 1019.751 1017.2 1017.2 1017.2 994.5252 994.74 994.74 899.9724 888.81 888.81 888.81 994.5516 993.55 993.55 1265.087 1297.07 1297.07 1297.07 1083.598 1085.62 1085.62 1088.39 1034.51 1034.51 1034.51 1145.178 1144.13 1144.13 1138.636 1245.52 1245.52 1245.52 1576.646 1573.51 1573.51 1567.039 1692.92 1692.92 1692.92 1969.944 1967.32 1967.32 1966.037 1991 1991 1991 2045.436 2044.92 2044.92 1639.879 -9999 -9999 -9999 -9999 -9999 -9999 -9999 -9999
964.07 950.2419 1219.26 1219.26 1219.26 1344.57 1359.33 1359.33 1359.33 1082.276 1084.9 1084.9 1093.589 924.55 924.55 924.55 978.9655 978.45 978.45 960.2175 958.07 958.07 958.07 1002.309 1001.89 1001.89 972.9937 969.59 969.59 969.59 1077.411 1076.39 1076.39 1187.511 1200.6 1200.6 1286.904 1083.598 1085.62 1085.62 1088.39 1034.51 1034.51 1034.51 1145.178 1144.13 1144.13 1138.636 1245.52 1245.52 1245.52 1576.646 1573.51 1573.51 1567.039 1692.92 1692.92 1692.92 1969.944 1967.32 1967.32 1966.037 1991 1991 1991 2045.436 2044.92 2044.92 1639.879 -9999 -9999 -9999 -9999 -9999 -9999 -9999 -9999
964.07 950.2419 1219.26 1219.26 1219.26 1344.57 1359.33 1359.33 1374.201 1084.9 1084.9 1084.9 1093.589 924.55 924.55 924.55 978.9655 978.45 978.45 960.2175 958.07 958.07 958.07 1002.309 1001.89 1001.89 972.9937 969.59 969.59 969.59 1077.411 1076.39 1076.39 1187.511 1200.6 1200.6 1200.6 1030.095 1031.71 1031.71 1061.376 1064.87 1064.87 1064.87 1153.257 1152.42 1152.42 1138.537 1408.62 1408.62 1408.62 1595.288 1593.52 1593.52 1608.882 1310.02 1310.02 1310.02 1549.458 1547.19 1547.19 1519.132 2064.99 2064.99 2064.99 2160.878 2159.97 2159.97 1905.807 -9999 -9999 -9999 -9999 -9999 -9999 -9999 -9999
964.07 950.2419 1219.26 1219.26 1219.26 1344.57 1359.33 1359.33 1374.201 1084.9 1084.9 1084.9 941.4469 924.55 924.55 924.55 978.9655 978.45 978.45 960.2175 958.07 958.07 958.07 1002.309 1001.89 1001.89 972.9937 969.59 969.59 969.59 1077.411 1076.39 1076.39 1187.511 1200.6 1200.6 1200.6 1030.095 1031.71 1031.71 1061.376 1064.87 1064.87 1064.87 1153.257 1152.42 1152.42 1138.537 1408.62 1408.62 1408.62 1595.288 1593.52 1593.52 1608.882 1310.02 1310.02 1310.02 1549.458 1547.19 1547.19 1519.132 2064.99 2064.99 2064.99 2160.878 2159.97 2159.97 1905.807 -9999 -9999 -9999 -9999 -9999 -9999 -9999 -9999
964.07 950.2419 1219.26 1219.26 1219.26 1344.57 1359.33 1359.33 1374.201 1084.9 1084.9 1084.9 941.4469 924.55 924.55 921.6293 978.45 978.45 978.45 960.2175 958.07 958.07 958.07 1002.309 1001.89 1001.89 972.9937 969.59 969.59 969.59 1077.411 1076.39 1076.39 1187.511 1200.6 1200.6 1200.6 1030.095 1031.71 1031.71 1061.376 1064.87 1064.87 1064.87 1152.42 1152.42 1152.42 1138.537 1408.62 1408.62 1408.62 1595.288 1593.52 1593.52 1608.882 1310.02 1310.02 1310.02 1549.458 1547.19 1547.19 1519.132 2064.99 2064.99 2064.99 2160.878 2159.97 2159.97 1905.807 -9999 -9999 -9999 -9999 -9999 -9999 -9999 -9999
970.29 939.2004 1544.03 1544.03 1544.03 1844.266 1879.63 1879.63 1896.151 1574.75 1574.75 1574.75 1330.437 1301.66 1301.66 961.3672 978.45 978.45 978.45 960.2175 958.07 958.07 958.07 1002.309 1001.89 1001.89 972.9937 969.59 969.59 969.59 1077.411 1076.39 1076.39 1187.511 1200.6 1200.6 1200.6 1030.095 1031.71 1031.71 1061.376 1064.87 1064.87 1064.87 1152.42 1152.42 1152.42 1381.623 1408.62 1408.62 1408.62 1595.288 1593.52 1593.52 1608.882 1310.02 1310.02 1310.02 1549.458 1547.19 1547.19 1519.132 2064.99 2064.99 2064.99 2160.878 2159.97 2159.97 1905.807 -9999 -9999 -9999 -9999 -9999 -9999 -9999 -9999
970.29 939.2004 1544.03 1544.03 1544.03 1844.266 1879.63 1879.63 1896.151 1574.75 1574.75 1574.75 1330.437 1301.66 1301.66 1297.903 1370.99 1370.99 1370.99 1163.575 1165.54 1165.54 1165.54 1149.922 1150.07 1150.07 1005.669 988.66 988.66 988.66 1260.929 1258.35 1258.35 1136.708 1122.38 1122.38 1122.38 905.5361 907.59 907.59 855.1024 848.92 848.92 848.92 864.41 864.41 864.41 969.3316 981.69 981.69 981.69 1012.179 1011.89 1011.89 1008.956 1066.04 1312.353 1310.02 1549.458 1547.19 1547.19 1519.132 2064.99 2064.99 2064.99 2160.878 2159.97 2159.97 1905.807 -9999 -9999 -9999 -9999 -9999 -9999 -9999 -9999
970.29 939.2004 1544.03 1544.03 1544.03 1844.266 1879.63 1879.63 1896.151 1574.75 1574.75 1574.75 1330.437 1301.66 1301.66 1297.903 1370.99 1370.99 1370.99 1163.575 1165.54 1165.54 1166.378 1150.07 1150.07 1150.07 1005.669 988.66 988.66 988.66 1260.929 1258.35 1258.35 1136.708 1122.38 1122.38 1122.38 905.5361 907.59 907.59 855.1024 848.92 848.92 848.92 864.41 864.41 864.41 969.3316 981.69 981.69 980.0535 1011.89 1011.89 1011.89 1008.956 1066.04 1066.04 1066.04 1255.515 1253.72 1253.72 1231.27 1668.02 1668.02 1668.02 1924.075 1921.65 1921.65 1961.228 -9999 -9999 -9999 -9999 -9999 -9999 -9999 -9999
970.29 939.2004 1544.03 1544.03 1544.03 1844.266 1879.63 1879.63 1896.151 1574.75 1574.75 1574.75 1330.437 1301.66 1301.66 1297.903 1370.99 1370.99 1370.99 1163.575 1165.54 1165.54 1166.378 1150.07 1150.07 1150.07 1005.669 988.66 988.66 988.66 1260.929 1258.35 1258.35 1136.708 1122.38 1122.38 1122.38 905.5361 907.59 907.59 855.1024 848.92 848.92 848.92 864.41 864.41 864.41 969.3316 981.69 981.69 980.0535 1011.89 1011.89 1011.89 1008.956 1066.04 1066.04 1066.04 1255.515 1253.72 1253.72 1231.27 1668.02 1668.02 1668.02 1924.075 1921.65 1921.65 1961.228 -9999 -9999 -9999 -9999 -9999 -9999 -9999 -9999
970.29 939.2004 1544.03 1544.03 1544.03 1844.266 1879.63 1879.63 1896.151 1574.75 1574.75 1574.75 1330.437 1301.66 1301.66 1297.903 1370.99 1370.99 1370.99 1163.575 1165.54 1165.54 1166.378 1150.07 1150.07 1150.07 987.1165 988.66 988.66 988.66 1260.929 1258.35 1258.35 1136.708 1122.38 1122.38 1122.38 905.5361 907.59 907.59 855.1024 848.92 848.92 848.92 864.41 864.41 864.41 969.3316 981.69 981.69 980.0535 1011.89 1011.89 1011.89 1060.334 1066.04 1066.04 1066.04 1255.515 1253.72 1253.72 1231.27 1668.02 1668.02 1668.02 1924.075 1921.65 1921.65 1961.228 -9999 -9999 -9999 -9999 -9999 -9999 -9999 -9999
862.19 972.7478 985.77 985.77 985.77 1175.663 1198.03 1198.03 1189.889 1348.27 1348.27 1348.27 1107.428 1079.06 1079.06 1081.631 1031.61 1031.61 1031.61 998.4055 998.72 998.72 1002.974 920.21 920.21 920.21 908.1558 908.27 908.27 889.6783 1251.37 1251.37 1250.992 1136.708 1122.38 1122.38 1122.38 905.5361 907.59 907.59 855.1024 848.92 848.92 848.92 864.41 864.41 864.41 969.3316 981.69 981.69 980.0535 1011.89 1011.89 1011.89 1060.334 1066.04 1066.04 1066.04 1255.515 1253.72 1253.72 1231.27 1668.02 1668.02 1668.02 1924.075 1921.65 1921.65 1961.228 -9999 -9999 -9999 -9999 -9999 -9999 -9999 -9999
862.19 972.7478 985.77 985.77 985.77 1175.663 1198.03 1198.03 1189.889 1348.27 1348.27 1348.27 1107.428 1079.06 1079.06 1081.631 1031.61 1031.61 1031.61 998.4055 998.72 998.72 1002.974 920.21 920.21 920.21 908.1558 908.27 908.27 889.6783 1251.37 1251.37 1251.37 1308.698 1315.45 1315.45 1315.45 965.0814 968.4 968.4 854.0759 840.61 840.61 840.61 811.42 811.42 811.42 785.3328 782.26 782.26 784.0108 749.95 749.95 749.95 902.3494 920.3 920.3 901.3636 1269.76 1269.76 1269.76 1237.904 1857.65 1857.65 1857.65 2090.072 2087.87 2087.87 1729.206 -9999 -9999 -9999 -9999 -9999 -9999 -9999 -9999
862.19 972.7478 985.77 985.77 985.77 1200.06 1198.03 1198.03 1189.889 1348.27 1348.27 1348.27 1107.428 1079.06 1079.06 1081.631 1031.61 1031.61 1031.61 998.4055 998.72 998.72 1002.974 920.21 920.21 920.21 908.1558 908.27 908.27 889.6783 1251.37 1251.37 1251.37 1316.063 1315.45 1315.45 1315.45 965.0814 968.4 968.4 854.0759 840.61 840.61 840.61 811.42 811.42 811.42 785.3328 782.26 782.26 784.0108 749.95 749.95 749.95 902.3494 920.3 920.3 901.3636 1269.76 1269.76 1269.76 1237.904 1857.65 1857.65 1857.65 2090.072 2087.87 2087.87 1729.206 -9999 -9999 -9999 -9999 -9999 -9999 -9999 -9999
