Model and model input files/precip_1994.asc
ncols         625
nrows         453
xllcorner     138621.56993419
yllcorner     4094031.9406744
cellsize      1000
NODATA_value  -9999
[rows 0 to 33 of 453, columns 154 to 230 of 625]
309.95 309.95 343.4353 347.96 347.96 347.96 394.16 394.16 394.16 444.4981 451.3 451.3 451.3 548.25 548.25 548.25 548.25 504.17 504.17 504.17 478.53 478.53 478.53 478.53 535.45 535.45 535.45 538.87 538.87 538.87 538.87 537.71 537.71 537.71 603.04 603.04 603.04 603.04 724.15 724.15 724.15 787.36 787.36 787.36 851.1592 859.78 859.78 859.78 781.54 781.54 781.54 735.6683 729.47 729.47 729.47 774.84 774.84 774.84 776.4805 965.46 965.46 965.46 1153.08 1153.08 1153.08 1153.08 1057.54 1057.54 1057.54 -9999 -9999 -9999 -9999 -9999 -9999 -9999 -9999
309.95 309.95 343.9547 347.96 347.96 347.96 394.6018 394.16 394.16 445.2789 451.3 451.3 451.3 548.25 548.25 548.25 508.8149 504.17 504.17 504.17 478.2848 478.53 478.53 475.4456 535.45 535.45 535.45 538.9027 538.87 538.87 538.9329 537.71 537.71 537.71 603.6647 603.04 603.04 596.4774 724.15 724.15 724.15 787.9644 787.36 787.36 852.1487 859.78 859.78 859.78 780.7918 781.54 781.54 734.9568 729.47 729.47 729.47 775.2739 774.84 774.84 945.3734 965.46 965.46 965.46 1154.874 1153.08 1153.08 1158.257 1057.54 1057.54 1057.54 -9999 -9999 -9999 -9999 -9999 -9999 -9999 -9999
309.95 309.95 343.9547 347.96 347.96 347.96 394.6018 394.16 394.16 445.2789 451.3 451.3 451.3 548.25 548.25 548.25 508.8149 504.17 504.17 505.5594 478.53 478.53 478.53 475.4456 535.45 535.45 535.45 538.9027 538.87 538.87 538.9329 537.71 537.71 537.71 603.6647 603.04 603.04 596.4774 724.15 724.15 724.15 787.9644 787.36 787.36 852.1487 859.78 859.78 859.78 780.7918 781.54 781.54 734.9568 729.47 729.47 729.47 775.2739 774.84 774.84 945.3734 965.46 965.46 965.46 1153.08 1153.08 1153.08 1158.257 1057.54 1057.54 1057.54 -9999 -9999 -9999 -9999 -9999 -9999 -9999 -9999
313.24 313.24 341.3402 344.65 344.65 344.65 356.0883 355.98 355.98 373.0673 375.08 375.08 375.08 419.14 419.14 419.14 413.1013 407.4167 504.17 505.5594 478.53 478.53 478.53 529.4521 535.45 535.45 535.45 538.9027 538.87 538.87 538.9329 537.71 537.71 537.71 603.6647 603.04 603.04 596.4774 724.15 724.15 724.15 787.9644 787.36 787.36 852.1487 859.78 859.78 859.78 780.7918 781.54 781.54 734.9568 729.47 729.47 729.47 775.2739 774.84 774.84 945.3734 965.46 965.46 965.46 1153.08 1153.08 1153.08 1067.608 1057.54 1057.54 1057.54 -9999 -9999 -9999 -9999 -9999 -9999 -9999 -9999
313.24 313.24 341.3402 344.65 344.65 344.65 356.0883 355.98 355.98 373.0673 375.08 375.08 375.08 419.14 419.14 419.14 413.1013 412.39 412.39 411.1042 436.12 436.12 436.12 437.9182 438.13 438.13 438.123 438.26 438.26 438.26 437.9116 444.69 444.69 444.69 431.5152 431.64 431.64 422.6633 597.3 597.3 597.3 833.2651 831.03 831.03 858.8081 862.08 862.08 862.08 846.9164 847.06 847.06 742.5857 730.28 730.28 730.28 748.6843 748.51 748.51 875.6507 965.46 965.46 965.46 1153.08 1153.08 1153.08 1067.608 1057.54 1057.54 1077.006 -9999 -9999 -9999 -9999 -9999 -9999 -9999 -9999
313.24 313.24 341.3402 344.65 344.65 344.65 356.0883 355.98 355.98 373.0673 375.08 375.08 375.08 419.14 419.14 419.14 413.1013 412.39 412.39 411.1042 436.12 436.12 436.12 437.9182 438.13 438.13 438.123 438.26 438.26 438.26 444.0125 444.69 444.69 444.69 431.5152 431.64 431.64 422.6633 597.3 597.3 597.3 833.2651 831.03 831.03 858.8081 862.08 862.08 862.08 846.9164 847.06 847.06 742.5857 730.28 730.28 730.28 748.6843 748.51 748.51 879.4742 894.9 894.9 894.9 1077.47 1077.47 1077.47 1026.951 1021 1021 1035.93 -9999 -9999 -9999 -9999 -9999 -9999 -9999 -9999
313.24 313.24 341.3402 344.65 344.65 344.65 356.0883 355.98 355.98 373.0673 375.08 375.08 375.08 419.14 419.14 419.14 413.1013 412.39 412.39 411.1042 436.12 436.12 436.12 437.9182 438.13 438.13 438.123 438.26 438.26 438.26 444.0125 444.69 444.69 444.69 431.5152 431.64 431.64 422.6633 597.3 597.3 597.3 833.2651 831.03 831.03 858.8081 862.08 862.08 862.08 846.9164 847.06 847.06 742.5857 730.28 730.28 730.28 748.6843 748.51 748.51 879.4742 894.9 894.9 894.9 1077.47 1077.47 1077.47 1026.951 1021 1021 1035.93 -9999 -9999 -9999 -9999 -9999 -9999 -9999 -9999
313.24 313.24 341.3402 344.65 344.65 344.65 356.0883 355.98 355.98 373.0673 375.08 375.08 375.08 419.14 419.14 419.14 413.1013 412.39 412.39 411.1042 436.12 436.12 436.12 437.9182 438.13 438.13 438.123 438.26 438.26 438.26 444.0125 444.69 444.69 445.3972 431.64 431.64 431.64 422.6633 597.3 597.3 597.3 833.2651 831.03 831.03 858.8081 862.08 862.08 862.08 846.9164 847.06 847.06 742.5857 730.28 730.28 730.28 748.6843 748.51 748.51 879.4742 894.9 894.9 894.9 1077.47 1077.47 1077.47 1026.951 1021 1021 1035.93 -9999 -9999 -9999 -9999 -9999 -9999 -9999 -9999
413.1 413.1 397.26 397.41 397.41 397.41 408.808 408.7 408.7 488.2232 497.59 497.59 497.59 483.7 483.7 483.7 479.0837 478.54 478.54 476.9805 507.32 507.32 507.32 470.5509 466.22 466.22 465.1243 486.44 486.44 486.44 498.8484 500.31 500.31 502.0418 468.35 435.5083 431.64 579.8436 597.3 597.3 597.3 833.2651 831.03 831.03 858.8081 862.08 862.08 862.08 846.9164 847.06 847.06 742.5857 730.28 730.28 730.28 748.6843 748.51 748.51 879.4742 894.9 894.9 894.9 1077.47 1077.47 1077.47 1026.951 1021 1021 1035.93 -9999 -9999 -9999 -9999 -9999 -9999 -9999 -9999
413.1 413.1 397.26 397.41 397.41 397.41 408.808 408.7 408.7 488.2232 497.59 497.59 497.59 483.7 483.7 483.7 479.0837 478.54 478.54 476.9805 507.32 507.32 507.32 470.5509 466.22 466.22 465.1243 486.44 486.44 486.44 498.8484 500.31 500.31 502.0418 468.35 468.35 468.35 520.5334 526.68 526.68 518.1758 683.62 683.62 683.62 716.1933 720.03 720.03 720.03 908.0812 906.3 906.3 934.4717 937.79 937.79 937.79 920.6274 920.79 920.79 1076.339 1094.66 1094.66 1094.66 1336.73 1336.73 1336.73 1104.074 1076.67 1076.67 1090.57 -9999 -9999 -9999 -9999 -9999 -9999 -9999 -9999
413.1 413.1 397.26 397.41 397.41 396.7982 408.7 408.7 408.7 488.2232 497.59 497.59 497.59 483.7 483.7 483.7 479.0837 478.54 478.54 476.9805 507.32 507.32 507.32 470.5509 466.22 466.22 465.1243 486.44 486.44 486.44 498.8484 500.31 500.31 502.0418 468.35 468.35 468.35 520.5334 526.68 526.68 518.1758 683.62 683.62 683.62 720.3782 720.03 720.03 720.03 908.0812 906.3 906.3 934.4717 937.79 937.79 937.79 920.6274 920.79 920.79 1076.339 1094.66 1094.66 1094.66 1336.73 1336.73 1336.73 1104.074 1076.67 1076.67 1090.57 -9999 -9999 -9999 -9999 -9999 -9999 -9999 -9999
413.1 413.1 397.26 397.41 397.41 396.7982 408.7 408.7 408.7 498.44 497.59 497.59 497.59 483.7 483.7 483.7 479.0837 478.54 478.54 476.9805 507.32 507.32 507.32 470.5509 466.22 466.22 465.1243 486.44 486.44 486.44 498.8484 500.31 500.31 502.0418 468.35 468.35 468.35 520.5334 526.68 526.68 518.1758 683.62 683.62 683.62 720.3782 720.03 720.03 720.03 908.0812 906.3 906.3 934.4717 937.79 937.79 937.79 920.6274 920.79 920.79 1076.339 1094.66 1094.66 1094.66 1336.73 1336.73 1336.73 1104.074 1076.67 1076.67 1090.57 -9999 -9999 -9999 -9999 -9999 -9999 -9999 -9999
606.42 606.42 544.2938 397.41 397.41 396.7982 408.7 408.7 408.7 498.44 497.59 497.59 498.3427 483.7 483.7 483.7 479.0837 478.54 478.54 476.9805 507.32 507.32 507.32 470.5509 466.22 466.22 465.1243 486.44 486.44 486.44 498.8484 500.31 500.31 502.0418 468.35 468.35 468.35 520.5334 526.68 526.68 518.1758 683.62 683.62 683.62 720.3782 720.03 720.03 709.9365 906.3 906.3 906.3 934.4717 937.79 937.79 937.79 920.6274 920.79 920.79 1076.339 1094.66 1094.66 1094.66 1336.73 1336.73 1336.73 1104.074 1076.67 1076.67 1090.57 -9999 -9999 -9999 -9999 -9999 -9999 -9999 -9999
606.42 606.42 536.7097 537.37 537.37 542.9545 434.31 434.31 434.31 519.7493 518.94 518.94 517.6465 542.81 542.81 542.81 551.9869 551.9 551.9 554.4707 504.46 504.46 504.46 527.6577 530.39 530.39 530.3542 531.05 531.05 531.05 657.1743 672.03 672.03 668.9235 729.36 729.36 729.36 586.1573 569.29 569.29 568.3411 586.8 586.8 586.8 703.4449 702.34 702.34 697.3375 794.66 794.66 794.66 1022.064 1019.91 1019.91 1024.36 920.6274 920.79 920.79 1076.339 1094.66 1094.66 1094.66 1336.73 1336.73 1336.73 1104.074 1076.67 1076.67 1090.57 -9999 -9999 -9999 -9999 -9999 -9999 -9999 -9999
606.42 606.42 536.7097 537.37 537.37 542.9545 434.31 434.31 434.31 519.7493 518.94 518.94 517.6465 542.81 542.81 542.81 551.9869 551.9 551.9 509.459 504.46 504.46 504.46 527.6577 530.39 530.39 530.3542 531.05 531.05 531.05 657.1743 672.03 672.03 668.9235 729.36 729.36 729.36 586.1573 569.29 569.29 568.3411 586.8 586.8 586.8 703.4449 702.34 702.34 697.3375 794.66 794.66 794.66 1022.064 1019.91 1019.91 1015.751 1096.66 1096.66 1096.66 1187.25 1197.92 1197.92 1197.92 1371.85 1371.85 1371.85 1350.996 1348.54 1348.54 1370.431 -9999 -9999 -9999 -9999 -9999 -9999 -9999 -9999
606.42 606.42 536.7097 537.37 537.37 542.9545 434.31 434.31 434.31 519.7493 518.94 518.94 517.6465 542.81 542.81 542.81 551.9869 551.9 551.9 509.459 504.46 504.46 504.46 527.6577 530.39 530.39 530.3542 531.05 531.05 531.05 657.1743 672.03 672.03 668.9235 729.36 729.36 729.36 586.1573 569.29 569.29 568.3411 586.8 586.8 586.8 703.4449 702.34 702.34 697.3375 794.66 794.66 794.66 1022.064 1019.91 1019.91 1015.751 1096.66 1096.66 1096.66 1187.25 1197.92 1197.92 1197.92 1371.85 1371.85 1371.85 1350.996 1348.54 1348.54 1370.431 -9999 -9999 -9999 -9999 -9999 -9999 -9999 -9999
606.42 606.42 536.7097 537.37 537.37 542.9545 434.31 434.31 434.31 519.7493 518.94 518.94 517.6465 542.81 542.81 542.81 551.9869 551.9 551.9 509.459 504.46 504.46 504.46 530.638 530.39 530.39 530.3542 531.05 531.05 531.05 657.1743 672.03 672.03 668.9235 729.36 729.36 729.36 586.1573 569.29 569.29 568.3411 586.8 586.8 586.8 703.4449 702.34 702.34 697.3375 794.66 794.66 794.66 1022.064 1019.91 1019.91 1015.751 1096.66 1096.66 1096.66 1198.888 1197.92 1197.92 1197.92 1371.85 1371.85 1371.85 1350.996 1348.54 1348.54 1370.431 -9999 -9999 -9999 -9999 -9999 -9999 -9999 -9999
507.24 507.24 556.0927 555.63 555.63 554.6942 572.9 572.9 572.9 502.907 503.57 503.57 502.1015 530.67 530.67 530.67 679.5502 678.14 678.14 509.459 504.46 504.46 504.46 530.638 530.39 530.39 530.9805 531.05 531.05 531.05 657.1743 672.03 672.03 668.9235 729.36 729.36 729.36 586.1573 569.29 569.29 568.3411 586.8 586.8 586.8 703.4449 702.34 702.34 697.3375 794.66 794.66 794.66 1022.064 1019.91 1019.91 1015.751 1096.66 1096.66 1096.66 1198.888 1197.92 1197.92 1197.92 1371.85 1371.85 1371.85 1350.996 1348.54 1348.54 1370.431 -9999 -9999 -9999 -9999 -9999 -9999 -9999 -9999
507.24 507.24 556.0927 555.63 555.63 554.6942 572.9 572.9 572.9 502.907 503.57 503.57 502.1015 530.67 530.67 530.67 679.5502 678.14 678.14 659.3529 657.14 657.14 657.14 634.4854 634.7 634.7 566.8964 558.91 558.91 558.91 622.9383 630.48 630.48 619.2626 837.49 837.49 837.49 708.0377 692.79 692.79 694.7434 656.74 656.74 656.74 735.0518 734.31 734.31 730.4193 806.11 806.11 806.11 1043.812 1041.56 1041.56 1036.834 1128.77 1128.77 1128.77 1337.82 1335.84 1212.453 1188.495 1371.85 1371.85 1371.85 1350.996 1348.54 1348.54 1370.431 -9999 -9999 -9999 -9999 -9999 -9999 -9999 -9999
507.24 507.24 556.0927 555.63 555.63 554.6942 572.9 572.9 572.9 502.907 503.57 503.57 502.1015 530.67 530.67 530.67 679.5502 678.14 678.14 659.3529 657.14 657.14 657.14 634.4854 634.7 634.7 566.8964 558.91 558.91 558.91 631.1644 630.48 630.48 619.2626 837.49 837.49 837.49 708.0377 692.79 692.79 694.7434 656.74 656.74 656.74 735.0518 734.31 734.31 730.4193 806.11 806.11 806.11 1043.812 1041.56 1041.56 1036.834 1128.77 1128.77 1128.77 1337.82 1335.84 1335.84 1332.35 1400.24 1400.24 1400.24 1486.194 1485.38 1485.38 1504.333 -9999 -9999 -9999 -9999 -9999 -9999 -9999 -9999
507.24 504.6179 555.63 555.63 555.63 554.6942 572.9 572.9 572.9 502.907 503.57 503.57 502.1015 530.67 530.67 530.67 679.5502 678.14 678.14 659.3529 657.14 657.14 657.14 634.4854 634.7 634.7 566.8964 558.91 558.91 558.91 631.1644 630.48 630.48 815.6763 837.49 837.49 837.49 708.0377 692.79 692.79 694.7434 656.74 656.74 656.74 735.0518 734.31 734.31 730.4193 806.11 806.11 806.11 1043.812 1041.56 1041.56 1036.834 1128.77 1128.77 1128.77 1337.82 1335.84 1335.84 1332.35 1400.24 1400.24 1400.24 1486.194 1485.38 1485.38 1504.333 -9999 -9999 -9999 -9999 -9999 -9999 -9999 -9999
507.24 504.6179 555.63 555.63 555.63 571.0802 572.9 572.9 572.9 502.907 503.57 503.57 502.1015 530.67 530.67 530.67 679.5502 678.14 678.14 659.3529 657.14 657.14 657.14 634.4854 634.7 634.7 566.8964 558.91 558.91 558.91 631.1644 630.48 630.48 815.6763 837.49 837.49 837.49 691.4063 692.79 692.79 694.7434 656.74 656.74 656.74 735.0518 734.31 734.31 730.4193 806.11 806.11 806.11 1043.812 1041.56 1041.56 1036.834 1128.77 1128.77 1128.77 1337.82 1335.84 1335.84 1332.35 1400.24 1400.24 1400.24 1486.194 1485.38 1485.38 1172.467 -9999 -9999 -9999 -9999 -9999 -9999 -9999 -9999
633.66 624.615 800.58 800.58 800.58 885.2831 895.26 895.26 895.26 703.4027 705.22 705.22 711.0294 598.01 598.01 598.01 631.3155 631 631 615.4156 613.58 613.58 613.58 639.869 639.62 639.62 619.1689 616.76 616.76 616.76 694.042 693.31 693.31 766.0341 774.6 774.6 830.863 691.4063 692.79 692.79 694.7434 656.74 656.74 656.74 735.0518 734.31 734.31 730.4193 806.11 806.11 806.11 1043.812 1041.56 1041.56 1036.834 1128.77 1128.77 1128.77 1337.82 1335.84 1335.84 1332.35 1400.24 1400.24 1400.24 1486.194 1485.38 1485.38 1172.467 -9999 -9999 -9999 -9999 -9999 -9999 -9999 -9999
633.66 624.615 800.58 800.58 800.58 885.2831 895.26 895.26 905.5578 705.22 705.22 705.22 711.0294 598.01 598.01 598.01 631.3155 631 631 615.4156 613.58 613.58 613.58 639.869 639.62 639.62 619.1689 616.76 616.76 616.76 694.042 693.31 693.31 766.0341 774.6 774.6 774.6 653.816 654.96 654.96 674.8833 677.23 677.23 677.23 738.9547 738.37 738.37 728.8178 914.65 914.65 914.65 1046.115 1044.87 1044.87 1055.694 845.11 845.11 845.11 1020.259 1018.6 1018.6 996.7911 1421.07 1421.07 1421.07 1525.368 1524.38 1524.38 1349.159 -9999 -9999 -9999 -9999 -9999 -9999 -9999 -9999
633.66 624.615 800.58 800.58 800.58 885.2831 895.26 895.26 905.5578 705.22 705.22 705.22 609.3073 598.01 598.01 598.01 631.3155 631 631 615.4156 613.58 613.58 613.58 639.869 639.62 639.62 619.1689 616.76 616.76 616.76 694.042 693.31 693.31 766.0341 774.6 774.6 774.6 653.816 654.96 654.96 674.8833 677.23 677.23 677.23 738.9547 738.37 738.37 728.8178 914.65 914.65 914.65 1046.115 1044.87 1044.87 1055.694 845.11 845.11 845.11 1020.259 1018.6 1018.6 996.7911 1421.07 1421.07 1421.07 1525.368 1524.38 1524.38 1349.159 -9999 -9999 -9999 -9999 -9999 -9999 -9999 -9999
633.66 624.615 800.58 800.58 800.58 885.2831 895.26 895.26 905.5578 705.22 705.22 705.22 609.3073 598.01 598.01 596.2224 631 631 631 615.4156 613.58 613.58 613.58 639.869 639.62 639.62 619.1689 616.76 616.76 616.76 694.042 693.31 693.31 766.0341 774.6 774.6 774.6 653.816 654.96 654.96 674.8833 677.23 677.23 677.23 738.37 738.37 738.37 728.8178 914.65 914.65 914.65 1046.115 1044.87 1044.87 1055.694 845.11 845.11 845.11 1020.259 1018.6 1018.6 996.7911 1421.07 1421.07 1421.07 1525.368 1524.38 1524.38 1349.159 -9999 -9999 -9999 -9999 -9999 -9999 -9999 -9999
641.18 619.7711 1036.27 1036.27 1036.27 1220.196 1241.86 1241.86 1252.633 1043.05 1043.05 1043.05 880.2462 861.07 861.07 623.9423 631 631 631 615.4156 613.58 613.58 613.58 639.869 639.62 639.62 619.1689 616.76 616.76 616.76 694.042 693.31 693.31 766.0341 774.6 774.6 774.6 653.816 654.96 654.96 674.8833 677.23 677.23 677.23 738.37 738.37 738.37 896.0745 914.65 914.65 914.65 1046.115 1044.87 1044.87 1055.694 845.11 845.11 845.11 1020.259 1018.6 1018.6 996.7911 1421.07 1421.07 1421.07 1525.368 1524.38 1524.38 1349.159 -9999 -9999 -9999 -9999 -9999 -9999 -9999 -9999
641.18 619.7711 1036.27 1036.27 1036.27 1220.196 1241.86 1241.86 1252.633 1043.05 1043.05 1043.05 880.2462 861.07 861.07 858.4441 909.53 909.53 909.53 752.856 754.34 754.34 754.34 745.0823 745.17 745.17 643.3527 631.36 631.36 631.36 825.3171 823.48 823.48 733.0245 722.37 722.37 722.37 561.476 563 563 518.5103 513.27 513.27 513.27 523.39 523.39 523.39 600.8377 609.96 609.96 609.96 628.7581 628.58 628.58 626.4033 668.75 846.7964 845.11 1020.259 1018.6 1018.6 996.7911 1421.07 1421.07 1421.07 1525.368 1524.38 1524.38 1349.159 -9999 -9999 -9999 -9999 -9999 -9999 -9999 -9999
641.18 619.7711 1036.27 1036.27 1036.27 1220.196 1241.86 1241.86 1252.633 1043.05 1043.05 1043.05 880.2462 861.07 861.07 858.4441 909.53 909.53 909.53 752.856 754.34 754.34 754.8369 745.17 745.17 745.17 643.3527 631.36 631.36 631.36 825.3171 823.48 823.48 733.0245 722.37 722.37 722.37 561.476 563 563 518.5103 513.27 513.27 513.27 523.39 523.39 523.39 600.8377 609.96 609.96 608.951 628.58 628.58 628.58 626.4033 668.75 668.75 668.75 808.4532 807.13 807.13 789.8355 1126.29 1126.29 1126.29 1354.774 1352.61 1352.61 1391.097 -9999 -9999 -9999 -9999 -9999 -9999 -9999 -9999
641.18 619.7711 1036.27 1036.27 1036.27 1220.196 1241.86 1241.86 1252.633 1043.05 1043.05 1043.05 880.2462 861.07 861.07 858.4441 909.53 909.53 909.53 752.856 754.34 754.34 754.8369 745.17 745.17 745.17 643.3527 631.36 631.36 631.36 825.3171 823.48 823.48 733.0245 722.37 722.37 722.37 561.476 563 563 518.5103 513.27 513.27 513.27 523.39 523.39 523.39 600.8377 609.96 609.96 608.951 628.58 628.58 628.58 626.4033 668.75 668.75 668.75 808.4532 807.13 807.13 789.8355 1126.29 1126.29 1126.29 1354.774 1352.61 1352.61 1391.097 -9999 -9999 -9999 -9999 -9999 -9999 -9999 -9999
641.18 619.7711 1036.27 1036.27 1036.27 1220.196 1241.86 1241.86 1252.633 1043.05 1043.05 1043.05 880.2462 861.07 861.07 858.4441 909.53 909.53 909.53 752.856 754.34 754.34 754.8369 745.17 745.17 745.17 630.2717 631.36 631.36 631.36 825.3171 823.48 823.48 733.0245 722.37 722.37 722.37 561.476 563 563 518.5103 513.27 513.27 513.27 523.39 523.39 523.39 600.8377 609.96 609.96 608.951 628.58 628.58 628.58 664.5171 668.75 668.75 668.75 808.4532 807.13 807.13 789.8355 1126.29 1126.29 1126.29 1354.774 1352.61 1352.61 1391.097 -9999 -9999 -9999 -9999 -9999 -9999 -9999 -9999
552.18 629.5561 638.67 638.67 638.67 767.9702 783.2 783.2 777.0497 896.7 896.7 896.7 715.9232 694.63 694.63 696.7184 656.09 656.09 656.09 628.9025 629.16 629.16 632.2519 572.1 572.1 572.1 564.0033 564.08 564.08 550.8821 807.64 807.64 806.7817 733.0245 722.37 722.37 722.37 561.476 563 563 518.5103 513.27 513.27 513.27 523.39 523.39 523.39 600.8377 609.96 609.96 608.951 628.58 628.58 628.58 664.5171 668.75 668.75 668.75 808.4532 807.13 807.13 789.8355 1126.29 1126.29 1126.29 1354.774 1352.61 1352.61 1391.097 -9999 -9999 -9999 -9999 -9999 -9999 -9999 -9999
552.18 629.5561 638.67 638.67 638.67 767.9702 783.2 783.2 777.0497 896.7 896.7 896.7 715.9232 694.63 694.63 696.7184 656.09 656.09 656.09 628.9025 629.16 629.16 632.2519 572.1 572.1 572.1 564.0033 564.08 564.08 550.8821 807.64 807.64 807.64 856.4865 862.24 862.24 862.24 604.9933 607.43 607.43 514.1832 503.2 503.2 503.2 477.88 477.88 477.88 454.575 451.83 451.83 453.4388 422.14 422.14 422.14 541.6172 555.69 555.69 541.9101 809.99 809.99 809.99 784.8746 1273.48 1273.48 1273.48 1509.395 1507.16 1507.16 1231.454 -9999 -9999 -9999 -9999 -9999 -9999 -9999 -9999
552.18 629.5561 638.67 638.67 638.67 784.5821 783.2 783.2 777.0497 896.7 896.7 896.7 715.9232 694.63 694.63 696.7184 656.09 656.09 656.09 628.9025 629.16 629.16 632.2519 572.1 572.1 572.1 564.0033 564.08 564.08 550.8821 807.64 807.64 807.64 862.7621 862.24 862.24 862.24 604.9933 607.43 607.43 514.1832 503.2 503.2 503.2 477.88 477.88 477.88 454.575 451.83 451.83 453.4388 422.14 422.14 422.14 541.6172 555.69 555.69 541.9101 809.99 809.99 809.99 784.8746 1273.48 1273.48 1273.48 1509.395 1507.16 1507.16 1231.454 -9999 -9999 -9999 -9999 -9999 -9999 -9999 -9999
