Model and model input files/precip_1989.asc
ncols         625
nrows         453
xllcorner     138621.56993419
yllcorner     4094031.9406744
cellsize      1000
NODATA_value  -9999
[rows 68 to 101 of 453, columns 0 to 76 of 625]
-9999 -9999 -9999 -9999 -9999 -9999 -9999 -9999 -9999 -9999 -9999 -9999 -9999 -9999 -9999 -9999 -9999 232.18 232.18 232.18 235.2289 235.2 235.2 235.5701 228.37 228.37 228.37 231.7218 231.69 231.69 230.7417 249.19 249.19 249.19 290.3249 295.17 295.17 295.17 304.11 304.11 304.11 289.6707 287.97 287.97 288.9719 269.48 269.48 269.48 260.3638 259.29 259.29 259.29 246.2464 246.37 246.37 247.5789 224.06 224.06 224.06 198.7301 198.97 198.97 195.0426 194.58 194.58 194.58 195.0242 195.02 195.02 193.1955 228.69 228.69 228.69 234.8897 235.62 235.62 235.6807
-9999 -9999 -9999 -9999 -9999 -9999 -9999 -9999 -9999 -9999 -9999 -9999 -9999 -9999 -9999 -9999 -9999 232.18 232.18 232.18 235.2289 235.2 235.2 235.5701 228.37 228.37 228.37 231.7218 231.69 231.69 230.7417 249.19 249.19 249.19 295.6097 295.17 295.17 295.17 304.11 304.11 304.11 289.6707 287.97 287.97 288.3824 280.36 280.36 280.36 260.7498 258.44 258.44 259.3563 241.53 241.53 241.53 242.0123 232.63 232.63 232.63 225.2097 225.28 225.28 222.5067 222.18 222.18 222.18 225.4813 225.45 195.02 225.142 228.69 228.69 228.69 234.8897 235.62 235.62 235.6807
-9999 -9999 -9999 -9999 -9999 -9999 -9999 -9999 -9999 -9999 -9999 -9999 -9999 -9999 -9999 -9999 -9999 232.18 232.18 232.0163 235.2 235.2 235.2 235.5701 228.37 228.37 228.37 231.7218 231.69 231.69 230.7417 249.19 249.19 249.19 295.6097 295.17 295.17 294.6856 304.11 304.11 304.11 289.6707 287.97 287.97 288.3824 280.36 280.36 280.36 260.7498 258.44 258.44 259.3563 241.53 241.53 241.53 242.0123 232.63 232.63 232.63 225.2097 225.28 225.28 222.5067 222.18 222.18 222.18 225.4813 225.45 225.45 254.078 257.45 257.45 257.45 281.9627 284.85 284.85 284.9102
-9999 -9999 -9999 -9999 -9999 -9999 -9999 -9999 -9999 -9999 -9999 -9999 -9999 -9999 -9999 -9999 -9999 232.18 232.18 232.0163 235.2 235.2 235.2 235.5701 228.37 228.37 228.37 231.7218 231.69 231.69 230.7417 249.19 249.19 249.19 295.6097 295.17 295.17 294.6856 304.11 304.11 304.11 289.6707 287.97 287.97 288.3824 280.36 280.36 280.36 260.7498 258.44 258.44 259.3563 241.53 241.53 241.53 233.5678 232.63 232.63 232.63 225.2097 225.28 225.28 222.5067 222.18 222.18 222.18 225.4813 225.45 225.45 254.078 257.45 257.45 257.45 285.112 284.85 284.85 284.9102
-9999 -9999 -9999 -9999 -9999 -9999 -9999 -9999 -9999 -9999 -9999 -9999 -9999 -9999 -9999 -9999 -9999 181.89 181.89 180.7428 203.06 203.06 203.06 237.7536 241.84 229.7894 228.37 231.7218 231.69 231.69 230.7417 249.19 249.19 249.19 295.6097 295.17 295.17 294.6856 304.11 304.11 304.11 287.8157 287.97 287.97 288.3824 280.36 280.36 280.36 260.7498 258.44 258.44 259.3563 241.53 241.53 241.53 233.5678 232.63 232.63 232.63 225.2097 225.28 225.28 222.5067 222.18 222.18 222.18 225.4813 225.45 225.45 254.078 257.45 257.45 257.45 285.112 284.85 284.85 284.9102
-9999 -9999 -9999 -9999 -9999 -9999 -9999 -9999 -9999 -9999 -9999 -9999 -9999 -9999 -9999 -9999 -9999 181.89 181.89 180.7428 203.06 203.06 203.06 237.7536 241.84 241.84 236.7296 336.15 336.15 336.15 335.1979 353.72 353.72 353.72 324.6648 324.94 324.94 324.5016 333.03 333.03 333.03 336.8966 336.86 336.86 339.4897 288.33 288.33 281.1998 260.7498 258.44 258.44 259.3563 241.53 241.53 241.53 233.5678 232.63 232.63 233.0283 225.28 225.28 225.28 222.5067 222.18 222.18 222.18 225.4813 225.45 225.45 254.078 257.45 257.45 257.45 285.112 284.85 284.85 283.857
-9999 -9999 -9999 -9999 -9999 -9999 -9999 -9999 -9999 -9999 -9999 -9999 -9999 -9999 -9999 -9999 -9999 181.89 181.89 180.7428 203.06 203.06 203.06 237.7536 241.84 241.84 236.7296 336.15 336.15 336.15 335.1979 353.72 353.72 353.72 324.6648 324.94 324.94 324.5016 333.03 333.03 333.03 336.8966 336.86 336.86 293.4438 288.33 288.33 288.33 262.4753 259.43 259.43 260.9348 231.66 231.66 231.66 211.8709 209.54 209.54 209.7968 204.8 204.8 204.8 203.5279 203.54 203.54 203.54 218.9459 218.8 218.8 251.0691 254.7302 257.45 257.45 285.112 284.85 284.85 283.857
-9999 -9999 -9999 -9999 -9999 -9999 -9999 -9999 -9999 -9999 -9999 -9999 -9999 -9999 -9999 -9999 -9999 181.89 181.89 180.7428 203.06 203.06 203.06 237.7536 241.84 241.84 236.7296 336.15 336.15 336.15 351.8686 353.72 353.72 353.72 324.6648 324.94 324.94 324.5016 333.03 333.03 333.03 336.8966 336.86 336.86 293.4438 288.33 288.33 288.33 259.1536 259.43 259.43 260.9348 231.66 231.66 231.66 211.8709 209.54 209.54 209.7968 204.8 204.8 204.8 203.5279 203.54 203.54 203.54 218.9459 218.8 218.8 251.0691 254.87 254.87 254.87 275.3237 275.13 275.13 260.4224
-9999 -9999 -9999 -9999 -9999 -9999 -9999 -9999 -9999 -9999 -9999 -9999 -9999 -9999 -9999 -9999 -9999 181.89 181.89 180.7428 203.06 203.06 203.06 237.7536 241.84 241.84 236.7296 336.15 336.15 336.15 351.8686 353.72 353.72 355.2795 324.94 324.94 324.94 324.5016 333.03 333.03 333.03 336.8966 336.86 336.86 293.4438 288.33 288.33 288.33 259.1536 259.43 259.43 260.9348 231.66 231.66 231.66 211.8709 209.54 209.54 209.7968 204.8 204.8 204.8 203.5279 203.54 203.54 202.7131 218.8 218.8 218.8 251.0691 254.87 254.87 254.87 275.3237 275.13 275.13 260.4224
-9999 -9999 -9999 -9999 -9999 -9999 -9999 -9999 -9999 -9999 -9999 -9999 -9999 -9999 -9999 -9999 -9999 161.4 161.4 182.1374 184.58 184.58 184.58 212.7786 216.1 216.1 213.1143 271.2 271.2 271.2 292.5547 295.07 295.07 297.6466 247.52 325.6803 324.94 324.5016 333.03 333.03 333.03 336.8966 336.86 336.86 293.4438 288.33 288.33 288.33 259.1536 259.43 259.43 234.5863 231.66 231.66 231.66 211.8709 209.54 209.54 209.7968 204.8 204.8 204.8 203.5279 203.54 203.54 202.7131 218.8 218.8 218.8 251.0691 254.87 254.87 254.87 275.3237 275.13 275.13 260.4224
-9999 -9999 -9999 -9999 -9999 -9999 -9999 -9999 -9999 -9999 -9999 -9999 -9999 -9999 -9999 -9999 -9999 161.4 161.4 182.1374 184.58 184.58 184.58 212.7786 216.1 216.1 213.1143 271.2 271.2 271.2 292.5547 295.07 295.07 297.6466 247.52 247.52 247.52 244.3262 243.95 243.95 243.95 237.3172 237.38 237.38 217.0989 214.71 214.71 214.71 215.9013 215.89 215.89 226.2229 227.44 227.44 227.44 198.9194 195.56 194.8025 209.7968 204.8 204.8 204.8 203.5279 203.54 203.54 202.7131 218.8 218.8 218.8 255.2149 254.87 254.87 254.87 275.3237 275.13 275.13 260.4224
-9999 -9999 -9999 -9999 -9999 -9999 -9999 -9999 -9999 -9999 -9999 -9999 -9999 -9999 -9999 -9999 -9999 161.4 161.4 182.1374 184.58 184.58 184.58 216.4014 216.1 216.1 213.1143 271.2 271.2 271.2 292.5547 295.07 295.07 297.6466 247.52 247.52 247.52 244.3262 243.95 243.95 243.95 237.3172 237.38 237.38 217.0989 214.71 214.71 214.71 215.9013 215.89 215.89 226.2229 227.44 227.44 227.44 195.2551 195.56 195.56 196.1089 185.43 185.43 185.43 186.1569 186.15 186.15 185.8937 190.88 190.88 190.88 233.3826 232.98 232.98 231.1658 266.46 266.46 266.46 239.6123
-9999 -9999 -9999 -9999 -9999 -9999 -9999 -9999 -9999 -9999 -9999 -9999 -9999 -9999 -9999 -9999 -9999 161.4 161.4 182.1374 184.58 184.58 184.58 216.4014 216.1 216.1 265.3939 271.2 271.2 271.2 292.5547 295.07 295.07 297.6466 247.52 247.52 247.52 244.3262 243.95 243.95 244.306 237.38 237.38 237.38 217.0989 214.71 214.71 214.71 215.9013 215.89 215.89 226.2229 227.44 227.44 227.44 195.2551 195.56 195.56 186.4974 185.43 185.43 185.43 186.1569 186.15 186.15 185.8937 190.88 190.88 190.88 233.3826 232.98 232.98 231.1658 266.46 266.46 266.46 239.6123
-9999 -9999 -9999 -9999 -9999 -9999 -9999 -9999 -9999 -9999 -9999 -9999 -9999 -9999 -9999 -9999 -9999 161.06 161.06 166.4277 167.06 167.06 167.06 211.9691 216.1 216.1 265.3939 271.2 271.2 271.2 292.5547 295.07 295.07 297.6466 247.52 247.52 247.52 244.3262 243.95 243.95 244.306 237.38 237.38 237.38 214.4932 214.71 214.71 214.71 215.9013 215.89 215.89 226.2229 227.44 227.44 227.44 195.2551 195.56 195.56 186.4974 185.43 185.43 185.43 186.1569 186.15 186.15 185.8937 190.88 190.88 190.88 233.3826 232.98 232.98 231.1658 266.46 266.46 266.46 236.163
-9999 -9999 -9999 -9999 -9999 -9999 -9999 -9999 -9999 -9999 -9999 -9999 -9999 -9999 -9999 -9999 -9999 161.06 161.06 166.4277 167.06 167.06 167.06 176.1663 176.08 176.08 183.4696 184.34 184.34 184.34 179.6859 179.73 179.73 179.6688 180.86 180.86 180.86 179.5002 179.34 179.34 179.3817 178.57 178.57 178.57 166.3465 214.71 214.71 214.71 215.9013 215.89 215.89 226.2229 227.44 227.44 227.44 195.2551 195.56 195.56 186.4974 185.43 185.43 185.43 186.15 186.15 186.15 185.8937 190.88 190.88 190.88 233.3826 232.98 232.98 231.1658 266.46 266.46 266.46 236.163
-9999 -9999 -9999 -9999 -9999 -9999 -9999 -9999 -9999 -9999 -9999 -9999 -9999 -9999 -9999 -9999 -9999 161.06 161.06 166.4277 167.06 167.06 167.06 176.1663 176.08 176.08 183.4696 184.34 184.34 184.34 179.6859 179.73 179.73 180.7409 180.86 180.86 180.86 179.5002 179.34 179.34 179.3817 178.57 178.57 178.57 168.8277 168.92 168.92 168.7341 172.35 172.35 172.35 187.7018 189.51 189.51 189.51 182.0493 182.12 182.12 177.8616 177.36 177.36 177.36 175.56 175.56 175.56 174.6979 191.47 191.47 190.9422 233.3826 232.98 232.98 231.1658 266.46 266.46 266.46 236.163
-9999 -9999 -9999 -9999 -9999 -9999 -9999 -9999 -9999 -9999 -9999 -9999 -9999 -9999 -9999 -9999 -9999 161.06 161.06 167.1174 167.06 167.06 167.06 176.1663 176.08 176.08 183.4696 184.34 184.34 184.34 179.6859 179.73 179.73 180.7409 180.86 180.86 180.86 179.5002 179.34 179.34 179.3817 178.57 178.57 178.57 168.8277 168.92 168.92 168.7341 172.35 172.35 172.35 187.7018 189.51 189.51 189.51 182.0493 182.12 182.12 177.8616 177.36 177.36 177.36 175.56 175.56 175.56 189.7935 191.47 191.47 191.47 239.4242 238.97 238.97 238.86 241 241 241 218.4767
-9999 -9999 -9999 -9999 -9999 -9999 -9999 -9999 -9999 -9999 -9999 -9999 -9999 -9999 -9999 -9999 -9999 161.06 161.06 167.1174 167.06 167.06 167.06 176.1663 176.08 176.08 183.4696 184.34 184.34 184.34 179.6859 179.73 179.73 180.7409 180.86 180.86 180.86 179.3255 179.34 179.34 179.3817 178.57 178.57 178.57 168.8277 168.92 168.92 168.7341 172.35 172.35 172.35 189.6741 189.51 189.51 189.51 182.0493 182.12 182.12 177.8616 177.36 177.36 177.36 175.56 175.56 175.56 189.7935 191.47 191.47 191.47 239.4242 238.97 238.97 238.86 241 241 241 218.4767
-9999 -9999 -9999 -9999 -9999 -9999 -9999 -9999 -9999 -9999 -9999 -9999 -9999 -9999 -9999 -9999 -9999 165.24 165.24 161.2623 161.3 161.3 161.1483 164.1 164.1 174.8176 183.4696 184.34 184.34 184.34 179.6859 179.73 179.73 180.7409 180.86 180.86 180.86 179.3255 179.34 179.34 179.3817 178.57 178.57 178.57 168.8277 168.92 168.92 168.7341 172.35 172.35 172.35 189.6741 189.51 189.51 189.9104 182.12 182.12 182.12 177.8616 177.36 177.36 177.36 175.56 175.56 175.56 189.7935 191.47 191.47 188.8961 238.97 238.97 238.97 238.86 241 241 241 218.4767
-9999 -9999 -9999 -9999 -9999 -9999 -9999 -9999 -9999 -9999 -9999 -9999 -9999 -9999 -9999 -9999 -9999 165.24 165.24 161.2623 161.3 161.3 161.1483 164.1 164.1 164.1 163.9789 163.98 163.98 163.98 161.5671 161.59 161.59 173.399 174.79 174.79 174.79 182.5434 182.47 182.47 177.6032 177.03 177.03 177.03 165.733 165.84 165.84 166.0784 161.44 161.44 161.44 174.8975 174.77 174.77 174.4649 181.9388 182.12 182.12 177.8616 177.36 177.36 177.36 175.56 175.56 175.56 189.7935 191.47 191.47 188.8961 238.97 238.97 238.97 240.7861 241 241 241 218.4767
-9999 -9999 -9999 -9999 -9999 -9999 -9999 -9999 -9999 -9999 -9999 -9999 -9999 -9999 -9999 -9999 -9999 165.24 165.24 161.2623 161.3 161.3 161.1483 164.1 164.1 164.1 163.9789 163.98 163.98 163.98 161.5671 161.59 161.59 173.399 174.79 174.79 174.79 182.5434 182.47 182.47 177.6032 177.03 177.03 177.03 165.733 165.84 165.84 166.0784 161.44 161.44 161.44 174.8975 174.77 174.77 174.4649 180.4 180.4 180.4 180.4 180.4 180.4 180.4 179.06 179.06 179.06 191.6832 193.17 193.17 190.776 237.35 237.35 237.35 230.0499 229.19 229.19 229.19 211.2602
-9999 -9999 -9999 -9999 -9999 -9999 -9999 -9999 -9999 -9999 -9999 -9999 -9999 -9999 -9999 -9999 -9999 165.24 165.24 161.2623 161.3 161.3 161.1483 164.1 164.1 164.1 163.9789 163.98 163.98 164.1095 161.59 161.59 161.59 173.399 174.79 174.79 174.79 182.5434 182.47 182.47 177.6032 177.03 177.03 177.03 165.84 165.84 165.84 166.0784 161.44 161.44 161.44 174.8975 174.77 174.77 174.4649 180.4 180.4 180.4 180.4 180.4 180.4 180.4 179.06 179.06 179.06 191.6832 193.17 193.17 190.776 237.35 237.35 237.35 230.0499 229.19 229.19 230.1524 211.43
-9999 -9999 -9999 -9999 -9999 -9999 -9999 -9999 -9999 -9999 -9999 -9999 -9999 -9999 -9999 -9999 -9999 165.24 165.24 161.2623 161.3 161.3 161.1483 164.1 164.1 164.1 163.9789 163.98 163.98 164.1095 161.59 161.59 161.59 173.399 174.79 174.79 174.79 182.5434 182.47 182.47 177.6032 177.03 177.03 177.03 165.84 165.84 165.84 161.9037 161.44 161.44 161.44 174.8975 174.77 174.77 174.4649 180.4 180.4 180.4 180.4 180.4 180.4 180.4726 179.06 179.06 179.06 191.6832 193.17 193.17 190.776 237.35 237.35 237.35 230.0499 229.19 229.19 230.1524 211.43
-9999 -9999 -9999 -9999 -9999 -9999 -9999 -9999 -9999 -9999 -9999 -9999 -9999 -9999 -9999 -9999 -9999 161.85 161.85 160.83 160.83 160.83 160.4577 167.7 167.7 167.7 160.098 160.17 160.17 160.1294 160.92 160.92 160.92 171.2074 171.11 174.4022 174.79 182.5434 182.47 182.47 177.6032 177.03 177.03 177.03 165.84 165.84 165.84 161.9037 161.44 161.44 161.44 174.8975 174.77 174.77 174.4649 180.4 180.4 180.4 180.4 180.4 180.4 180.4726 179.06 179.06 179.06 191.6832 193.17 193.17 190.776 237.35 237.35 237.35 230.0499 229.19 229.19 230.1524 211.43
-9999 -9999 -9999 -9999 -9999 -9999 -9999 -9999 -9999 -9999 -9999 -9999 -9999 -9999 -9999 -9999 -9999 161.85 161.85 160.83 160.83 160.83 160.4577 167.7 167.7 167.7 160.098 160.17 160.17 160.1294 160.92 160.92 160.92 171.2074 171.11 171.11 171.11 190.8974 190.71 190.71 187.1673 186.75 186.75 186.75 171.08 171.08 171.08 164.6566 163.9 163.9 163.7694 166.31 166.31 166.31 165.9415 173.11 173.11 173.11 180.4697 180.4 180.4 180.4726 179.06 179.06 179.06 193.3049 193.17 193.17 190.776 237.35 237.35 237.35 230.0499 229.19 229.19 230.1524 211.43
-9999 -9999 -9999 -9999 -9999 -9999 -9999 -9999 -9999 -9999 -9999 -9999 -9999 -9999 -9999 -9999 -9999 161.85 161.85 160.83 160.83 160.83 166.9761 167.7 167.7 167.7 160.098 160.17 160.17 160.1294 160.92 160.92 160.92 171.2074 171.11 171.11 170.0479 190.71 190.71 190.71 187.1673 186.75 186.75 186.75 171.08 171.08 171.08 164.6566 163.9 163.9 163.7694 166.31 166.31 166.31 165.9415 173.11 173.11 173.11 188.6169 188.47 188.47 187.6382 203.82 203.82 203.82 212.5527 212.47 212.47 212.9122 204.31 204.31 204.31 202.4492 202.23 202.23 201.913 208.08
-9999 -9999 -9999 -9999 -9999 -9999 -9999 -9999 -9999 -9999 -9999 -9999 -9999 -9999 -9999 -9999 -9999 161.85 161.85 160.83 160.83 160.83 166.9761 167.7 167.7 168.108 160.17 160.17 160.17 160.1294 160.92 160.92 160.92 171.2074 171.11 171.11 170.0479 190.71 190.71 190.71 186.7121 186.75 186.75 186.75 171.08 171.08 171.08 164.6566 163.9 163.9 163.7694 166.31 166.31 166.31 172.3934 173.11 173.11 173.11 188.6169 188.47 188.47 187.6382 203.82 203.82 203.82 212.5527 212.47 212.47 205.1699 204.31 204.31 204.31 202.4492 202.23 202.23 201.913 208.08
-9999 -9999 -9999 -9999 -9999 -9999 -9999 -9999 -9999 -9999 -9999 -9999 -9999 -9999 -9999 -9999 -9999 157.59 157.59 158.11 158.11 158.11 165.437 167.5525 167.7 168.108 160.17 160.17 160.17 160.1294 160.92 160.92 160.92 171.2074 171.11 171.11 170.0479 190.71 190.71 190.71 186.7121 186.75 186.75 186.75 171.08 171.08 171.08 164.6566 163.9 163.9 163.7694 166.31 166.31 166.31 172.3934 173.11 173.11 173.11 188.6169 188.47 188.47 187.6382 203.82 203.82 203.82 212.5527 212.47 212.47 205.1699 204.31 204.31 204.31 202.4492 202.23 202.23 201.913 208.08
-9999 -9999 -9999 -9999 -9999 -9999 -9999 -9999 -9999 -9999 -9999 -9999 -9999 -9999 -9999 -9999 -9999 157.59 157.59 158.11 158.11 158.11 165.437 166.3 166.3 166.656 159.73 159.73 159.73 156.1873 155.77 155.77 155.77 162.6552 162.59 162.59 162.2416 169.02 169.02 169.02 176.5513 176.48 176.48 176.7374 171.73 171.0738 171.08 164.6566 163.9 163.9 163.7694 166.31 166.31 166.31 172.3934 173.11 173.11 172.2777 188.47 188.47 188.47 187.6382 203.82 203.82 203.82 212.5527 212.47 212.47 205.1699 204.31 204.31 204.31 202.2101 202.23 202.23 201.913 208.08
-9999 -9999 -9999 -9999 -9999 -9999 -9999 -9999 -9999 -9999 -9999 -9999 -9999 -9999 -9999 -9999 -9999 157.59 157.59 158.11 158.11 158.11 165.437 166.3 166.3 166.656 159.73 159.73 159.73 156.1873 155.77 155.77 155.77 162.6552 162.59 162.59 162.2416 169.02 169.02 169.02 176.5513 176.48 176.48 176.7374 171.73 171.73 171.73 176.2836 176.82 176.82 176.7111 178.83 178.83 178.83 193.7702 195.53 195.53 191.642 267.28 267.28 267.28 267.0367 271.77 271.77 271.77 241.7456 242.03 242.03 228.8265 204.31 204.31 204.31 202.2101 202.23 202.23 201.913 208.08
-9999 -9999 -9999 -9999 -9999 -9999 -9999 -9999 -9999 -9999 -9999 -9999 -9999 -9999 -9999 -9999 -9999 157.59 157.5618 158.11 158.11 158.11 165.437 166.3 166.3 166.656 159.73 159.73 159.73 156.1873 155.77 155.77 155.4005 162.59 162.59 162.59 162.2416 169.02 169.02 169.02 176.5513 176.48 176.48 176.7374 171.73 171.73 171.73 176.8687 176.82 176.82 176.7111 178.83 178.83 178.83 193.7702 195.53 195.53 191.642 267.28 267.28 267.28 271.2968 271.77 271.77 271.77 241.7456 242.03 242.03 227.6534 225.96 225.96 225.96 229.8973 229.86 229.86 247.5557 249.64
-9999 -9999 -9999 -9999 -9999 -9999 -9999 -9999 -9999 -9999 -9999 -9999 -9999 -9999 -9999 -9999 -9999 157.59 157.5618 158.11 158.11 158.11 165.437 166.3 166.3 166.656 159.73 159.73 159.73 156.1873 155.77 155.77 155.4005 162.59 162.59 162.59 162.2416 169.02 169.02 169.02 176.5513 176.48 176.48 176.7374 171.73 171.73 171.73 176.8687 176.82 176.82 176.7111 178.83 178.83 178.83 193.7702 195.53 195.53 191.642 267.28 267.28 267.28 271.2968 271.77 271.77 271.77 241.7456 242.03 242.03 227.6534 225.96 225.96 225.96 229.8973 229.86 229.86 247.5557 249.64
-9999 -9999 -9999 -9999 -9999 -9999 -9999 -9999 -9999 -9999 -9999 -9999 -9999 -9999 -9999 -9999 -9999 158.32 158.2723 159.2 159.2 159.2 166.2569 166.19 166.19 166.5606 159.35 159.35 159.35 156.8182 156.52 156.52 156.1911 162.59 162.59 162.59 168.3424 169.02 169.02 169.02 176.5513 176.48 176.48 176.7374 171.73 171.73 171.73 176.8687 176.82 176.82 178.6182 178.83 178.83 178.83 193.7702 195.53 195.53 191.642 267.28 267.28 267.28 271.2968 271.77 271.77 273.3815 242.03 242.03 242.03 227.6534 225.96 225.96 225.96 229.8973 229.86 229.86 247.5557 249.64
-9999 -9999 -9999 -9999 -9999 -9999 -9999 -9999 -9999 -9999 -9999 -9999 -9999 -9999 -9999 -9999 -9999 158.32 158.2723 159.2 159.2 159.2 166.2569 166.19 166.19 166.5606 159.35 159.35 159.35 156.8182 156.52 156.52 156.371 159.27 159.27 159.27 162.428 162.8 162.8 162.8 167.1916 167.15 167.15 166.179 185.07 185.07 185.07 194.9435 194.85 194.85 195.6104 195.7 195.7 195.7 248.1608 257.5268 195.53 191.642 267.28 267.28 267.28 271.2968 271.77 271.77 273.3815 242.03 242.03 242.03 227.6534 225.96 225.96 225.96 229.8973 229.86 229.86 247.5557 249.64
