Model and model input files/precip_2006.asc
ncols         625
nrows         453
xllcorner     138621.56993419
yllcorner     4094031.9406744
cellsize      1000
NODATA_value  -9999
[rows 34 to 67 of 453, columns 77 to 153 of 625]
279.4 292.0095 291.89 291.89 305.7298 307.36 307.36 307.36 308.4907 308.48 308.48 310.0081 280.28 280.28 280.28 290.273 291.45 291.45 290.065 317.01 317.01 317.01 346.2166 345.94 345.94 344.9153 364.85 364.85 364.85 376.5205 376.41 376.41 375.9359 385.16 385.16 385.16 387.7186 388.02 388.02 388.02 401.6794 401.55 401.55 400.4496 400.32 400.32 407.3667 406.57 406.57 406.57 400.4865 399.77 399.77 399.7077 400.92 400.92 400.92 413.6147 415.11 415.11 415.11 417.5229 417.5 417.5 419.0563 388.78 388.78 388.78 388.0733 388.08 388.08 515.3672 530.36 530.36 530.36 666.1563 664.87
279.4 292.0095 291.89 291.89 305.7298 307.36 307.36 307.36 308.4907 308.48 308.48 283.2516 280.28 280.28 280.28 290.273 291.45 291.45 290.065 317.01 317.01 317.01 346.2166 345.94 345.94 344.9153 364.85 364.85 364.85 376.5205 376.41 376.41 375.9359 385.16 385.16 385.16 388.0473 388.02 388.02 388.02 401.6794 401.55 401.55 400.4496 400.32 400.32 400.32 395.49 395.49 395.49 410.2603 412 412 410.7661 434.77 434.77 434.77 440.8982 441.62 441.62 442.235 430.27 430.27 430.27 431.0481 415.91 415.91 415.91 402.1194 402.25 402.25 436.7467 440.81 440.81 440.81 526.7137 525.9
279.4 292.0095 291.89 291.89 305.7298 307.36 307.36 307.36 308.4907 308.48 308.48 283.2516 280.28 280.28 280.28 291.5568 291.45 291.45 290.065 317.01 317.01 317.01 346.2166 345.94 345.94 344.9153 364.85 364.85 364.85 376.5205 376.41 376.41 375.9359 385.16 385.16 385.16 388.0473 388.02 388.02 387.2868 401.55 401.55 401.55 400.4496 400.32 400.32 400.32 395.49 395.49 395.49 410.2603 412 412 410.7661 434.77 434.77 434.77 440.8982 441.62 441.62 442.235 430.27 430.27 430.27 417.4232 415.91 415.91 415.91 402.1194 402.25 402.25 436.7467 440.81 440.81 440.81 526.7137 525.9
279.4 292.0095 291.89 291.89 305.7298 307.36 307.36 307.36 308.4907 308.48 308.48 283.2516 280.28 280.28 280.28 291.5568 291.45 291.45 290.065 317.01 317.01 317.01 346.2166 345.94 345.94 344.9153 364.85 364.85 364.85 376.5205 376.41 376.41 375.9359 385.16 385.16 385.16 388.0473 388.02 388.02 387.2868 401.55 401.55 401.55 400.4496 400.32 400.32 400.32 395.49 395.49 395.49 410.2603 412 412 410.7661 434.77 434.77 434.77 440.8982 441.62 441.62 442.235 430.27 430.27 430.27 417.4232 415.91 415.91 415.91 402.1194 402.25 402.25 436.7467 440.81 440.81 440.81 526.7137 525.9
284.3 296.7176 296.6 296.6 290.9907 290.33 290.33 290.33 291.6525 291.64 291.64 304.8268 306.38 306.38 306.38 339.6249 339.31 339.31 336.1788 335.81 335.81 335.81 346.3599 346.26 346.26 345.1833 366.13 366.13 366.13 362.7379 376.5404 376.41 375.9359 385.16 385.16 385.16 388.0473 388.02 388.02 387.2868 401.55 401.55 401.55 400.3083 400.32 400.32 400.32 395.49 395.49 395.49 410.2603 412 412 410.7661 434.77 434.77 434.77 440.8982 441.62 441.62 442.235 430.27 430.27 430.27 417.4232 415.91 415.91 416.6502 402.25 402.25 402.25 436.7467 440.81 440.81 440.81 526.7137 525.9
283.6335 296.6 296.6 296.6 290.9907 290.33 290.33 290.33 291.6525 291.64 291.64 304.8268 306.38 306.38 306.38 339.6249 339.31 339.31 336.1788 335.81 335.81 335.81 346.26 346.26 346.26 345.1833 366.13 366.13 366.13 362.7379 362.77 362.77 362.3381 370.74 370.74 370.74 384.3388 384.21 384.21 384.074 386.72 386.72 386.72 382.712 382.75 382.75 382.3664 389.83 389.83 389.83 409.7086 412.05 412.05 410.9158 432.98 432.98 432.98 456.1329 458.86 443.4366 442.235 430.27 430.27 430.27 417.4232 415.91 415.91 416.6502 402.25 402.25 402.25 441.1787 440.81 440.81 440.81 526.7137 525.9
283.6335 296.6 296.6 296.6 290.9907 290.33 290.33 290.33 291.6525 291.64 291.64 304.8268 306.38 306.38 306.38 339.6249 339.31 339.31 336.1788 335.81 335.81 335.81 346.26 346.26 346.26 364.0362 366.13 366.13 366.13 362.7379 362.77 362.77 362.3381 370.74 370.74 370.74 384.3388 384.21 384.21 384.074 386.72 386.72 386.72 382.712 382.75 382.75 382.3664 389.83 389.83 389.83 409.7086 412.05 412.05 410.9158 432.98 432.98 432.98 456.1329 458.86 458.86 458.4265 466.86 466.86 466.86 450.7836 448.89 448.89 449.9759 428.85 428.85 428.85 415.6146 415.74 415.74 415.74 443.3818 443.12
283.6335 296.6 296.6 296.6 290.27 290.33 290.33 290.33 291.6525 291.64 291.64 304.8268 306.38 306.38 306.38 339.6249 339.31 339.31 336.1788 335.81 335.81 335.81 346.26 346.26 346.26 364.0362 366.13 366.13 366.13 362.7379 362.77 362.77 362.3381 370.74 370.74 370.74 384.3388 384.21 384.21 384.074 386.72 386.72 386.72 382.712 382.75 382.75 382.3664 389.83 389.83 389.83 412.2625 412.05 412.05 410.9158 432.98 432.98 432.98 456.1329 458.86 458.86 458.4265 466.86 466.86 466.86 450.7836 448.89 448.89 449.9759 428.85 428.85 428.85 415.6146 415.74 415.74 414.2563 443.12 443.12
282.0371 287.93 287.93 287.93 299.4794 299.37 299.8599 290.259 291.64 291.64 291.64 304.8268 306.38 306.38 306.38 339.6249 339.31 339.31 336.1788 335.81 335.81 335.81 346.26 346.26 346.26 364.0362 366.13 366.13 366.3121 362.77 362.77 362.77 362.3381 370.74 370.74 370.74 384.3388 384.21 384.21 384.074 386.72 386.72 386.72 382.712 382.75 382.75 382.3664 389.83 389.83 389.83 412.2625 412.05 412.05 430.7745 432.98 432.98 432.98 456.1329 458.86 458.86 458.4265 466.86 466.86 466.86 450.7836 448.89 448.89 449.9759 428.85 428.85 428.85 415.6146 415.74 415.74 414.2563 443.12 443.12
282.0371 287.93 287.93 287.93 299.4794 299.37 299.37 297.3499 336.65 336.65 336.65 348.799 350.23 350.23 350.23 320.9931 321.27 321.27 312.5027 311.47 311.47 311.47 322.81 322.81 322.81 338.0455 339.84 339.84 339.4791 346.5 346.5 346.5 364.8577 366.8184 370.74 370.74 384.3388 384.21 384.21 384.074 386.72 386.72 386.72 382.712 382.75 382.75 382.3664 389.83 389.83 389.83 412.2625 412.05 412.05 430.7745 432.98 432.98 432.98 456.1329 458.86 458.86 458.4265 466.86 466.86 466.86 450.7836 448.89 448.89 449.9759 428.85 428.85 428.85 415.6146 415.74 415.74 414.2563 443.12 443.12
282.0371 287.93 287.93 287.93 299.4794 299.37 299.37 297.3499 336.65 336.65 336.65 350.3599 350.23 350.23 350.23 320.9931 321.27 321.27 312.5027 311.47 311.47 311.47 322.81 322.81 322.81 338.0455 339.84 339.84 339.4791 346.5 346.5 346.5 364.8577 367.02 367.02 365.9698 386.4 386.4 386.4 387.0551 374.31 374.31 374.31 381.2558 381.19 381.19 380.1669 400.07 400.07 400.07 419.6757 419.49 419.49 440.1916 442.63 442.63 442.63 458.4196 458.27 458.27 457.7839 467.24 467.24 467.24 466.1307 466 466 467.8581 431.71 431.71 431.71 416.4656 416.61 416.61 414.348 443.12 443.12
282.0371 287.93 287.93 287.93 299.4794 299.37 299.37 297.3499 336.65 336.65 336.65 350.3599 350.23 350.23 351.7993 321.27 321.27 321.27 312.5027 311.47 311.47 311.47 322.81 322.81 322.81 338.0455 339.84 339.84 339.4791 346.5 346.5 346.5 364.8577 367.02 367.02 365.9698 386.4 386.4 386.4 387.0551 374.31 374.31 374.31 381.2558 381.19 381.19 380.1669 400.07 400.07 400.07 419.6757 419.49 419.49 440.1916 442.63 442.63 442.63 458.4196 458.27 458.27 466.2948 467.24 467.24 467.24 466.1307 466 466 467.8581 431.71 431.71 431.71 416.4656 416.61 416.61 416.1543 425.02 425.02
282.0371 287.93 287.93 287.93 299.4794 299.37 299.37 297.3499 336.65 336.65 336.65 350.3599 350.23 350.23 351.7993 321.27 321.27 321.27 311.3763 311.47 311.47 311.47 322.81 322.81 322.81 338.0455 339.84 339.84 339.4791 346.5 346.5 346.5 364.8577 367.02 367.02 365.9698 386.4 386.4 386.4 375.584 374.31 374.31 374.31 381.2558 381.19 381.19 380.1669 400.07 400.07 400.07 419.6757 419.49 419.49 440.1916 442.63 442.63 442.63 458.4196 458.27 458.27 466.2948 467.24 467.24 467.24 466.1307 466 466 467.8581 431.71 431.71 431.71 416.4656 416.61 416.61 416.1543 425.02 425.02
285.0621 287.55 287.55 287.55 300.4219 300.3 300.3 299.2086 320.44 320.44 320.44 327.5574 327.49 327.49 328.6057 306.9 306.9 306.9 311.162 311.47 311.47 311.47 322.81 322.81 322.81 338.0455 339.84 339.84 339.4791 346.5 346.5 346.5 364.8577 367.02 367.02 365.9698 386.4 386.4 386.4 375.584 374.31 374.31 374.31 381.2558 381.19 381.19 380.1669 400.07 400.07 400.07 419.6757 419.49 419.49 440.1916 442.63 442.63 442.63 458.4196 458.27 458.27 466.2948 467.24 467.24 467.24 465.9881 466 466 467.8581 431.71 431.71 431.71 416.4656 416.61 416.61 416.1543 425.02 425.02
287.3013 287.55 287.55 287.55 300.4219 300.3 300.3 299.2086 320.44 320.44 320.44 327.5574 327.49 327.49 328.6057 306.9 306.9 306.9 308.4244 308.41 308.41 307.5121 324.98 324.98 324.98 319.4959 318.85 318.85 317.3794 345.99 345.99 345.99 376.3536 379.93 379.93 379.0993 395.26 395.26 395.26 382.2701 380.74 380.74 379.9499 395.32 395.32 395.32 395.0626 400.07 400.07 400.07 419.6757 419.49 419.49 440.1916 442.63 442.63 442.63 458.4196 458.27 458.27 466.2948 467.24 467.24 467.24 465.9881 466 466 467.8581 431.71 431.71 431.71 416.4656 416.61 416.61 416.1543 425.02 425.02
287.3013 287.55 287.55 287.55 300.3 300.3 300.3 299.2086 320.44 320.44 320.44 327.5574 327.49 327.49 328.6057 306.9 306.9 306.9 308.4244 308.41 308.41 307.5121 324.98 324.98 324.98 318.7914 318.85 318.85 317.3794 345.99 345.99 345.99 376.3536 379.93 379.93 379.0993 395.26 395.26 395.26 382.2701 380.74 380.74 379.9499 395.32 395.32 395.32 411.137 413 413 413 432.7571 432.57 432.57 445.3721 446.88 446.88 446.88 457.5309 457.43 457.43 479.4378 482.03 482.03 482.03 450.0975 450.4 450.4 415.9211 411.86 411.86 411.86 400.139 400.25 400.25 398.6661 429.48 429.48
287.3013 287.55 287.55 287.55 300.3 300.3 300.3 299.2086 320.44 320.44 320.44 327.5574 327.49 327.49 328.6057 306.9 306.9 306.9 308.4244 308.41 308.41 307.5121 324.98 324.98 324.98 318.7914 318.85 318.85 317.3794 345.99 345.99 345.99 376.3536 379.93 379.93 379.0993 395.26 395.26 395.26 382.2701 380.74 380.74 379.9499 395.32 395.32 395.32 411.137 413 413 413 432.7571 432.57 432.57 445.3721 446.88 446.88 446.88 457.5309 457.43 457.43 479.4378 482.03 482.03 482.03 450.0975 450.4 450.4 415.9211 411.86 411.86 411.86 400.25 400.25 400.25 398.6661 429.48 429.48
308.794 307.03 307.03 307.03 300.2663 300.3 300.3 318.3177 320.44 320.44 320.44 327.5574 327.49 327.49 328.6057 306.9 306.9 306.9 308.4244 308.41 308.41 307.5121 324.98 324.98 324.98 318.7914 318.85 318.85 343.1301 345.99 345.99 345.99 376.3536 379.93 379.93 379.0993 395.26 395.26 395.26 382.2701 380.74 380.74 379.9499 395.32 395.32 395.32 411.137 413 413 411.9395 432.57 432.57 432.57 445.3721 446.88 446.88 446.88 457.5309 457.43 457.43 479.4378 482.03 482.03 482.03 450.0975 450.4 450.4 415.9211 411.86 411.86 411.86 400.25 400.25 400.25 398.6661 429.48 429.48
308.794 307.03 307.03 307.03 303.82 303.82 303.82 297.4055 296.65 296.65 296.7952 293.97 293.97 293.97 293.9126 295.03 295.03 295.03 291.3148 291.35 291.35 291.1707 294.66 294.66 294.66 302.6759 302.6 302.6 321.575 323.81 322.6081 345.99 380.2545 379.93 379.93 379.0993 395.26 395.26 395.26 382.2701 380.74 380.74 379.9499 395.32 395.32 395.32 411.137 413 413 411.9395 432.57 432.57 432.57 447.0168 446.88 446.88 446.88 457.5309 457.43 457.43 479.4378 482.03 482.03 482.03 450.0975 450.4 450.4 415.9211 411.86 411.86 411.86 400.25 400.25 400.25 426.3999 429.48 429.48
308.794 307.03 307.03 307.03 303.82 303.82 303.82 297.4055 296.65 296.65 296.7952 293.97 293.97 293.97 293.9126 295.03 295.03 295.03 291.3148 291.35 291.35 291.1707 294.66 294.66 294.66 302.6759 302.6 302.6 321.575 323.81 323.81 323.81 333.9561 333.86 333.86 332.9144 351.31 351.31 351.31 353.2513 353.48 353.48 352.3659 374.04 374.04 374.04 388.1214 389.78 389.78 388.738 409.01 409.01 409.01 436.4297 436.17 436.17 436.17 459.5515 459.33 459.33 479.638 482.03 482.03 482.03 450.0975 450.4 450.4 415.9211 411.86 411.86 411.86 400.25 400.25 400.25 426.3999 429.48 429.48
308.794 307.03 307.03 307.03 303.82 303.82 303.82 297.4055 296.65 296.65 296.7952 293.97 293.97 293.97 294.9183 295.03 295.03 295.03 291.3148 291.35 291.35 291.1707 294.66 294.66 294.66 302.6759 302.6 302.6 321.575 323.81 323.81 323.81 333.9561 333.86 333.86 349.4712 351.31 351.31 351.31 353.2513 353.48 353.48 352.3659 374.04 374.04 374.04 388.1214 389.78 389.78 388.738 409.01 409.01 409.01 436.4297 436.17 436.17 434.915 459.33 459.33 459.33 443.6204 441.77 441.77 441.77 415.6021 415.85 415.85 398.2975 396.23 396.23 396.23 402.36 402.36 402.36 417.1571 418.9 418.9
308.794 307.03 307.03 307.03 303.82 303.82 303.82 297.4055 296.65 296.65 296.7952 293.97 293.97 293.97 294.9183 295.03 295.03 295.2294 291.35 291.35 291.35 291.1707 294.66 294.66 294.66 302.6759 302.6 302.6 321.575 323.81 323.81 323.81 333.9561 333.86 333.86 349.4712 351.31 351.31 351.31 353.2513 353.48 353.48 352.3659 374.04 374.04 374.04 388.1214 389.78 389.78 388.738 409.01 409.01 409.01 436.4297 436.17 436.17 434.915 459.33 459.33 459.33 443.6204 441.77 441.77 441.77 415.6021 415.85 415.85 398.2975 396.23 396.23 396.23 402.36 402.36 402.36 417.1571 418.9 418.9
313.2907 314.1 314.1 314.1 295.37 295.37 295.37 303.0101 303.91 303.91 303.2115 316.8 316.8 316.8 316.3348 316.28 295.03 295.2294 291.35 291.35 291.35 291.1707 294.66 294.66 294.66 302.6759 302.6 302.6 321.575 323.81 323.81 323.81 333.9561 333.86 333.86 349.4712 351.31 351.31 351.31 353.5008 353.48 353.48 352.3659 374.04 374.04 374.04 388.1214 389.78 389.78 388.738 409.01 409.01 409.01 436.4297 436.17 436.17 434.915 459.33 459.33 459.33 441.6021 441.77 441.77 441.77 415.6021 415.85 415.85 398.2975 396.23 396.23 396.23 402.36 402.36 402.36 417.1571 418.9 418.9
313.2907 314.1 314.1 314.1 295.37 295.37 295.37 303.0101 303.91 303.91 303.2115 316.8 316.8 316.8 316.3348 316.28 316.28 316.4859 312.48 312.48 312.48 301.8877 300.64 300.64 300.64 300.953 300.95 300.95 313.2243 314.67 314.67 314.67 332.4585 332.29 332.29 345.3694 346.91 346.91 346.91 370.2511 370.03 370.03 377.017 378.0459 374.04 374.04 388.1214 389.78 389.78 388.738 409.01 409.01 409.01 436.4297 436.17 436.17 434.915 459.33 459.33 459.33 441.6021 441.77 441.77 441.77 415.6021 415.85 415.85 398.2975 396.23 396.23 396.23 402.36 402.36 402.36 417.1571 418.9 418.9
313.2907 314.1 314.1 315.1149 295.37 295.37 295.37 303.0101 303.91 303.91 303.2115 316.8 316.8 316.8 316.3348 316.28 316.28 316.4859 312.48 312.48 312.48 301.8877 300.64 300.64 300.6232 300.95 300.95 300.95 313.2243 314.67 314.67 314.67 332.4585 332.29 332.29 345.3694 346.91 346.91 346.91 370.2511 370.03 370.03 377.017 377.84 377.84 377.84 379.996 380.25 380.25 379.1028 401.42 401.42 401.42 430.7882 430.51 430.51 431.0069 421.34 421.34 421.34 407.0749 407.21 407.21 407.7703 396.87 396.87 396.87 393.1841 392.75 392.75 392.75 403.29 403.29 403.29 420.8783 418.8613 418.9
313.2907 314.1 314.1 315.1149 295.37 295.37 295.37 303.9917 303.91 303.91 303.2115 316.8 316.8 316.8 316.3348 316.28 316.28 316.4859 312.48 312.48 312.48 301.8877 300.64 300.64 300.6232 300.95 300.95 300.95 313.2243 314.67 314.67 314.67 332.4585 332.29 332.29 345.3694 346.91 346.91 346.91 370.2511 370.03 370.03 377.017 377.84 377.84 377.84 380.273 380.25 380.25 379.1028 401.42 401.42 401.42 430.7882 430.51 430.51 431.0069 421.34 421.34 421.34 407.0749 407.21 407.21 407.7703 396.87 396.87 396.87 393.1841 392.75 392.75 392.75 403.29 403.29 403.29 420.8783 422.95 422.95
313.2907 314.1 314.1 315.1149 295.37 295.37 295.37 303.9917 303.91 303.91 303.2115 316.8 316.8 316.8 316.3348 316.28 316.28 316.4859 312.48 312.48 312.48 301.8877 300.64 300.64 300.6232 300.95 300.95 300.95 314.8012 314.67 314.67 314.67 332.4585 332.29 332.29 345.3694 346.91 346.91 346.91 370.2511 370.03 370.03 377.017 377.84 377.84 377.84 380.273 380.25 380.25 379.1028 401.42 401.42 401.42 430.7882 430.51 430.51 431.0069 421.34 421.34 421.34 407.0749 407.21 407.21 407.7703 396.87 396.87 396.87 392.7106 392.75 392.75 392.75 403.29 403.29 403.29 420.8783 422.95 422.95
353.7994 353.77 353.77 355.0564 330.03 330.03 330.03 332.8164 332.79 332.79 344.6348 346.03 346.03 346.03 342.2189 341.77 341.77 342.1049 335.59 312.259 312.48 301.8877 300.64 300.64 300.6232 300.95 300.95 300.95 314.8012 314.67 314.67 314.67 332.4585 332.29 332.29 345.3694 346.91 346.91 346.91 370.2511 370.03 370.03 377.017 377.84 377.84 377.84 380.273 380.25 380.25 399.1892 401.42 401.42 401.42 430.7882 430.51 430.51 431.0069 421.34 421.34 421.34 407.0749 407.21 407.21 407.7703 396.87 396.87 396.87 392.7106 392.75 392.75 392.75 403.29 403.29 403.29 420.8783 422.95 422.95
353.7994 353.77 353.77 355.0564 330.03 330.03 330.03 332.8164 332.79 332.79 344.6348 346.03 346.03 346.03 341.7292 341.77 341.77 342.1049 335.59 335.59 335.59 329.5066 328.79 328.79 323.4926 426.55 426.55 426.55 385.8545 386.24 386.24 389.2203 331.24 331.24 331.24 323.743 322.86 322.86 322.86 370.9657 370.51 370.51 380.664 381.86 381.86 381.86 377.3473 377.39 377.39 388.7965 390.14 390.14 390.14 407.31 407.31 407.31 407.0103 420.4443 421.34 421.34 407.0749 407.21 407.21 407.7703 396.87 396.87 396.87 392.7106 392.75 392.75 392.1789 403.29 403.29 403.29 420.8783 422.95 422.95
353.7994 353.77 353.77 355.0564 330.03 330.03 330.03 332.8164 332.79 332.79 344.6348 346.03 346.03 346.03 341.7292 341.77 341.77 342.1049 335.59 335.59 335.59 329.5066 328.79 328.79 323.4926 426.55 426.55 426.55 385.8545 386.24 386.24 389.2203 331.24 331.24 331.24 322.7798 322.86 322.86 322.86 370.9657 370.51 370.51 380.664 381.86 381.86 381.86 377.3473 377.39 377.39 388.7965 390.14 390.14 390.14 407.31 407.31 407.31 407.0103 412.84 412.84 412.84 400.0589 400.18 400.18 398.7348 426.85 426.85 426.85 440.257 440.13 440.13 438.4968 470.27 470.27 470.27 526.0685 525.54 525.54
353.77 353.77 353.77 355.0564 330.03 330.03 330.03 332.8164 332.79 332.79 344.6348 346.03 346.03 346.03 341.7292 341.77 341.77 336.2412 335.59 335.59 335.59 329.5066 328.79 328.79 323.4926 426.55 426.55 426.55 385.8545 386.24 386.24 389.2203 331.24 331.24 331.24 322.7798 322.86 322.86 322.86 370.9657 370.51 370.51 380.664 381.86 381.86 381.86 377.3473 377.39 377.39 388.7965 390.14 390.14 390.14 407.31 407.31 407.31 412.2573 412.84 412.84 412.84 400.0589 400.18 400.18 398.7348 426.85 426.85 426.85 440.257 440.13 440.13 438.4968 470.27 470.27 470.27 526.0685 525.54 525.54
370.22 370.22 370.22 368.8669 398.7209 330.03 330.03 332.8164 332.79 332.79 344.6348 346.03 346.03 346.03 341.7292 341.77 341.77 336.2412 335.59 335.59 335.59 329.5066 328.79 328.79 323.4926 426.55 426.55 426.55 385.8545 386.24 386.24 389.2203 331.24 331.24 331.24 322.7798 322.86 322.86 320.278 370.51 370.51 370.51 380.664 381.86 381.86 381.86 377.3473 377.39 377.39 388.7965 390.14 390.14 390.14 407.31 407.31 407.31 412.2573 412.84 412.84 412.84 400.0589 400.18 400.18 398.7348 426.85 426.85 426.85 440.257 440.13 440.13 438.4968 470.27 470.27 470.27 526.0685 525.54 525.54
370.22 370.22 370.22 392.5588 395.19 395.19 395.19 388.3654 388.43 388.43 383.6974 383.14 383.14 383.14 367.936 368.08 368.08 355.5195 354.04 354.04 354.04 373.1914 373.01 373.01 370.5575 418.27 418.27 418.27 393.1016 393.34 393.34 389.9685 331.24 331.24 331.24 322.7798 322.86 322.86 320.278 370.51 370.51 370.51 380.664 381.86 381.86 381.86 377.3473 377.39 377.39 388.7965 390.14 390.14 390.14 407.31 407.31 407.31 412.2573 412.84 412.84 413.526 400.18 400.18 400.18 398.7348 426.85 426.85 426.85 440.257 440.13 440.13 438.4968 470.27 470.27 470.27 526.0685 525.54 525.54
370.22 370.22 370.22 392.5588 395.19 395.19 395.19 388.3654 388.43 388.43 383.6974 383.14 383.14 383.14 367.936 368.08 368.08 355.5195 354.04 354.04 354.04 373.1914 373.01 373.01 370.5575 418.27 418.27 418.27 393.1016 393.34 393.34 394.4546 372.77 372.77 372.77 340.1207 340.43 340.43 340.4636 339.81 339.81 339.81 395.0634 394.54 394.54 394.54 405.312 405.21 405.21 408.878 409.31 409.31 409.31 408.89 408.89 408.89 430.6562 433.22 433.22 429.4951 501.96 399.2067 400.18 398.7348 426.85 426.85 426.85 440.257 440.13 440.13 438.4968 470.27 470.27 470.27 526.0685 525.54 525.54
