Model and model input files/precip_2001.asc
ncols         625
nrows         453
xllcorner     138621.56993419
yllcorner     4094031.9406744
cellsize      1000
NODATA_value  -9999
[rows 34 to 67 of 453, columns 0 to 76 of 625]
-9999 -9999 -9999 -9999 -9999 -9999 -9999 -9999 -9999 -9999 -9999 -9999 -9999 -9999 -9999 -9999 -9999 293.83 290.4984 290.53 290.53 292.037 262.72 262.72 262.72 296.8028 296.48 296.48 298.3235 262.46 262.46 262.46 191.2556 191.93 191.93 192.9487 173.13 173.13 173.13 172.5747 172.58 172.58 172.58 185.2399 185.12 185.12 204.2202 206.47 206.47 206.47 237.19 237.19 237.19 260.9423 263.74 263.74 261.8532 298.56 298.56 298.56 289.5511 288.49 288.49 288.49 247.7642 248.15 248.15 248.9287 233.78 233.78 233.78 224.4617 224.55 224.55 224.6004 223.62 223.62
-9999 -9999 -9999 -9999 -9999 -9999 -9999 -9999 -9999 -9999 -9999 -9999 -9999 -9999 -9999 -9999 -9999 250.52 257.9605 257.89 257.89 257.8152 259.27 259.27 259.27 285.4782 285.23 295.2946 298.3235 262.46 262.46 262.46 191.2556 191.93 191.93 192.9487 173.13 173.13 173.13 172.5747 172.58 172.58 171.9005 185.12 185.12 185.12 204.2202 206.47 206.47 206.47 237.19 237.19 237.19 260.9423 263.74 263.74 261.8532 298.56 298.56 298.56 289.5511 288.49 288.49 290.6759 248.15 248.15 248.15 248.9287 233.78 233.78 233.78 224.4617 224.55 224.55 224.6004 223.62 223.62
-9999 -9999 -9999 -9999 -9999 -9999 -9999 -9999 -9999 -9999 -9999 -9999 -9999 -9999 -9999 -9999 -9999 250.52 257.9605 257.89 257.89 259.1246 259.27 259.27 259.27 285.4782 285.23 285.23 286.5441 260.98 260.98 260.98 277.769 277.61 277.61 279.7753 237.65 237.65 237.65 199.7005 200.06 200.06 200.3017 195.6 195.6 195.6 221.2025 220.96 220.96 207.9969 237.19 237.19 237.19 260.9423 263.74 263.74 261.8532 298.56 298.56 298.56 289.5511 288.49 288.49 290.6759 248.15 248.15 248.15 235.2942 233.78 233.78 233.78 224.4617 224.55 224.55 224.6004 223.62 223.62
-9999 -9999 -9999 -9999 -9999 -9999 -9999 -9999 -9999 -9999 -9999 -9999 -9999 -9999 -9999 -9999 -9999 250.52 257.9605 257.89 257.89 259.1246 259.27 259.27 259.27 285.23 285.23 285.23 286.5441 260.98 260.98 260.98 277.769 277.61 277.61 279.7753 237.65 237.65 237.65 199.7005 200.06 200.06 200.3017 195.6 195.6 195.6 221.2025 220.96 220.96 220.96 232.81 232.81 232.81 245.6658 247.18 247.18 246.4235 261.14 261.14 261.14 276.9659 278.83 278.83 279.6477 263.74 263.74 263.74 242.5195 240.02 240.02 240.6529 228.34 228.5454 224.55 224.6004 223.62 223.62
-9999 -9999 -9999 -9999 -9999 -9999 -9999 -9999 -9999 -9999 -9999 -9999 -9999 -9999 -9999 -9999 -9999 250.52 257.9605 257.89 257.89 259.1246 259.27 259.27 259.27 285.23 285.23 285.23 263.5354 260.98 260.98 260.98 277.769 277.61 277.61 279.7753 237.65 237.65 237.65 199.7005 200.06 200.06 200.3017 195.6 195.6 195.6 221.2025 220.96 220.96 220.3179 232.81 232.81 232.81 245.6658 247.18 247.18 246.4235 261.14 261.14 261.14 276.9659 278.83 278.83 279.6477 263.74 263.74 263.74 242.5195 240.02 240.02 240.6529 228.34 228.34 228.34 225.2893 224.93 224.93
-9999 -9999 -9999 -9999 -9999 -9999 -9999 -9999 -9999 -9999 -9999 -9999 -9999 -9999 -9999 -9999 -9999 250.52 257.9605 257.89 257.89 259.1246 259.27 259.27 259.27 285.23 285.23 285.23 263.5354 260.98 260.98 260.0789 277.61 277.61 277.61 279.7753 237.65 237.65 237.65 199.7005 200.06 200.06 200.3017 195.6 195.6 195.6 221.2025 220.96 220.96 220.3179 232.81 232.81 232.81 247.3174 247.18 247.18 246.4235 261.14 261.14 261.14 276.9659 278.83 278.83 279.6477 263.74 263.74 263.74 242.5195 240.02 240.02 240.6529 228.34 228.34 228.34 225.2893 224.93 224.93
-9999 -9999 -9999 -9999 -9999 -9999 -9999 -9999 -9999 -9999 -9999 -9999 -9999 -9999 -9999 -9999 -9999 265.66 303.983 303.62 303.62 272.9522 269.34 269.34 269.34 257.92 257.92 257.92 288.0331 291.58 291.58 288.992 339.34 339.34 339.34 328.4792 327.2 236.7937 237.65 199.7005 200.06 200.06 200.3017 195.6 195.6 195.6 221.2025 220.96 220.96 220.3179 232.81 232.81 232.81 247.3174 247.18 247.18 259.669 261.14 261.14 261.14 276.9659 278.83 278.83 279.6477 263.74 263.74 263.74 242.5195 240.02 240.02 240.6529 228.34 228.34 228.34 225.2893 224.93 224.93
-9999 -9999 -9999 -9999 -9999 -9999 -9999 -9999 -9999 -9999 -9999 -9999 -9999 -9999 -9999 -9999 -9999 263.6031 303.62 303.62 303.62 272.9522 269.34 269.34 269.34 257.92 257.92 257.92 288.0331 291.58 291.58 288.992 339.34 339.34 339.34 328.4792 327.2 327.2 331.0154 256.79 256.79 256.79 258.2048 230.68 230.68 230.68 236.3638 236.31 236.31 235.4219 252.7 252.7 252.7 250.0852 250.11 250.11 257.1149 257.94 257.94 260.8028 278.9991 278.83 278.83 279.6477 263.74 263.74 263.74 242.5195 240.02 240.02 240.6529 228.34 228.34 228.34 225.2893 224.93 224.93
-9999 -9999 -9999 -9999 -9999 -9999 -9999 -9999 -9999 -9999 -9999 -9999 -9999 -9999 -9999 -9999 -9999 263.6031 303.62 303.62 303.62 269.0122 269.34 269.34 269.34 257.92 257.92 257.92 288.0331 291.58 291.58 288.992 339.34 339.34 339.34 328.4792 327.2 327.2 331.0154 256.79 256.79 256.79 258.2048 230.68 230.68 230.68 236.3638 236.31 236.31 235.4219 252.7 252.7 252.7 250.0852 250.11 250.11 257.1149 257.94 257.94 257.94 262.7253 262.68 262.68 263.5589 246.46 246.46 246.46 243.132 242.74 242.74 243.1399 235.36 235.36 235.36 226.0291 224.93 224.93
-9999 -9999 -9999 -9999 -9999 -9999 -9999 -9999 -9999 -9999 -9999 -9999 -9999 -9999 -9999 -9999 -9999 263.6031 303.62 303.62 303.62 269.0122 269.34 269.34 269.34 257.92 257.92 257.92 288.0331 291.58 291.58 288.992 339.34 339.34 339.34 328.4792 327.2 327.2 331.0154 256.79 256.79 256.79 233.4313 230.68 230.68 230.68 236.3638 236.31 236.31 235.4219 252.7 252.7 252.7 250.0852 250.11 250.11 257.1149 257.94 257.94 257.94 262.7253 262.68 262.68 248.1692 246.46 246.46 246.46 243.132 242.74 242.74 243.1399 235.36 235.36 235.36 226.0291 224.93 224.93
-9999 -9999 -9999 -9999 -9999 -9999 -9999 -9999 -9999 -9999 -9999 -9999 -9999 -9999 -9999 -9999 -9999 222.5469 257.82 257.82 257.82 297.1122 296.74 296.74 298.7568 257.9047 257.92 257.92 288.0331 291.58 291.58 288.992 339.34 339.34 339.34 328.4792 327.2 327.2 331.0154 256.79 256.79 256.79 233.4313 230.68 230.68 230.3749 236.31 236.31 236.31 235.4219 252.7 252.7 252.7 250.0852 250.11 250.11 257.1149 257.94 257.94 257.94 262.7253 262.68 262.68 248.1692 246.46 246.46 246.46 242.7044 242.74 242.74 243.1399 235.36 235.36 235.36 226.0291 224.93 224.93
-9999 -9999 -9999 -9999 -9999 -9999 -9999 -9999 -9999 -9999 -9999 -9999 -9999 -9999 -9999 -9999 -9999 222.5469 257.82 257.82 257.82 297.1122 296.74 296.74 298.7568 259.52 259.52 259.52 332.047 331.36 331.36 328.721 380.06 380.06 380.06 370.0044 368.82 368.82 370.6537 334.98 334.98 334.98 334.4343 334.37 334.37 335.6776 314.2461 236.31 236.31 250.9729 252.7 252.7 252.7 250.0852 250.11 250.11 257.1149 257.94 257.94 257.94 262.7253 262.68 262.68 248.1692 246.46 246.46 246.46 242.7044 242.74 242.74 236.1377 235.36 235.36 235.36 226.0291 224.93 224.93
-9999 -9999 -9999 -9999 -9999 -9999 -9999 -9999 -9999 -9999 -9999 -9999 -9999 -9999 -9999 -9999 -9999 222.5469 257.82 257.82 257.82 297.1122 296.74 296.74 298.7568 259.52 259.52 259.52 332.047 331.36 331.36 374.9282 380.06 380.06 380.06 370.0044 368.82 368.82 370.6537 334.98 334.98 334.98 334.4343 334.37 334.37 335.6776 310.24 310.24 310.24 288.2322 285.64 285.64 286.1992 275.32 275.32 275.32 265.5596 264.41 264.41 264.41 244.4207 244.61 244.61 241.8098 241.48 241.48 241.48 238.6633 238.69 238.69 236.1764 235.36 235.36 235.36 224.8303 224.93 224.93
-9999 -9999 -9999 -9999 -9999 -9999 -9999 -9999 -9999 -9999 -9999 -9999 -9999 -9999 -9999 -9999 -9999 222.5469 257.82 257.82 257.82 297.1122 296.74 296.74 298.7568 259.52 259.52 259.52 332.047 331.36 331.36 374.9282 380.06 380.06 380.06 368.7125 368.82 368.82 370.6537 334.98 334.98 334.98 334.4343 334.37 334.37 335.6776 310.24 310.24 310.24 288.2322 285.64 285.64 286.1992 275.32 275.32 275.32 265.5596 264.41 264.41 264.41 244.4207 244.61 244.61 241.8098 241.48 241.48 241.48 238.6633 238.69 238.69 234.369 233.86 233.86 233.86 228.4487 228.5 228.5
-9999 -9999 -9999 -9999 -9999 -9999 -9999 -9999 -9999 -9999 -9999 -9999 -9999 -9999 -9999 -9999 -9999 254.2942 257.82 257.82 257.82 297.1122 296.74 296.74 298.7568 259.52 259.52 259.52 332.047 331.36 331.36 374.9282 380.06 380.06 380.06 368.7125 368.82 368.82 370.6537 334.98 334.98 334.98 334.4343 334.37 334.37 335.6776 310.24 310.24 310.24 288.2322 285.64 285.64 286.1992 275.32 275.32 275.32 264.3057 264.41 264.41 264.41 244.4207 244.61 244.61 241.8098 241.48 241.48 241.48 238.6633 238.69 238.69 234.369 233.86 233.86 233.86 228.4487 228.5 228.5
-9999 -9999 -9999 -9999 -9999 -9999 -9999 -9999 -9999 -9999 -9999 -9999 -9999 -9999 -9999 -9999 -9999 226.9393 229.62 229.62 230.4713 213.91 213.91 213.91 213.9301 213.54 213.54 254.6749 332.047 331.36 331.36 374.9282 380.06 380.06 380.06 368.7125 368.82 368.82 338.5459 334.98 334.98 334.98 334.4343 334.37 334.37 335.6776 310.24 310.24 310.24 288.2322 285.64 285.64 286.1992 275.32 275.32 275.32 264.3057 264.41 264.41 265.4829 244.61 244.61 244.61 241.8098 241.48 241.48 241.48 238.6633 238.69 238.69 234.369 233.86 233.86 233.86 228.4487 228.5 228.5
-9999 -9999 -9999 -9999 -9999 -9999 -9999 -9999 -9999 -9999 -9999 -9999 -9999 -9999 -9999 -9999 -9999 226.9393 229.62 229.62 230.4713 213.91 213.91 213.91 213.579 213.54 213.54 213.54 247.4007 247.08 247.08 288.4385 293.31 293.31 293.31 329.1394 328.8 328.8 336.8337 337.78 337.78 337.78 353.3979 353.25 353.25 354.0092 339.24 339.24 339.24 329.8375 328.73 328.73 328.8362 326.77 326.77 326.77 306.0739 264.0097 264.41 265.4829 244.61 244.61 244.61 241.4501 241.48 241.48 241.48 238.6633 238.69 238.69 234.369 233.86 233.86 233.86 228.4487 228.5 228.5
-9999 -9999 -9999 -9999 -9999 -9999 -9999 -9999 -9999 -9999 -9999 -9999 -9999 -9999 -9999 -9999 -9999 226.9393 229.62 229.62 230.4713 213.91 213.91 213.91 213.579 213.54 213.54 213.54 247.4007 247.08 247.08 288.4385 293.31 293.31 293.31 329.1394 328.8 328.8 336.8337 337.78 337.78 337.78 353.3979 353.25 353.25 340.7163 339.24 339.24 339.24 329.8375 328.73 328.73 328.8362 326.77 326.77 326.77 306.0739 306.27 306.27 307.4719 284.09 284.09 284.09 285.9072 285.89 285.89 285.89 258.1068 258.37 258.37 246.2568 244.83 244.83 244.83 258.0553 257.93 257.93
-9999 -9999 -9999 -9999 -9999 -9999 -9999 -9999 -9999 -9999 -9999 -9999 -9999 -9999 -9999 -9999 -9999 226.9393 229.62 229.62 230.4713 213.91 213.91 213.91 213.579 213.54 213.54 211.7225 247.08 247.08 247.08 288.4385 293.31 293.31 293.31 329.1394 328.8 328.8 336.8337 337.78 337.78 337.78 353.3979 353.25 353.25 340.7163 339.24 339.24 339.24 329.8375 328.73 328.73 328.8362 326.77 326.77 326.77 306.0739 306.27 306.27 307.4719 284.09 284.09 284.09 285.9072 285.89 285.89 287.3813 258.37 258.37 258.37 246.2568 244.83 244.83 244.83 258.0553 257.93 257.93
-9999 -9999 -9999 -9999 -9999 -9999 -9999 -9999 -9999 -9999 -9999 -9999 -9999 -9999 -9999 -9999 -9999 226.9393 229.62 229.62 230.4713 213.91 213.91 213.91 213.579 213.54 213.54 211.7225 247.08 247.08 247.08 293.7521 293.31 293.31 293.31 329.1394 328.8 328.8 336.8337 337.78 337.78 337.78 353.3979 353.25 353.25 340.7163 339.24 339.24 339.24 328.6295 328.73 328.73 328.8362 326.77 326.77 326.77 306.0739 306.27 306.27 307.4719 284.09 284.09 284.09 285.9072 285.89 285.89 287.3813 258.37 258.37 258.37 244.7005 244.83 244.83 244.83 258.0553 257.93 257.93
-9999 -9999 -9999 -9999 -9999 -9999 -9999 -9999 -9999 -9999 -9999 -9999 -9999 -9999 -9999 -9999 -9999 243.5244 241.91 241.91 244.1561 200.46 200.46 200.46 197.7672 197.45 197.45 197.2793 200.6 200.6 200.6 230.4528 230.17 230.17 230.17 246.7066 246.55 320.1329 336.8337 337.78 337.78 337.78 353.3979 353.25 353.25 340.7163 339.24 339.24 339.24 328.6295 328.73 328.73 326.9765 326.77 326.77 326.77 306.0739 306.27 306.27 307.4719 284.09 284.09 284.09 285.9072 285.89 285.89 287.3813 258.37 258.37 258.37 244.7005 244.83 244.83 244.83 258.0553 257.93 257.93
-9999 -9999 -9999 -9999 -9999 -9999 -9999 -9999 -9999 -9999 -9999 -9999 -9999 -9999 -9999 -9999 -9999 241.7635 241.91 241.91 244.1561 200.46 200.46 200.46 197.7672 197.45 197.45 197.2793 200.6 200.6 200.6 230.4528 230.17 230.17 229.2824 246.55 246.55 246.55 241.9874 241.45 241.45 241.45 263.8017 263.59 263.59 298.0957 302.16 302.16 302.16 305.6026 305.57 305.57 308.2181 308.53 308.53 308.53 307.73 307.73 307.73 309.011 284.09 284.09 284.09 285.9072 285.89 285.89 287.3813 258.37 258.37 258.37 244.7005 244.83 244.83 244.1201 257.93 257.93 257.93
-9999 -9999 -9999 -9999 -9999 -9999 -9999 -9999 -9999 -9999 -9999 -9999 -9999 -9999 -9999 -9999 -9999 241.7635 241.91 241.91 204.8278 200.46 200.46 200.46 197.7672 197.45 197.45 197.2793 200.6 200.6 200.6 230.4528 230.17 230.17 229.2824 246.55 246.55 246.55 241.4012 241.45 241.45 241.45 263.8017 263.59 263.59 298.0957 302.16 302.16 302.16 305.6026 305.57 305.57 308.2181 308.53 308.53 308.53 307.73 307.73 307.73 308.0828 301.22 301.22 301.22 281.2408 281.43 281.43 282.9088 254.14 254.14 254.14 251.5151 251.54 251.54 248.6545 304.79 304.79 304.79
-9999 -9999 -9999 -9999 -9999 -9999 -9999 -9999 -9999 -9999 -9999 -9999 -9999 -9999 -9999 -9999 -9999 241.7635 241.91 241.91 204.8278 200.46 200.46 200.46 197.4212 197.45 197.45 197.2793 200.6 200.6 200.6 230.4528 230.17 230.17 229.2824 246.55 246.55 246.55 241.4012 241.45 241.45 240.2503 263.59 263.59 263.59 298.0957 302.16 302.16 302.16 305.6026 305.57 305.57 308.2181 308.53 308.53 308.53 307.73 307.73 307.73 301.906 301.22 301.22 301.22 281.2408 281.43 281.43 282.9088 254.14 254.14 254.14 251.5151 251.54 251.54 248.6545 304.79 304.79 304.79
-9999 -9999 -9999 -9999 -9999 -9999 -9999 -9999 -9999 -9999 -9999 -9999 -9999 -9999 -9999 -9999 -9999 268.8663 269.05 269.05 264.8274 264.33 264.33 264.33 245.8045 196.9859 197.45 197.2793 200.6 200.6 200.6 230.4528 230.17 230.17 229.2824 246.55 246.55 246.55 241.4012 241.45 241.45 240.2503 263.59 263.59 263.59 298.0957 302.16 302.16 302.16 305.6026 305.57 305.57 308.2181 308.53 308.53 308.53 307.73 307.73 307.73 301.906 301.22 301.22 302.2924 281.43 281.43 281.43 282.9088 254.14 254.14 254.14 251.5151 251.54 251.54 248.6545 304.79 304.79 304.79
-9999 -9999 -9999 -9999 -9999 -9999 -9999 -9999 -9999 -9999 -9999 -9999 -9999 -9999 -9999 -9999 -9999 268.8663 269.05 269.05 264.8274 264.33 264.33 264.33 245.8045 245.98 245.98 240.2365 239.56 239.56 239.56 228.0611 228.17 228.17 227.6184 238.35 238.35 238.35 253.9578 253.81 253.81 252.0619 286.07 286.07 286.07 281.325 281.37 302.3588 302.16 305.6026 305.57 305.57 308.2181 308.53 308.53 308.53 307.73 307.73 307.73 301.906 301.22 301.22 302.2924 281.43 281.43 281.43 282.9088 254.14 254.14 254.14 251.5151 251.54 251.54 248.6545 304.79 304.79 304.79
-9999 -9999 -9999 -9999 -9999 -9999 -9999 -9999 -9999 -9999 -9999 -9999 -9999 -9999 -9999 -9999 -9999 268.8663 269.05 269.05 264.8274 264.33 264.33 264.33 245.8045 245.98 245.98 240.2365 239.56 239.56 239.56 228.17 228.17 228.17 227.6184 238.35 238.35 238.35 253.9578 253.81 253.81 252.0619 286.07 286.07 286.07 281.325 281.37 281.37 282.2684 264.79 264.79 264.79 266.4003 266.59 266.59 266.59 265.11 265.11 265.11 255.4749 254.34 254.34 254.7849 246.13 246.13 246.13 243.6519 243.36 243.36 243.36 250.9987 251.54 251.54 248.6545 304.79 304.79 304.79
-9999 -9999 -9999 -9999 -9999 -9999 -9999 -9999 -9999 -9999 -9999 -9999 -9999 -9999 -9999 -9999 -9999 268.8663 269.05 269.05 264.8274 264.33 264.33 264.33 245.8045 245.98 245.98 240.2365 239.56 239.56 239.56 228.17 228.17 228.17 227.6184 238.35 238.35 238.35 253.9578 253.81 253.81 252.0619 286.07 286.07 286.07 281.325 281.37 281.37 282.2684 264.79 264.79 264.79 266.4003 266.59 266.59 266.59 265.11 265.11 265.11 255.4749 254.34 254.34 254.7849 246.13 246.13 246.13 243.6519 243.36 243.36 243.2088 246.15 246.15 246.15 244.6338 274.13 274.13 274.13
-9999 -9999 -9999 -9999 -9999 -9999 -9999 -9999 -9999 -9999 -9999 -9999 -9999 -9999 -9999 -9999 -9999 269.05 269.05 269.05 264.8274 264.33 264.33 264.33 245.8045 245.98 245.98 240.2365 239.56 239.56 239.56 228.17 228.17 228.17 237.2773 238.35 238.35 238.35 253.9578 253.81 253.81 252.0619 286.07 286.07 286.07 281.325 281.37 281.37 282.2684 264.79 264.79 264.79 266.6072 266.59 266.59 266.59 265.11 265.11 265.11 255.4749 254.34 254.34 254.7849 246.13 246.13 246.13 243.6519 243.36 243.36 243.2088 246.15 246.15 246.15 244.6338 274.13 274.13 274.13
-9999 -9999 -9999 -9999 -9999 -9999 -9999 -9999 -9999 -9999 -9999 -9999 -9999 -9999 -9999 -9999 -9999 332.39 332.39 332.39 347.6949 347.55 347.55 347.55 378.2205 377.93 377.93 357.4968 355.09 355.09 355.09 326.27 326.27 326.27 391.6538 238.35 238.35 238.35 253.81 253.81 253.81 252.0619 286.07 286.07 286.07 281.325 281.37 281.37 282.2684 264.79 264.79 264.79 266.6072 266.59 266.59 266.6702 265.11 265.11 265.11 255.4749 254.34 254.34 254.7849 246.13 246.13 246.13 243.6519 243.36 243.36 243.2088 246.15 246.15 246.15 271.1816 274.13 274.13 274.13
-9999 -9999 -9999 -9999 -9999 -9999 -9999 -9999 -9999 -9999 -9999 -9999 -9999 -9999 -9999 -9999 -9999 332.39 332.39 332.39 347.6949 347.55 347.55 347.55 378.2205 377.93 377.93 357.4968 355.09 355.09 355.09 326.27 326.27 326.27 383.4276 390.16 390.16 390.16 388.91 388.91 388.91 388.0874 404.09 404.09 404.09 368.2505 368.59 368.59 369.8807 344.77 344.77 344.77 319.2483 319.49 319.49 321.0175 291.3 267.8698 265.11 255.4749 254.34 254.34 254.7849 246.13 246.13 246.13 243.6519 243.36 243.36 243.2088 246.15 246.15 246.15 271.1816 274.13 274.13 273.8331
-9999 -9999 -9999 -9999 -9999 -9999 -9999 -9999 -9999 -9999 -9999 -9999 -9999 -9999 -9999 -9999 -9999 332.39 332.39 332.39 347.6949 347.55 347.55 345.9038 377.93 377.93 377.93 357.4968 355.09 355.09 355.09 326.27 326.27 326.27 383.4276 390.16 390.16 390.16 388.91 388.91 388.91 402.4904 404.09 404.09 404.09 368.2505 368.59 368.59 369.8807 344.77 344.77 344.77 319.2483 319.49 319.49 321.0175 291.3 291.3 291.3 260.8213 261.11 261.11 261.4963 253.98 253.98 253.98 254.3557 254.4 254.4 252.7402 285.03 285.03 285.03 293.1085 294.06 294.06 294.1494
-9999 -9999 -9999 -9999 -9999 -9999 -9999 -9999 -9999 -9999 -9999 -9999 -9999 -9999 -9999 -9999 -9999 332.39 332.39 332.39 347.6949 347.55 347.55 345.9038 377.93 377.93 377.93 354.8716 355.09 355.09 355.09 326.27 326.27 326.27 383.4276 390.16 390.16 390.16 388.91 388.91 388.91 402.4904 404.09 404.09 406.0136 368.59 368.59 368.59 369.8807 344.77 344.77 344.77 319.2483 319.49 319.49 321.0175 291.3 291.3 291.3 260.8213 261.11 261.11 254.7313 253.98 253.98 253.98 254.3557 254.4 254.4 252.7402 285.03 285.03 285.03 293.1085 294.06 294.06 294.1494
-9999 -9999 -9999 -9999 -9999 -9999 -9999 -9999 -9999 -9999 -9999 -9999 -9999 -9999 -9999 -9999 -9999 332.39 332.39 332.39 347.6949 347.55 347.55 345.9038 377.93 377.93 377.93 354.8716 355.09 355.09 355.09 326.27 326.27 326.27 383.4276 390.16 390.16 390.16 388.91 388.91 388.91 402.4904 404.09 404.09 406.0136 368.59 368.59 368.59 369.8807 344.77 344.77 344.77 319.2483 319.49 319.49 321.0175 291.3 291.3 291.3 260.8213 261.11 261.11 254.7313 253.98 253.98 253.98 254.3557 254.4 254.4 252.7402 285.03 285.03 285.03 293.1085 294.06 294.06 294.1494
