Model and model input files/precip_2002.asc
ncols         625
nrows         453
xllcorner     138621.56993419
yllcorner     4094031.9406744
cellsize      1000
NODATA_value  -9999
[rows 68 to 101 of 453, columns 0 to 76 of 625]
-9999 -9999 -9999 -9999 -9999 -9999 -9999 -9999 -9999 -9999 -9999 -9999 -9999 -9999 -9999 -9999 -9999 264.54 264.54 264.54 267.0134 266.99 266.99 267.3541 260.27 260.27 260.27 261.7238 261.71 261.71 260.8804 277.02 277.02 277.02 318.3248 323.19 323.19 323.19 330.91 330.91 330.91 316.7212 315.05 315.05 315.6975 303.1 303.1 303.1 289.0365 287.38 287.38 287.38 271.7621 271.91 271.91 273.0707 250.49 250.49 250.49 230.2281 230.42 230.42 230.9478 231.01 231.01 231.01 230.5759 230.58 230.58 229.2036 255.98 255.98 255.98 258.9233 259.27 259.27 259.2749
-9999 -9999 -9999 -9999 -9999 -9999 -9999 -9999 -9999 -9999 -9999 -9999 -9999 -9999 -9999 -9999 -9999 264.54 264.54 264.54 267.0134 266.99 266.99 267.3541 260.27 260.27 260.27 261.7238 261.71 261.71 260.8804 277.02 277.02 277.02 323.6315 323.19 323.19 323.19 330.91 330.91 330.91 316.7212 315.05 315.05 315.4532 307.61 307.61 307.61 293.6807 292.04 292.04 292.9292 275.63 275.63 275.63 276.1009 266.94 266.94 266.94 261.5287 261.58 261.58 257.6526 257.19 257.19 257.19 256.3319 256.34 230.58 253.3035 255.98 255.98 255.98 258.9233 259.27 259.27 259.2749
-9999 -9999 -9999 -9999 -9999 -9999 -9999 -9999 -9999 -9999 -9999 -9999 -9999 -9999 -9999 -9999 -9999 264.54 264.54 264.4073 266.99 266.99 266.99 267.3541 260.27 260.27 260.27 261.7238 261.71 261.71 260.8804 277.02 277.02 277.02 323.6315 323.19 323.19 322.7717 330.91 330.91 330.91 316.7212 315.05 315.05 315.4532 307.61 307.61 307.61 293.6807 292.04 292.04 292.9292 275.63 275.63 275.63 276.1009 266.94 266.94 266.94 261.5287 261.58 261.58 257.6526 257.19 257.19 257.19 256.3319 256.34 256.34 272.5059 274.41 274.41 274.41 287.4984 289.04 289.04 289.2237
-9999 -9999 -9999 -9999 -9999 -9999 -9999 -9999 -9999 -9999 -9999 -9999 -9999 -9999 -9999 -9999 -9999 264.54 264.54 264.4073 266.99 266.99 266.99 267.3541 260.27 260.27 260.27 261.7238 261.71 261.71 260.8804 277.02 277.02 277.02 323.6315 323.19 323.19 322.7717 330.91 330.91 330.91 316.7212 315.05 315.05 315.4532 307.61 307.61 307.61 293.6807 292.04 292.04 292.9292 275.63 275.63 275.63 267.8557 266.94 266.94 266.94 261.5287 261.58 261.58 257.6526 257.19 257.19 257.19 256.3319 256.34 256.34 272.5059 274.41 274.41 274.41 289.1799 289.04 289.04 289.2237
-9999 -9999 -9999 -9999 -9999 -9999 -9999 -9999 -9999 -9999 -9999 -9999 -9999 -9999 -9999 -9999 -9999 206.36 206.36 205.2307 227.2 227.2 227.2 261.9562 266.05 260.8791 260.27 261.7238 261.71 261.71 260.8804 277.02 277.02 277.02 323.6315 323.19 323.19 322.7717 330.91 330.91 330.91 314.8983 315.05 315.05 315.4532 307.61 307.61 307.61 293.6807 292.04 292.04 292.9292 275.63 275.63 275.63 267.8557 266.94 266.94 266.94 261.5287 261.58 261.58 257.6526 257.19 257.19 257.19 256.3319 256.34 256.34 272.5059 274.41 274.41 274.41 289.1799 289.04 289.04 289.2237
-9999 -9999 -9999 -9999 -9999 -9999 -9999 -9999 -9999 -9999 -9999 -9999 -9999 -9999 -9999 -9999 -9999 206.36 206.36 205.2307 227.2 227.2 227.2 261.9562 266.05 266.05 260.5944 366.73 366.73 366.73 365.8885 382.26 382.26 382.26 350.479 350.78 350.78 350.3579 358.57 358.57 358.57 365.2129 365.15 365.15 367.7624 316.94 316.94 308.5931 293.6807 292.04 292.04 292.9292 275.63 275.63 275.63 267.8557 266.94 266.94 267.2304 261.58 261.58 261.58 257.6526 257.19 257.19 257.19 256.3319 256.34 256.34 272.5059 274.41 274.41 274.41 289.1799 289.04 289.04 286.0072
-9999 -9999 -9999 -9999 -9999 -9999 -9999 -9999 -9999 -9999 -9999 -9999 -9999 -9999 -9999 -9999 -9999 206.36 206.36 205.2307 227.2 227.2 227.2 261.9562 266.05 266.05 260.5944 366.73 366.73 366.73 365.8885 382.26 382.26 382.26 350.479 350.78 350.78 350.3579 358.57 358.57 358.57 365.2129 365.15 365.15 322.0201 316.94 316.94 316.94 297.804 295.55 295.55 296.7892 272.68 272.68 272.68 257.5608 255.78 255.78 255.9117 253.35 253.35 253.35 245.2432 245.32 245.32 245.32 253.5479 253.47 253.47 272.946 275.285 274.41 274.41 289.1799 289.04 289.04 286.0072
-9999 -9999 -9999 -9999 -9999 -9999 -9999 -9999 -9999 -9999 -9999 -9999 -9999 -9999 -9999 -9999 -9999 206.36 206.36 205.2307 227.2 227.2 227.2 261.9562 266.05 266.05 260.5944 366.73 366.73 366.73 380.6235 382.26 382.26 382.26 350.479 350.78 350.78 350.3579 358.57 358.57 358.57 365.2129 365.15 365.15 322.0201 316.94 316.94 316.94 295.3455 295.55 295.55 296.7892 272.68 272.68 272.68 257.5608 255.78 255.78 255.9117 253.35 253.35 253.35 245.2432 245.32 245.32 245.32 253.5479 253.47 253.47 272.946 275.24 275.24 275.24 284.9318 284.84 284.84 270.6065
-9999 -9999 -9999 -9999 -9999 -9999 -9999 -9999 -9999 -9999 -9999 -9999 -9999 -9999 -9999 -9999 -9999 206.36 206.36 205.2307 227.2 227.2 227.2 261.9562 266.05 266.05 260.5944 366.73 366.73 366.73 380.6235 382.26 382.26 383.9658 350.78 350.78 350.78 350.3579 358.57 358.57 358.57 365.2129 365.15 365.15 322.0201 316.94 316.94 316.94 295.3455 295.55 295.55 296.7892 272.68 272.68 272.68 257.5608 255.78 255.78 255.9117 253.35 253.35 253.35 245.2432 245.32 245.32 244.8784 253.47 253.47 253.47 272.946 275.24 275.24 275.24 284.9318 284.84 284.84 270.6065
-9999 -9999 -9999 -9999 -9999 -9999 -9999 -9999 -9999 -9999 -9999 -9999 -9999 -9999 -9999 -9999 -9999 180.92 180.92 200.0023 202.25 202.25 202.25 235.6106 239.54 239.54 236.2568 300.13 300.13 300.13 319.3913 321.66 321.66 324.2383 274.08 351.5134 350.78 350.3579 358.57 358.57 358.57 365.2129 365.15 365.15 322.0201 316.94 316.94 316.94 295.3455 295.55 295.55 275.0899 272.68 272.68 272.68 257.5608 255.78 255.78 255.9117 253.35 253.35 253.35 245.2432 245.32 245.32 244.8784 253.47 253.47 253.47 272.946 275.24 275.24 275.24 284.9318 284.84 284.84 270.6065
-9999 -9999 -9999 -9999 -9999 -9999 -9999 -9999 -9999 -9999 -9999 -9999 -9999 -9999 -9999 -9999 -9999 180.92 180.92 200.0023 202.25 202.25 202.25 235.6106 239.54 239.54 236.2568 300.13 300.13 300.13 319.3913 321.66 321.66 324.2383 274.08 274.08 274.08 271.9776 271.73 271.73 271.73 270.3166 270.33 270.33 256.9554 255.38 255.38 255.38 261.2456 261.19 261.19 273.4285 274.87 274.87 274.87 255.725 253.47 253.3448 255.9117 253.35 253.35 253.35 245.2432 245.32 245.32 244.8784 253.47 253.47 253.47 275.4482 275.24 275.24 275.24 284.9318 284.84 284.84 270.6065
-9999 -9999 -9999 -9999 -9999 -9999 -9999 -9999 -9999 -9999 -9999 -9999 -9999 -9999 -9999 -9999 -9999 180.92 180.92 200.0023 202.25 202.25 202.25 239.8966 239.54 239.54 236.2568 300.13 300.13 300.13 319.3913 321.66 321.66 324.2383 274.08 274.08 274.08 271.9776 271.73 271.73 271.73 270.3166 270.33 270.33 256.9554 255.38 255.38 255.38 261.2456 261.19 261.19 273.4285 274.87 274.87 274.87 253.2654 253.47 253.47 254.3858 236.57 236.57 236.57 228.1402 228.22 228.22 227.9415 233.36 233.36 233.36 261.3653 261.1 261.1 260.0894 279.75 279.75 279.75 255.9619
-9999 -9999 -9999 -9999 -9999 -9999 -9999 -9999 -9999 -9999 -9999 -9999 -9999 -9999 -9999 -9999 -9999 180.92 180.92 200.0023 202.25 202.25 202.25 239.8966 239.54 239.54 293.7453 300.13 300.13 300.13 319.3913 321.66 321.66 324.2383 274.08 274.08 274.08 271.9776 271.73 271.73 271.8059 270.33 270.33 270.33 256.9554 255.38 255.38 255.38 261.2456 261.19 261.19 273.4285 274.87 274.87 274.87 253.2654 253.47 253.47 238.3508 236.57 236.57 236.57 228.1402 228.22 228.22 227.9415 233.36 233.36 233.36 261.3653 261.1 261.1 260.0894 279.75 279.75 279.75 255.9619
-9999 -9999 -9999 -9999 -9999 -9999 -9999 -9999 -9999 -9999 -9999 -9999 -9999 -9999 -9999 -9999 -9999 180.95 180.95 188.7064 189.62 189.62 189.62 235.1635 239.54 239.54 293.7453 300.13 300.13 300.13 319.3913 321.66 321.66 324.2383 274.08 274.08 274.08 271.9776 271.73 271.73 271.8059 270.33 270.33 270.33 255.237 255.38 255.38 255.38 261.2456 261.19 261.19 273.4285 274.87 274.87 274.87 253.2654 253.47 253.47 238.3508 236.57 236.57 236.57 228.1402 228.22 228.22 227.9415 233.36 233.36 233.36 261.3653 261.1 261.1 260.0894 279.75 279.75 279.75 252.9057
-9999 -9999 -9999 -9999 -9999 -9999 -9999 -9999 -9999 -9999 -9999 -9999 -9999 -9999 -9999 -9999 -9999 180.95 180.95 188.7064 189.62 189.62 189.62 197.3835 197.31 197.31 205.2364 206.17 206.17 206.17 205.9075 205.91 205.91 205.8136 207.69 207.69 207.69 207.7794 207.79 207.79 207.4427 214.2 214.2 214.2 211.6282 255.38 255.38 255.38 261.2456 261.19 261.19 273.4285 274.87 274.87 274.87 253.2654 253.47 253.47 238.3508 236.57 236.57 236.57 228.22 228.22 228.22 227.9415 233.36 233.36 233.36 261.3653 261.1 261.1 260.0894 279.75 279.75 279.75 252.9057
-9999 -9999 -9999 -9999 -9999 -9999 -9999 -9999 -9999 -9999 -9999 -9999 -9999 -9999 -9999 -9999 -9999 180.95 180.95 188.7064 189.62 189.62 189.62 197.3835 197.31 197.31 205.2364 206.17 206.17 206.17 205.9075 205.91 205.91 207.5024 207.69 207.69 207.69 207.7794 207.79 207.79 207.4427 214.2 214.2 214.2 213.8769 213.88 213.88 213.3186 224.24 224.24 224.24 241.6941 243.75 243.75 243.75 235.5221 235.6 235.6 226.439 225.36 225.36 225.36 220.09 220.09 220.09 219.5698 229.69 229.69 232.9733 261.3653 261.1 261.1 260.0894 279.75 279.75 279.75 252.9057
-9999 -9999 -9999 -9999 -9999 -9999 -9999 -9999 -9999 -9999 -9999 -9999 -9999 -9999 -9999 -9999 -9999 180.95 180.95 189.7029 189.62 189.62 189.62 197.3835 197.31 197.31 205.2364 206.17 206.17 206.17 205.9075 205.91 205.91 207.5024 207.69 207.69 207.69 207.7794 207.79 207.79 207.4427 214.2 214.2 214.2 213.8769 213.88 213.88 213.3186 224.24 224.24 224.24 241.6941 243.75 243.75 243.75 235.5221 235.6 235.6 226.439 225.36 225.36 225.36 220.09 220.09 220.09 228.6784 229.69 229.69 229.69 262.521 262.21 262.21 262.34 259.81 259.81 259.81 240.2346
-9999 -9999 -9999 -9999 -9999 -9999 -9999 -9999 -9999 -9999 -9999 -9999 -9999 -9999 -9999 -9999 -9999 180.95 180.95 189.7029 189.62 189.62 189.62 197.3835 197.31 197.31 205.2364 206.17 206.17 206.17 205.9075 205.91 205.91 207.5024 207.69 207.69 207.69 207.791 207.79 207.79 207.4427 214.2 214.2 214.2 213.8769 213.88 213.88 213.3186 224.24 224.24 224.24 243.9366 243.75 243.75 243.75 235.5221 235.6 235.6 226.439 225.36 225.36 225.36 220.09 220.09 220.09 228.6784 229.69 229.69 229.69 262.521 262.21 262.21 262.34 259.81 259.81 259.81 240.2346
-9999 -9999 -9999 -9999 -9999 -9999 -9999 -9999 -9999 -9999 -9999 -9999 -9999 -9999 -9999 -9999 -9999 184.4 184.4 183.3198 183.33 183.33 182.9496 190.35 190.35 196.5766 205.2364 206.17 206.17 206.17 205.9075 205.91 205.91 207.5024 207.69 207.69 207.69 207.791 207.79 207.79 207.4427 214.2 214.2 214.2 213.8769 213.88 213.88 213.3186 224.24 224.24 224.24 243.9366 243.75 243.75 244.1916 235.6 235.6 235.6 226.439 225.36 225.36 225.36 220.09 220.09 220.09 228.6784 229.69 229.69 227.9278 262.21 262.21 262.21 262.34 259.81 259.81 259.81 240.2346
-9999 -9999 -9999 -9999 -9999 -9999 -9999 -9999 -9999 -9999 -9999 -9999 -9999 -9999 -9999 -9999 -9999 184.4 184.4 183.3198 183.33 183.33 182.9496 190.35 190.35 190.35 187.8564 187.88 187.88 187.88 189.1218 189.11 189.11 200.8564 202.24 202.24 202.24 211.316 211.23 211.23 210.237 210.12 210.12 210.12 196.1981 196.33 196.33 196.3869 195.28 195.28 195.28 213.654 213.48 213.48 213.0709 234.0647 235.6 235.6 226.439 225.36 225.36 225.36 220.09 220.09 220.09 228.6784 229.69 229.69 227.9278 262.21 262.21 262.21 260.0629 259.81 259.81 259.81 240.2346
-9999 -9999 -9999 -9999 -9999 -9999 -9999 -9999 -9999 -9999 -9999 -9999 -9999 -9999 -9999 -9999 -9999 184.4 184.4 183.3198 183.33 183.33 182.9496 190.35 190.35 190.35 187.8564 187.88 187.88 187.88 189.1218 189.11 189.11 200.8564 202.24 202.24 202.24 211.316 211.23 211.23 210.237 210.12 210.12 210.12 196.1981 196.33 196.33 196.3869 195.28 195.28 195.28 213.654 213.48 213.48 213.0709 221.03 221.03 221.03 221.7569 221.75 221.75 221.75 220.13 220.13 220.13 228.8615 229.89 229.89 228.3137 258.98 258.98 258.98 247.9672 246.67 246.67 246.67 236.9782
-9999 -9999 -9999 -9999 -9999 -9999 -9999 -9999 -9999 -9999 -9999 -9999 -9999 -9999 -9999 -9999 -9999 184.4 184.4 183.3198 183.33 183.33 182.9496 190.35 190.35 190.35 187.8564 187.88 187.88 187.8134 189.11 189.11 189.11 200.8564 202.24 202.24 202.24 211.316 211.23 211.23 210.237 210.12 210.12 210.12 196.33 196.33 196.33 196.3869 195.28 195.28 195.28 213.654 213.48 213.48 213.0709 221.03 221.03 221.03 221.7569 221.75 221.75 221.75 220.13 220.13 220.13 228.8615 229.89 229.89 228.3137 258.98 258.98 258.98 247.9672 246.67 246.67 247.1902 237.07
-9999 -9999 -9999 -9999 -9999 -9999 -9999 -9999 -9999 -9999 -9999 -9999 -9999 -9999 -9999 -9999 -9999 184.4 184.4 183.3198 183.33 183.33 182.9496 190.35 190.35 190.35 187.8564 187.88 187.88 187.8134 189.11 189.11 189.11 200.8564 202.24 202.24 202.24 211.316 211.23 211.23 210.237 210.12 210.12 210.12 196.33 196.33 196.33 195.3906 195.28 195.28 195.28 213.654 213.48 213.48 213.0709 221.03 221.03 221.03 221.7569 221.75 221.75 221.8378 220.13 220.13 220.13 228.8615 229.89 229.89 228.3137 258.98 258.98 258.98 247.9672 246.67 246.67 247.1902 237.07
-9999 -9999 -9999 -9999 -9999 -9999 -9999 -9999 -9999 -9999 -9999 -9999 -9999 -9999 -9999 -9999 -9999 175.07 175.07 175.85 175.85 175.85 175.1792 188.23 188.23 188.23 175.5095 175.63 175.63 175.5606 176.91 176.91 176.91 187.9748 187.87 200.7258 202.24 211.316 211.23 211.23 210.237 210.12 210.12 210.12 196.33 196.33 196.33 195.3906 195.28 195.28 195.28 213.654 213.48 213.48 213.0709 221.03 221.03 221.03 221.7569 221.75 221.75 221.8378 220.13 220.13 220.13 228.8615 229.89 229.89 228.3137 258.98 258.98 258.98 247.9672 246.67 246.67 247.1902 237.07
-9999 -9999 -9999 -9999 -9999 -9999 -9999 -9999 -9999 -9999 -9999 -9999 -9999 -9999 -9999 -9999 -9999 175.07 175.07 175.85 175.85 175.85 175.1792 188.23 188.23 188.23 175.5095 175.63 175.63 175.5606 176.91 176.91 176.91 187.9748 187.87 187.87 187.87 210.8577 210.64 210.64 209.0207 208.83 208.83 208.83 194.09 194.09 194.09 189.9389 189.45 189.45 189.0029 197.7 197.7 197.7 196.9224 212.05 212.05 212.05 221.8428 221.75 221.75 221.8378 220.13 220.13 220.13 229.9833 229.89 229.89 228.3137 258.98 258.98 258.98 247.9672 246.67 246.67 247.1902 237.07
-9999 -9999 -9999 -9999 -9999 -9999 -9999 -9999 -9999 -9999 -9999 -9999 -9999 -9999 -9999 -9999 -9999 175.07 175.07 175.85 175.85 175.85 186.9255 188.23 188.23 188.23 175.5095 175.63 175.63 175.5606 176.91 176.91 176.91 187.9748 187.87 187.87 186.6361 210.64 210.64 210.64 209.0207 208.83 208.83 208.83 194.09 194.09 194.09 189.9389 189.45 189.45 189.0029 197.7 197.7 197.7 196.9224 212.05 212.05 212.05 225.8204 225.69 225.69 225.0945 236.68 236.68 236.68 243.7974 243.73 243.73 244.2496 234.14 234.14 234.14 228.7096 228.07 228.07 227.9335 230.59
-9999 -9999 -9999 -9999 -9999 -9999 -9999 -9999 -9999 -9999 -9999 -9999 -9999 -9999 -9999 -9999 -9999 175.07 175.07 175.85 175.85 175.85 186.9255 188.23 188.23 188.9128 175.63 175.63 175.63 175.5606 176.91 176.91 176.91 187.9748 187.87 187.87 186.6361 210.64 210.64 210.64 208.8127 208.83 208.83 208.83 194.09 194.09 194.09 189.9389 189.45 189.45 189.0029 197.7 197.7 197.7 210.5379 212.05 212.05 212.05 225.8204 225.69 225.69 225.0945 236.68 236.68 236.68 243.7974 243.73 243.73 235.1505 234.14 234.14 234.14 228.7096 228.07 228.07 227.9335 230.59
-9999 -9999 -9999 -9999 -9999 -9999 -9999 -9999 -9999 -9999 -9999 -9999 -9999 -9999 -9999 -9999 -9999 156.8 156.8 163.31 163.31 163.31 177.7582 187.3059 188.23 188.9128 175.63 175.63 175.63 175.5606 176.91 176.91 176.91 187.9748 187.87 187.87 186.6361 210.64 210.64 210.64 208.8127 208.83 208.83 208.83 194.09 194.09 194.09 189.9389 189.45 189.45 189.0029 197.7 197.7 197.7 210.5379 212.05 212.05 212.05 225.8204 225.69 225.69 225.0945 236.68 236.68 236.68 243.7974 243.73 243.73 235.1505 234.14 234.14 234.14 228.7096 228.07 228.07 227.9335 230.59
-9999 -9999 -9999 -9999 -9999 -9999 -9999 -9999 -9999 -9999 -9999 -9999 -9999 -9999 -9999 -9999 -9999 156.8 156.8 163.31 163.31 163.31 177.7582 179.46 179.46 179.8886 171.55 171.55 171.55 169.3582 169.1 169.1 169.1 176.0458 175.98 175.98 175.7231 180.72 180.72 180.72 190.0484 189.96 189.96 189.8099 192.73 194.103 194.09 189.9389 189.45 189.45 189.0029 197.7 197.7 197.7 210.5379 212.05 212.05 211.3109 225.69 225.69 225.69 225.0945 236.68 236.68 236.68 243.7974 243.73 243.73 235.1505 234.14 234.14 234.14 228.012 228.07 228.07 227.9335 230.59
-9999 -9999 -9999 -9999 -9999 -9999 -9999 -9999 -9999 -9999 -9999 -9999 -9999 -9999 -9999 -9999 -9999 156.8 156.8 163.31 163.31 163.31 177.7582 179.46 179.46 179.8886 171.55 171.55 171.55 169.3582 169.1 169.1 169.1 176.0458 175.98 175.98 175.7231 180.72 180.72 180.72 190.0484 189.96 189.96 189.8099 192.73 192.73 192.73 202.1593 203.27 203.27 202.9714 208.78 208.78 208.78 220.1328 221.47 221.47 218.1873 282.05 282.05 282.05 281.9302 284.26 284.26 284.26 258.6373 258.88 258.88 247.9999 234.14 234.14 234.14 228.012 228.07 228.07 227.9335 230.59
-9999 -9999 -9999 -9999 -9999 -9999 -9999 -9999 -9999 -9999 -9999 -9999 -9999 -9999 -9999 -9999 -9999 156.8 156.4472 163.31 163.31 163.31 177.7582 179.46 179.46 179.8886 171.55 171.55 171.55 169.3582 169.1 169.1 168.7272 175.98 175.98 175.98 175.7231 180.72 180.72 180.72 190.0484 189.96 189.96 189.8099 192.73 192.73 192.73 203.3708 203.27 203.27 202.9714 208.78 208.78 208.78 220.1328 221.47 221.47 218.1873 282.05 282.05 282.05 284.0271 284.26 284.26 284.26 258.6373 258.88 258.88 247.3572 246 246 246 242.6382 242.67 242.67 250.6232 251.56
-9999 -9999 -9999 -9999 -9999 -9999 -9999 -9999 -9999 -9999 -9999 -9999 -9999 -9999 -9999 -9999 -9999 156.8 156.4472 163.31 163.31 163.31 177.7582 179.46 179.46 179.8886 171.55 171.55 171.55 169.3582 169.1 169.1 168.7272 175.98 175.98 175.98 175.7231 180.72 180.72 180.72 190.0484 189.96 189.96 189.8099 192.73 192.73 192.73 203.3708 203.27 203.27 202.9714 208.78 208.78 208.78 220.1328 221.47 221.47 218.1873 282.05 282.05 282.05 284.0271 284.26 284.26 284.26 258.6373 258.88 258.88 247.3572 246 246 246 242.6382 242.67 242.67 250.6232 251.56
-9999 -9999 -9999 -9999 -9999 -9999 -9999 -9999 -9999 -9999 -9999 -9999 -9999 -9999 -9999 -9999 -9999 155.54 155.0816 164 164 164 178.0329 177.9 177.9 178.1763 172.8 172.8 172.8 171.8159 171.7 171.7 171.4681 175.98 175.98 175.98 180.2205 180.72 180.72 180.72 190.0484 189.96 189.96 189.8099 192.73 192.73 192.73 203.3708 203.27 203.27 208.1994 208.78 208.78 208.78 220.1328 221.47 221.47 218.1873 282.05 282.05 282.05 284.0271 284.26 284.26 285.6353 258.88 258.88 258.88 247.3572 246 246 246 242.6382 242.67 242.67 250.6232 251.56
-9999 -9999 -9999 -9999 -9999 -9999 -9999 -9999 -9999 -9999 -9999 -9999 -9999 -9999 -9999 -9999 -9999 155.54 155.0816 164 164 164 178.0329 177.9 177.9 178.1763 172.8 172.8 172.8 171.8159 171.7 171.7 171.648 172.66 172.66 172.66 173.8499 173.99 173.99 173.99 179.4719 179.42 179.42 178.2539 200.94 200.94 200.94 211.9543 211.85 211.85 217.5756 218.25 218.25 218.25 270.6035 279.7666 221.47 218.1873 282.05 282.05 282.05 284.0271 284.26 284.26 285.6353 258.88 258.88 258.88 247.3572 246 246 246 242.6382 242.67 242.67 250.6232 251.56
