Model and model input files/precip_1983.asc
ncols         625
nrows         453
xllcorner     138621.56993419
yllcorner     4094031.9406744
cellsize      1000
NODATA_value  -9999
[rows 68 to 101 of 453, columns 154 to 230 of 625]
785.4289 751.6 751.6 751.6 688.4317 689.03 689.03 691.0978 650.87 650.87 650.87 644.9297 644.23 644.23 643.868 650.91 650.91 650.91 641.1049 639.95 639.95 640.1559 636.15 636.15 636.15 638.7444 639.05 639.05 639.05 646.9952 646.92 664.231 675.9677 677.11 677.11 677.11 715.645 715.28 715.28 751.2887 755.53 755.53 755.53 806.0384 805.56 805.56 797.3517 957.04 957.04 957.04 843.1613 844.24 844.24 839.7652 926.82 926.82 926.82 1789.421 1781.25 1781.25 1753.002 2302.55 2302.55 2302.55 2233.002 2224.81 2224.81 2224.81 1582.44 -9999 -9999 -9999 -9999 -9999 -9999 -9999 -9999
785.4289 751.6 751.6 751.6 688.4317 689.03 689.03 691.0978 650.87 650.87 650.87 644.9297 644.23 644.23 643.868 650.91 650.91 650.91 641.1049 639.95 639.95 640.1559 636.15 636.15 636.15 639.0777 639.05 639.05 639.05 646.9952 646.92 646.92 640.4698 639.71 639.71 639.71 695.2965 694.77 694.77 739.1971 744.43 744.43 744.43 813.373 812.72 812.72 810.3748 856 856 856 717.5183 718.83 718.83 713.4058 818.93 818.93 818.93 1398.146 1392.66 1392.66 1366.688 1871.96 1871.96 1871.96 2081.242 2079.26 2079.26 2079.26 1967.59 -9999 -9999 -9999 -9999 -9999 -9999 -9999 -9999
785.4289 751.6 751.6 751.6 688.4317 689.03 689.03 654.8911 650.87 650.87 650.87 644.9297 644.23 644.23 643.868 650.91 650.91 650.91 641.1049 639.95 639.95 640.1559 636.15 636.15 636.15 639.0777 639.05 639.05 639.05 646.9952 646.92 646.92 640.4698 639.71 639.71 639.71 695.2965 694.77 694.77 739.1971 744.43 744.43 744.43 813.373 812.72 812.72 851.4394 856 856 856 717.5183 718.83 718.83 713.4058 818.93 818.93 818.93 1398.146 1392.66 1392.66 1366.688 1871.96 1871.96 1871.96 2081.242 2079.26 2079.26 2079.26 1967.59 -9999 -9999 -9999 -9999 -9999 -9999 -9999 -9999
785.4289 751.6 751.6 751.6 688.4317 689.03 689.03 654.8911 650.87 650.87 650.87 644.9297 644.23 644.23 643.868 650.91 650.91 650.91 641.1049 639.95 639.95 640.1559 636.15 636.15 636.15 639.0777 639.05 639.05 638.6235 646.92 646.92 646.92 640.4698 639.71 639.71 639.71 695.2965 694.77 694.77 739.1971 744.43 744.43 744.43 813.373 812.72 812.72 851.4394 856 856 856 717.5183 718.83 718.83 713.4058 818.93 818.93 818.93 1398.146 1392.66 1392.66 1366.688 1871.96 1871.96 1871.96 2081.242 2079.26 2079.26 2079.26 1967.59 -9999 -9999 -9999 -9999 -9999 -9999 -9999 -9999
785.4289 751.6 751.6 751.6 688.4317 689.03 689.03 654.8911 650.87 650.87 650.87 644.1665 644.23 644.23 643.868 650.91 650.91 650.91 641.1049 639.95 639.95 640.1559 636.15 636.15 636.15 639.0777 639.05 639.05 638.6235 646.92 646.92 646.92 640.4698 639.71 639.71 639.71 695.2965 694.77 694.77 739.1971 744.43 744.43 744.43 813.373 812.72 812.72 851.4394 856 856 856 717.5183 718.83 718.83 713.4058 818.93 818.93 818.93 1398.146 1392.66 1392.66 1366.688 1871.96 1871.96 1871.96 2081.242 2079.26 2079.26 2085.311 1967.59 -9999 -9999 -9999 -9999 -9999 -9999 -9999 -9999
725.9833 770.08 770.08 770.08 755.7442 755.88 755.88 709.8694 704.45 704.45 704.45 680.3315 680.56 680.56 679.9168 692.43 692.43 692.43 717.4974 720.45 720.45 722.7227 678.51 678.51 678.51 627.1334 627.62 627.62 628.3098 614.89 614.89 614.89 615.2031 615.24 615.24 615.24 652.0657 694.77 694.77 739.1971 744.43 744.43 744.43 813.373 812.72 812.72 851.4394 856 856 856 718.83 718.83 718.83 713.4058 818.93 818.93 818.93 1398.146 1392.66 1392.66 1366.688 1871.96 1871.96 1871.96 2081.242 2079.26 2079.26 2085.311 1967.59 -9999 -9999 -9999 -9999 -9999 -9999 -9999 -9999
725.9833 770.08 770.08 770.08 755.7442 755.88 755.88 709.8694 704.45 704.45 704.45 680.3315 680.56 680.56 679.9168 692.43 692.43 692.43 717.4974 720.45 720.45 722.7227 678.51 678.51 678.51 627.1334 627.62 627.62 628.3098 614.89 614.89 614.89 615.2433 615.24 615.24 615.24 654.2798 653.91 653.91 696.5568 701.58 701.58 701.58 744.6075 744.2 744.2 698.2521 692.84 692.84 692.84 661.02 661.02 661.02 646.8142 923.18 923.18 923.18 1565.181 1559.1 1559.1 1543.977 1838.18 1838.18 1838.18 1882.288 1881.87 1881.87 1901.484 1519.91 -9999 -9999 -9999 -9999 -9999 -9999 -9999 -9999
725.9833 770.08 770.08 770.08 755.7442 755.88 755.88 709.8694 704.45 704.45 704.45 680.3315 680.56 680.56 691.1792 692.43 692.43 692.43 717.4974 720.45 720.45 722.7227 678.51 678.51 678.51 627.1334 627.62 627.62 628.3098 614.89 614.89 614.89 615.2433 615.24 615.24 615.24 654.2798 653.91 653.91 696.5568 701.58 701.58 701.58 744.6075 744.2 744.2 698.2521 692.84 692.84 692.84 661.02 661.02 661.02 646.8142 923.18 923.18 923.18 1565.181 1559.1 1559.1 1543.977 1838.18 1838.18 1838.18 1882.288 1881.87 1881.87 1901.484 1519.91 -9999 -9999 -9999 -9999 -9999 -9999 -9999 -9999
725.9833 770.08 770.08 770.08 755.7442 755.88 755.88 709.8694 704.45 704.45 704.45 680.3315 680.56 680.56 691.1792 692.43 692.43 692.43 717.4974 720.45 720.45 722.7227 678.51 678.51 678.51 627.1334 627.62 627.62 628.3098 614.89 614.89 614.89 615.2433 615.24 615.24 613.1445 653.91 653.91 653.91 696.5568 701.58 701.58 701.58 744.6075 744.2 744.2 698.2521 692.84 692.84 692.84 661.02 661.02 661.02 895.5549 923.18 923.18 923.18 1565.181 1559.1 1559.1 1543.977 1838.18 1838.18 1838.18 1882.288 1881.87 1881.87 1901.484 1519.91 -9999 -9999 -9999 -9999 -9999 -9999 -9999 -9999
690.5515 688.13 688.13 688.13 712.4302 712.2 712.2 707.4316 706.87 706.87 706.87 722.6293 722.48 722.48 747.1895 691.8785 692.43 692.43 720.718 720.45 720.45 722.7227 678.51 678.51 678.51 627.1334 627.62 627.62 628.3098 614.89 614.89 614.89 615.2433 615.24 615.24 613.1445 653.91 653.91 653.91 696.5568 701.58 701.58 701.58 744.6075 744.2 744.2 698.2521 692.84 692.84 692.84 661.02 661.02 661.02 895.5549 923.18 923.18 923.18 1565.181 1559.1 1559.1 1543.977 1838.18 1838.18 1838.18 1882.288 1881.87 1881.87 1901.484 1519.91 -9999 -9999 -9999 -9999 -9999 -9999 -9999 -9999
690.5515 688.13 688.13 688.13 712.4302 712.2 712.2 707.4316 706.87 706.87 706.87 722.6293 722.48 722.48 747.1895 750.1 750.1 750.1 725.5374 725.77 725.77 729.2505 661.54 661.54 661.54 628.6182 628.93 628.93 630.3665 602.42 602.42 602.42 588.589 588.72 588.72 586.4089 631.37 631.37 631.37 697.7333 705.55 705.55 705.55 841.1141 839.83 839.83 730.3816 717.49 717.49 717.49 659.35 659.35 659.35 919.0239 949.61 949.61 951.0422 1565.181 1559.1 1559.1 1543.977 1838.18 1838.18 1838.18 1882.288 1881.87 1881.87 1901.484 1519.91 -9999 -9999 -9999 -9999 -9999 -9999 -9999 -9999
690.5515 688.13 688.13 686.8257 712.2 712.2 712.2 707.4316 706.87 706.87 706.87 722.6293 722.48 722.48 747.1895 750.1 750.1 750.1 725.5374 725.77 725.77 668.3082 661.54 661.54 661.54 628.6182 628.93 628.93 630.3665 602.42 602.42 602.42 588.589 588.72 588.72 586.4089 631.37 631.37 631.37 706.2593 705.55 705.55 705.55 841.1141 839.83 839.83 730.3816 717.49 717.49 717.49 659.35 659.35 659.35 919.0239 949.61 949.61 912.7083 1630.61 1630.61 1630.61 1617.281 1876.59 1876.59 1876.59 1682.966 1684.8 1684.8 1709.873 1222.09 -9999 -9999 -9999 -9999 -9999 -9999 -9999 -9999
690.5515 688.13 688.13 686.8257 712.2 712.2 712.2 707.4316 706.87 706.87 706.87 722.6293 722.48 722.48 747.1895 750.1 750.1 750.1 725.5374 725.77 725.77 668.3082 661.54 661.54 661.54 628.6182 628.93 628.93 630.3665 602.42 602.42 602.42 588.589 588.72 588.72 586.4089 631.37 631.37 631.37 706.2593 705.55 705.55 705.55 841.1141 839.83 839.83 730.3816 717.49 717.49 717.49 659.35 659.35 659.35 919.0239 949.61 949.61 912.7083 1630.61 1630.61 1630.61 1617.281 1876.59 1876.59 1876.59 1682.966 1684.8 1684.8 1709.873 1222.09 -9999 -9999 -9999 -9999 -9999 -9999 -9999 -9999
690.5515 688.13 688.13 686.8257 712.2 712.2 712.2 707.4316 706.87 706.87 706.87 722.6293 722.48 722.48 747.1895 750.1 750.1 750.1 725.5374 725.77 725.77 668.3082 661.54 661.54 661.54 628.6182 628.93 628.93 630.3665 602.42 602.42 602.42 588.589 588.72 588.72 586.4089 631.37 631.37 631.37 706.2593 705.55 705.55 705.55 841.1141 839.83 839.83 730.3816 717.49 717.49 717.49 659.35 659.35 659.35 919.0239 949.61 949.61 912.7083 1630.61 1630.61 1630.61 1617.281 1876.59 1876.59 1876.59 1682.966 1684.8 1684.8 1709.873 1222.09 -9999 -9999 -9999 -9999 -9999 -9999 -9999 -9999
693.5168 685.15 685.15 684.1021 704.49 704.49 704.49 710.9512 710.89 710.89 710.89 708.992 709.01 709.01 751.3257 756.31 756.31 756.31 732.0906 732.32 732.32 694.6026 690.16 690.16 690.16 694.17 694.17 694.17 696.1365 657.88 657.88 657.88 663.1807 588.72 588.72 586.4089 631.37 631.37 631.37 706.2593 705.55 705.55 698.2737 839.83 839.83 839.83 730.3816 717.49 717.49 717.49 659.35 659.35 659.35 919.0239 949.61 949.61 912.7083 1630.61 1630.61 1630.61 1850.67 1876.59 1876.59 1876.59 1682.966 1684.8 1684.8 1709.873 1222.09 -9999 -9999 -9999 -9999 -9999 -9999 -9999 -9999
693.5168 685.15 685.15 684.1021 704.49 704.49 704.49 710.9512 710.89 710.89 710.89 708.992 709.01 709.01 751.3257 756.31 756.31 756.31 732.0906 732.32 732.32 694.6026 690.16 690.16 690.16 694.17 694.17 694.17 696.1365 657.88 657.88 657.88 659.354 659.34 659.34 657.2413 698.07 698.07 698.07 721.502 721.28 721.28 704.2375 1035.79 1035.79 1035.79 795.78 767.51 767.51 767.51 735.51 735.51 735.51 969.7586 997.35 997.35 962.9599 1632 1632 1632 1795.108 1814.32 1814.32 1814.32 1466.536 1469.83 1469.83 1493.672 1029.83 -9999 -9999 -9999 -9999 -9999 -9999 -9999 -9999
693.5168 685.15 685.15 684.1021 704.49 704.49 704.49 710.9512 710.89 710.89 710.9919 709.01 709.01 709.01 751.3257 756.31 756.31 756.31 732.0906 732.32 732.32 694.6026 690.16 690.16 690.16 694.17 694.17 694.17 696.1365 657.88 657.88 657.88 659.354 659.34 659.34 657.2413 698.07 698.07 698.07 721.502 721.28 721.28 704.2375 1035.79 1035.79 1035.79 795.78 767.51 767.51 767.51 735.51 735.51 735.51 969.7586 997.35 997.35 962.9599 1632 1632 1632 1795.108 1814.32 1814.32 1814.32 1466.536 1469.83 1469.83 1493.672 1029.83 -9999 -9999 -9999 -9999 -9999 -9999 -9999 -9999
693.5168 685.15 685.15 684.1021 704.49 704.49 704.49 710.9512 710.89 710.89 710.9919 709.01 709.01 709.01 751.3257 756.31 756.31 756.31 732.0906 732.32 732.32 694.6026 690.16 690.16 690.16 694.17 694.17 694.17 661.704 657.88 657.88 657.88 659.354 659.34 659.34 657.2413 698.07 698.07 698.07 721.502 721.28 721.28 704.2375 1035.79 1035.79 1035.79 764.9446 767.51 767.51 767.51 735.51 735.51 735.51 969.7586 997.35 997.35 962.9599 1632 1632 1632 1795.108 1814.32 1814.32 1832.987 1469.83 1469.83 1469.83 1493.672 1029.83 -9999 -9999 -9999 -9999 -9999 -9999 -9999 -9999
693.434 685.15 685.15 684.1021 704.49 704.49 704.49 710.9512 710.89 710.89 710.9919 709.01 709.01 709.01 751.3257 756.31 756.31 756.31 732.0906 732.32 732.32 694.6026 690.16 690.16 690.16 694.17 694.17 694.17 661.704 657.88 657.88 657.88 659.354 659.34 659.34 657.2413 698.07 698.07 698.07 721.502 721.28 721.28 704.2375 1035.79 1035.79 1035.79 764.9446 767.51 767.51 767.51 735.51 735.51 735.51 969.7586 997.35 997.35 962.9599 1632 1632 1632 1795.108 1814.32 1814.32 1832.987 1469.83 1469.83 1469.83 1493.672 1029.83 -9999 -9999 -9999 -9999 -9999 -9999 -9999 -9999
763.1276 761.94 761.94 754.3575 901.87 901.87 901.87 919.1638 919 919 926.2232 785.7 785.7 785.7 993.0641 991.1 991.1 991.1 1101.435 1100.39 1100.39 962.2509 945.98 945.98 945.98 805.23 805.23 805.23 765.9649 761.34 761.34 759.0203 804.15 804.15 804.15 807.2631 746.7 746.7 746.7 646.5413 647.49 647.49 647.2494 651.93 651.93 651.93 785.9393 784.67 784.67 784.67 757.97 757.97 759.187 969.7586 997.35 997.35 962.9599 1632 1632 1632 1795.108 1814.32 1814.32 1832.987 1469.83 1469.83 1469.83 1493.672 1029.83 -9999 -9999 -9999 -9999 -9999 -9999 -9999 -9999
761.8322 761.94 761.94 754.3575 901.87 901.87 901.87 919.1638 919 919 926.2232 785.7 785.7 785.7 993.0641 991.1 991.1 991.1 1101.435 1100.39 1100.39 962.2509 945.98 945.98 945.98 805.23 805.23 805.23 765.9649 761.34 761.34 759.0203 804.15 804.15 804.15 807.2631 746.7 746.7 746.7 646.5413 647.49 647.49 647.2494 651.93 651.93 651.93 785.9393 784.67 784.67 786.1168 757.97 757.97 757.97 959.7258 983.49 983.49 954.7923 1513.09 1513.09 1513.09 1577.932 1585.57 1585.57 1597.276 1369.54 1369.54 1369.54 1386.943 1048.37 -9999 -9999 -9999 -9999 -9999 -9999 -9999 -9999
761.8322 761.94 761.94 754.3575 901.87 901.87 901.87 919.1638 919 919 926.2232 785.7 785.7 785.7 993.0641 991.1 991.1 985.1778 1100.39 1100.39 1100.39 962.2509 945.98 945.98 945.98 805.23 805.23 805.23 765.9649 761.34 761.34 759.0203 804.15 804.15 804.15 807.2631 746.7 746.7 746.7 646.5413 647.49 647.49 647.2494 651.93 651.93 651.93 785.9393 784.67 784.67 786.1168 757.97 757.97 757.97 959.7258 983.49 983.49 954.7923 1513.09 1513.09 1513.09 1577.932 1585.57 1585.57 1597.276 1369.54 1369.54 1369.54 1082.213 1048.37 -9999 -9999 -9999 -9999 -9999 -9999 -9999 -9999
761.8322 761.94 761.94 754.3575 901.87 901.87 901.87 919.1638 919 919 926.2232 785.7 785.7 785.7 993.0641 991.1 991.1 985.1778 1100.39 1100.39 1100.39 962.2509 945.98 945.98 945.98 805.23 805.23 805.23 765.9649 761.34 761.34 759.0203 804.15 804.15 804.15 752.7538 746.7 746.7 746.7 646.5413 647.49 647.49 647.2494 651.93 651.93 651.93 785.9393 784.67 784.67 786.1168 757.97 757.97 757.97 959.7258 983.49 983.49 954.7923 1513.09 1513.09 1513.09 1577.932 1585.57 1585.57 1597.276 1369.54 1369.54 1369.54 1082.213 1048.37 -9999 -9999 -9999 -9999 -9999 -9999 -9999 -9999
892.7341 892.28 892.28 988.6132 999.96 999.96 999.96 1095.212 1094.31 1094.31 1102.411 944.81 944.81 944.81 820.8256 822 973.2811 985.1778 1100.39 1100.39 1100.39 962.2509 945.98 945.98 945.98 805.23 805.23 805.23 765.9649 761.34 761.34 759.0203 804.15 804.15 804.15 752.7538 746.7 746.7 746.7 646.5413 647.49 647.49 647.2494 651.93 651.93 651.93 785.9393 784.67 784.67 786.1168 757.97 757.97 757.97 985.6465 983.49 983.49 954.7923 1513.09 1513.09 1513.09 1577.932 1585.57 1585.57 1597.276 1369.54 1369.54 1369.54 1082.213 1048.37 -9999 -9999 -9999 -9999 -9999 -9999 -9999 -9999
892.7341 892.28 892.28 988.6132 999.96 999.96 999.96 1095.212 1094.31 1094.31 1102.411 944.81 944.81 944.81 820.8256 822 822 812.6879 993.85 993.85 993.85 1185.031 1183.22 1183.22 1183.22 1006.37 1006.37 1006.37 876.4347 861.13 861.13 866.7883 756.71 756.71 756.71 679.7812 670.72 670.72 670.72 565.5538 566.55 566.55 563.3865 624.93 624.93 624.93 1127.096 1122.34 1122.34 1118.47 1193.76 1193.76 1193.76 845.9556 849.25 849.25 831.7025 1173.08 1477.261 1513.09 1577.932 1585.57 1585.57 1597.276 1369.54 1369.54 1369.54 1082.213 1048.37 -9999 -9999 -9999 -9999 -9999 -9999 -9999 -9999
892.7341 892.28 892.28 988.6132 999.96 999.96 999.96 1094.31 1094.31 1094.31 1102.411 944.81 944.81 944.81 820.8256 822 822 812.6879 993.85 993.85 993.85 1185.031 1183.22 1183.22 1183.22 1006.37 1006.37 1006.37 876.4347 861.13 861.13 866.7883 756.71 756.71 756.71 679.7812 670.72 670.72 676.3647 566.55 566.55 566.55 563.3865 624.93 624.93 624.93 1127.096 1122.34 1122.34 1118.47 1193.76 1193.76 1193.76 845.9556 849.25 849.25 831.7025 1173.08 1173.08 1173.08 1514.165 1554.34 1554.34 1557.873 1489.14 1489.14 1489.14 1256.913 1229.56 -9999 -9999 -9999 -9999 -9999 -9999 -9999 -9999
892.7341 892.28 892.28 988.6132 999.96 999.96 999.96 1094.31 1094.31 1094.31 1102.411 944.81 944.81 944.81 820.8256 822 822 812.6879 993.85 993.85 993.85 1185.031 1183.22 1183.22 1183.22 1006.37 1006.37 1006.37 876.4347 861.13 861.13 866.7883 756.71 756.71 756.71 679.7812 670.72 670.72 676.3647 566.55 566.55 566.55 563.3865 624.93 624.93 624.93 1127.096 1122.34 1122.34 1118.47 1193.76 1193.76 1193.76 845.9556 849.25 849.25 831.7025 1173.08 1173.08 1173.08 1514.165 1554.34 1554.34 1557.873 1489.14 1489.14 1489.14 1256.913 1229.56 -9999 -9999 -9999 -9999 -9999 -9999 -9999 -9999
892.7341 892.28 892.28 988.6132 999.96 999.96 999.96 1094.31 1094.31 1094.31 1102.411 944.81 944.81 944.81 820.8256 822 822 812.6879 993.85 993.85 993.85 1185.031 1183.22 1183.22 1192.803 1006.37 1006.37 1006.37 876.4347 861.13 861.13 866.7883 756.71 756.71 756.71 679.7812 670.72 670.72 676.3647 566.55 566.55 566.55 563.3865 624.93 624.93 624.93 1127.096 1122.34 1122.34 1118.47 1193.76 1193.76 1193.76 845.9556 849.25 849.25 1138.956 1173.08 1173.08 1173.08 1514.165 1554.34 1554.34 1557.873 1489.14 1489.14 1489.14 1256.913 1229.56 -9999 -9999 -9999 -9999 -9999 -9999 -9999 -9999
1000.392 1001.14 1001.14 1182.078 1203.39 1203.39 1203.39 1385.69 1385.69 1385.69 1249.689 1233.67 1233.67 1233.67 988.5684 990.89 990.89 993.7842 937.48 937.48 937.48 1124.663 1122.89 1122.89 1117.373 1224.71 1224.71 1224.71 1144.229 1134.75 1134.75 1150.598 842.28 842.28 765.727 679.7812 670.72 670.72 676.3647 566.55 566.55 566.55 563.3865 624.93 624.93 624.93 1127.096 1122.34 1122.34 1118.47 1193.76 1193.76 1193.76 845.9556 849.25 849.25 1138.956 1173.08 1173.08 1173.08 1514.165 1554.34 1554.34 1557.873 1489.14 1489.14 1489.14 1256.913 1229.56 -9999 -9999 -9999 -9999 -9999 -9999 -9999 -9999
1000.392 1001.14 1001.14 1182.078 1203.39 1203.39 1203.39 1385.69 1385.69 1385.69 1249.689 1233.67 1233.67 1233.67 988.5684 990.89 990.89 993.7842 937.48 937.48 937.48 1124.663 1122.89 1122.89 1117.373 1224.71 1224.71 1224.71 1144.229 1134.75 1134.75 1150.598 842.28 842.28 842.28 675.1819 655.5 655.5 661.4427 545.83 545.83 545.83 535.6671 534.47 534.47 534.47 818.9547 816.26 816.26 785.5216 1383.52 1383.52 1383.52 1316.283 1316.92 1316.92 938.5026 893.93 893.93 893.93 1279.621 1325.05 1325.05 1311.115 1582.21 1582.21 1582.21 1455.048 1440.07 -9999 -9999 -9999 -9999 -9999 -9999 -9999 -9999
1000.392 1001.14 1001.14 1182.078 1203.39 1203.39 1203.39 1385.69 1385.69 1385.69 1249.689 1233.67 1233.67 1233.67 988.5684 990.89 990.89 993.7842 937.48 937.48 937.48 1124.663 1122.89 1122.89 1117.373 1224.71 1224.71 1224.71 1133.89 1134.75 1134.75 1150.598 842.28 842.28 842.28 675.1819 655.5 655.5 661.4427 545.83 545.83 545.83 535.6671 534.47 534.47 534.47 818.9547 816.26 816.26 785.5216 1383.52 1383.52 1383.52 1316.283 1316.92 1316.92 938.5026 893.93 893.93 893.93 1329.173 1325.05 1325.05 1311.115 1582.21 1582.21 1582.21 1455.048 1440.07 -9999 -9999 -9999 -9999 -9999 -9999 -9999 -9999
1000.392 1001.14 1001.14 1182.078 1203.39 1203.39 1203.39 1385.69 1385.69 1385.69 1249.689 1233.67 1233.67 1246.826 990.89 990.89 990.89 993.7842 937.48 937.48 937.48 1124.663 1122.89 1122.89 1117.373 1224.71 1224.71 1224.71 1133.89 1134.75 1134.75 1150.598 842.28 842.28 842.28 675.1819 655.5 655.5 661.4427 545.83 545.83 545.83 535.6671 534.47 534.47 534.47 818.9547 816.26 816.26 785.5216 1383.52 1383.52 1383.52 1316.283 1316.92 1316.92 938.5026 893.93 893.93 893.93 1329.173 1325.05 1325.05 1311.115 1582.21 1582.21 1582.21 1455.048 1440.07 -9999 -9999 -9999 -9999 -9999 -9999 -9999 -9999
1252.68 1252.68 1252.68 1510.001 1540.31 1540.31 1540.31 1544.68 1544.68 1544.68 1487.156 1480.38 1480.38 1246.826 990.89 990.89 990.89 993.7842 937.48 937.48 937.48 1124.663 1122.89 1122.89 1117.373 1224.71 1224.71 1224.71 1133.89 1134.75 1134.75 1150.598 842.28 842.28 842.28 675.1819 655.5 655.5 661.4427 545.83 545.83 545.83 535.6671 534.47 534.47 519.2005 816.26 816.26 816.26 785.5216 1383.52 1383.52 1383.52 1316.283 1316.92 1316.92 938.5026 893.93 893.93 893.93 1329.173 1325.05 1325.05 1311.115 1582.21 1582.21 1582.21 1455.048 1440.07 -9999 -9999 -9999 -9999 -9999 -9999 -9999 -9999
1252.68 1252.68 1252.68 1510.001 1540.31 1540.31 1540.31 1544.68 1544.68 1544.68 1487.156 1480.38 1480.38 1490.146 1300.16 1300.16 1300.16 1300.346 1296.72 1296.72 1296.72 1597.216 1594.37 1594.37 1593.632 1607.99 1607.99 1607.99 1509.336 1510.27 1510.27 1138.383 1094.58 1094.58 1094.58 821.1468 788.94 788.94 796.5349 648.78 648.78 648.78 593.2507 586.71 586.71 582.2281 669.42 669.42 669.42 642.3013 1169.88 1169.88 1169.88 1372.782 1322.604 1316.92 938.5026 893.93 893.93 893.93 1329.173 1325.05 1325.05 1311.115 1582.21 1582.21 1582.21 1455.048 1440.07 -9999 -9999 -9999 -9999 -9999 -9999 -9999 -9999
