Model and model input files/precip_1991.asc
ncols         625
nrows         453
xllcorner     138621.56993419
yllcorner     4094031.9406744
cellsize      1000
NODATA_value  -9999
[rows 0 to 33 of 453, columns 0 to 76 of 625]
-9999 -9999 -9999 -9999 -9999 -9999 -9999 -9999 -9999 -9999 -9999 -9999 -9999 -9999 -9999 -9999 -9999 406.16 406.16 406.3518 428.45 428.45 428.45 445.8138 448.16 448.16 448.16 429.04 429.04 429.04 377.125 370.11 370.11 370.11 350.91 350.91 350.91 331.7227 329.13 329.13 329.13 310.16 310.16 310.16 297.67 297.67 297.67 297.67 296.64 296.64 296.64 292.23 292.23 292.23 292.23 289 289 289 283.0535 282.25 282.25 282.25 286.15 286.15 286.15 273.9046 272.25 272.25 272.25 262.51 262.51 262.51 270.0862 271.11 271.11 257.1973 259.2293
-9999 -9999 -9999 -9999 -9999 -9999 -9999 -9999 -9999 -9999 -9999 -9999 -9999 -9999 -9999 -9999 -9999 406.16 406.16 426.1012 428.45 428.45 428.45 448.3485 448.16 448.16 449.1961 429.04 429.04 429.04 376.3197 370.11 370.11 371.1504 350.91 350.91 350.91 331.4251 329.13 329.13 330.1579 310.16 310.16 310.16 297.5506 297.67 297.67 297.7258 296.64 296.64 296.64 292.1878 292.23 292.23 292.405 289 289 289 282.1855 282.25 282.25 282.25 286.15 286.15 286.15 273.7147 272.25 272.25 272.7778 262.51 262.51 262.51 270.2038 271.11 271.11 270.9886 273.35
-9999 -9999 -9999 -9999 -9999 -9999 -9999 -9999 -9999 -9999 -9999 -9999 -9999 -9999 -9999 -9999 -9999 383.11 406.3804 426.1012 428.45 428.45 428.45 448.3485 448.16 448.16 431.0548 429.04 429.04 429.04 376.3197 370.11 370.11 371.1504 350.91 350.91 350.91 331.4251 329.13 329.13 330.1579 310.16 310.16 310.16 297.5506 297.67 297.67 297.7258 296.64 296.64 296.64 292.1878 292.23 292.23 292.405 289 289 289 282.1855 282.25 282.25 282.0387 286.15 286.15 286.15 273.7147 272.25 272.25 272.7778 262.51 262.51 262.51 270.2038 271.11 271.11 270.9886 273.35
-9999 -9999 -9999 -9999 -9999 -9999 -9999 -9999 -9999 -9999 -9999 -9999 -9999 -9999 -9999 -9999 -9999 383.11 383.11 447.2725 454.83 454.83 454.83 429.0659 429.31 429.31 428.4601 428.36 428.36 428.36 430.9344 430.91 430.91 456.1653 459.14 459.14 459.14 363.6119 353.6188 329.13 330.1579 310.16 310.16 310.16 297.5506 297.67 297.67 297.7258 296.64 296.64 296.64 292.1878 292.23 292.23 292.405 289 289 289 282.1855 282.25 282.25 282.0387 286.15 286.15 286.15 272.1171 272.25 272.25 272.7778 262.51 262.51 262.51 270.2038 271.11 271.11 270.9886 273.35
-9999 -9999 -9999 -9999 -9999 -9999 -9999 -9999 -9999 -9999 -9999 -9999 -9999 -9999 -9999 -9999 -9999 383.11 383.11 447.2725 454.83 454.83 454.83 429.0659 429.31 429.31 428.4601 428.36 428.36 428.36 430.9344 430.91 430.91 456.1653 459.14 459.14 459.14 351.3389 352.36 352.36 354.7458 308.33 308.33 308.33 300.7381 300.81 300.81 301.0398 296.57 296.57 296.57 287.8373 287.92 287.92 287.9449 287.46 287.46 287.46 275.2544 275.37 275.37 281.3137 286.15 286.15 286.15 272.1171 272.25 272.25 263.5363 262.51 262.51 262.51 270.2038 271.11 271.11 270.9886 273.35
-9999 -9999 -9999 -9999 -9999 -9999 -9999 -9999 -9999 -9999 -9999 -9999 -9999 -9999 -9999 -9999 -9999 383.11 383.11 447.2725 454.83 454.83 454.83 429.0659 429.31 429.31 428.4601 428.36 428.36 428.36 430.9344 430.91 430.91 456.1653 459.14 459.14 459.14 351.3389 352.36 352.36 312.9696 308.33 308.33 308.33 300.7381 300.81 300.81 301.0398 296.57 296.57 296.57 287.8373 287.92 287.92 287.9449 287.46 287.46 287.46 275.2544 275.37 275.37 275.4003 274.81 274.81 274.81 274.9816 274.98 274.98 277.5565 277.86 277.86 277.86 291.8223 291.69 291.69 291.6033 293.29
-9999 -9999 -9999 -9999 -9999 -9999 -9999 -9999 -9999 -9999 -9999 -9999 -9999 -9999 -9999 -9999 -9999 383.11 383.11 447.2725 454.83 454.83 454.83 429.0659 429.31 429.31 428.4601 428.36 428.36 428.36 430.9344 430.91 430.91 456.1653 459.14 459.14 459.14 351.3389 352.36 352.36 312.9696 308.33 308.33 308.33 300.81 300.81 300.81 301.0398 296.57 296.57 296.57 287.8373 287.92 287.92 287.9449 287.46 287.46 287.46 275.2544 275.37 275.37 275.4003 274.81 274.81 274.81 274.9816 274.98 274.98 277.5565 277.86 277.86 277.86 291.8223 291.69 291.69 293.1214 293.29
-9999 -9999 -9999 -9999 -9999 -9999 -9999 -9999 -9999 -9999 -9999 -9999 -9999 -9999 -9999 -9999 -9999 299.81 299.81 348.6324 348.17 348.17 348.17 390.3394 389.94 389.94 409.1028 428.5226 428.36 428.36 430.9344 430.91 430.91 456.1653 459.14 459.14 459.14 351.3389 352.36 352.36 312.9696 308.33 308.33 308.33 300.81 300.81 300.81 297.0168 296.57 296.57 297.0387 287.92 287.92 287.92 287.9449 287.46 287.46 287.46 275.2544 275.37 275.37 275.4003 274.81 274.81 274.81 274.9816 274.98 274.98 277.5565 277.86 277.86 277.86 291.8223 291.69 291.69 293.1214 293.29
-9999 -9999 -9999 -9999 -9999 -9999 -9999 -9999 -9999 -9999 -9999 -9999 -9999 -9999 -9999 -9999 -9999 299.81 299.81 348.6324 348.17 348.17 345.9066 389.94 389.94 389.94 409.1028 411.36 411.36 411.36 434.267 434.05 434.05 408.6158 405.62 405.62 405.62 352.9814 353.48 353.48 322.9107 319.31 319.31 319.31 297.77 297.77 297.77 289.7005 288.3263 296.57 297.0387 287.92 287.92 287.92 287.5085 287.46 287.46 287.46 275.2544 275.37 275.37 275.4003 274.81 274.81 274.81 274.9816 274.98 274.98 277.5565 277.86 277.86 277.86 291.8223 291.69 291.69 293.1214 293.29
-9999 -9999 -9999 -9999 -9999 -9999 -9999 -9999 -9999 -9999 -9999 -9999 -9999 -9999 -9999 -9999 -9999 299.81 299.81 348.6324 348.17 348.17 345.9066 389.94 389.94 389.94 411.5648 411.36 411.36 411.36 434.267 434.05 434.05 408.6158 405.62 405.62 405.62 352.9814 353.48 353.48 322.9107 319.31 319.31 319.31 297.77 297.77 297.77 289.7005 288.75 288.75 288.9993 284.15 284.15 284.15 284.9731 285.07 285.07 284.7942 290.16 290.16 290.16 290.3009 287.56 287.56 287.56 281.6137 281.67 281.67 290.8578 291.94 291.94 291.94 291.6876 291.69 291.69 293.1214 293.29
-9999 -9999 -9999 -9999 -9999 -9999 -9999 -9999 -9999 -9999 -9999 -9999 -9999 -9999 -9999 -9999 -9999 299.81 299.81 348.6324 348.17 348.17 345.9066 389.94 389.94 389.94 411.5648 411.36 411.36 410.1305 434.05 434.05 434.05 408.6158 405.62 405.62 405.62 352.9814 353.48 353.48 322.9107 319.31 319.31 319.31 297.77 297.77 297.77 289.7005 288.75 288.75 288.9993 284.15 284.15 284.15 284.9731 285.07 285.07 284.7942 290.16 290.16 290.16 287.834 287.56 287.56 287.56 281.6137 281.67 281.67 290.8578 291.94 291.94 291.94 319.1174 318.86 318.86 318.9226 318.93
-9999 -9999 -9999 -9999 -9999 -9999 -9999 -9999 -9999 -9999 -9999 -9999 -9999 -9999 -9999 -9999 -9999 299.81 299.81 348.6324 348.17 348.17 345.9066 389.94 389.94 389.94 411.5648 411.36 411.36 410.1305 434.05 434.05 434.05 405.3481 405.62 405.62 408.4453 353.48 353.48 353.48 322.9107 319.31 319.31 319.31 297.77 297.77 297.77 289.7005 288.75 288.75 288.9993 284.15 284.15 284.15 284.9731 285.07 285.07 284.7942 290.16 290.16 290.16 287.834 287.56 287.56 287.8792 281.67 281.67 281.67 290.8578 291.94 291.94 291.94 319.1174 318.86 318.86 318.9226 318.93
-9999 -9999 -9999 -9999 -9999 -9999 -9999 -9999 -9999 -9999 -9999 -9999 -9999 -9999 -9999 -9999 -9999 225.66 225.66 238.6228 238.5 238.5 237.3566 259.6 259.6 259.6 293.6223 293.3 293.3 285.6731 434.05 434.05 434.05 405.3481 405.62 405.62 408.4453 353.48 353.48 353.48 318.9832 319.31 319.31 319.31 297.77 297.77 297.77 289.7005 288.75 288.75 288.9993 284.15 284.15 284.15 284.9731 285.07 285.07 284.7942 290.16 290.16 290.16 287.834 287.56 287.56 287.8792 281.67 281.67 281.67 292.0382 291.94 291.94 291.94 319.1174 318.86 318.86 318.9226 318.93
-9999 -9999 -9999 -9999 -9999 -9999 -9999 -9999 -9999 -9999 -9999 -9999 -9999 -9999 -9999 -9999 -9999 225.66 225.66 238.6228 238.5 238.5 237.3566 259.6 259.6 259.6 293.6223 293.3 293.3 289.9696 354.76 354.76 354.76 401.9873 401.54 401.54 400.9857 411.77 411.77 411.77 398.6861 398.81 398.81 403.1353 318.99 318.99 318.99 288.8143 285.26 285.26 285.2513 285.42 285.42 285.42 289.0611 289.49 289.49 289.3274 292.49 290.1377 290.16 287.834 287.56 287.56 287.8792 281.67 281.67 281.67 292.0382 291.94 291.94 290.4813 318.86 318.86 318.86 318.9226 318.93
-9999 -9999 -9999 -9999 -9999 -9999 -9999 -9999 -9999 -9999 -9999 -9999 -9999 -9999 -9999 -9999 -9999 225.66 225.66 238.5 238.5 238.5 237.3566 259.6 259.6 259.6 293.6223 293.3 293.3 289.9696 354.76 354.76 354.76 401.9873 401.54 401.54 400.9857 411.77 411.77 411.77 398.6861 398.81 398.81 403.1353 318.99 318.99 318.99 284.9375 285.26 285.26 285.2513 285.42 285.42 285.42 289.0611 289.49 289.49 289.3274 292.49 292.49 292.49 301.1947 302.22 302.22 301.8569 308.92 308.92 308.92 339.0655 338.78 338.78 339.4671 326.1 326.1 326.1 310.6436 310.79
-9999 -9999 -9999 -9999 -9999 -9999 -9999 -9999 -9999 -9999 -9999 -9999 -9999 -9999 -9999 -9999 -9999 225.66 225.66 238.5 238.5 238.5 257.3766 259.6 259.6 259.6 293.6223 293.3 293.3 289.9696 354.76 354.76 354.76 401.9873 401.54 401.54 400.9857 411.77 411.77 411.77 398.6861 398.81 398.81 403.1353 318.99 318.99 318.99 284.9375 285.26 285.26 285.4032 285.42 285.42 285.42 289.0611 289.49 289.49 289.3274 292.49 292.49 292.49 301.1947 302.22 302.22 301.8569 308.92 308.92 308.92 339.0655 338.78 338.78 339.4671 326.1 326.1 326.1 310.6436 310.79
-9999 -9999 -9999 -9999 -9999 -9999 -9999 -9999 -9999 -9999 -9999 -9999 -9999 -9999 -9999 -9999 -9999 233.51 225.5849 238.5 238.5 238.5 257.3766 259.6 259.6 257.7739 293.3 293.3 293.3 289.9696 354.76 354.76 354.76 401.9873 401.54 401.54 400.9857 411.77 411.77 411.77 398.6861 398.81 398.81 403.1353 318.99 318.99 318.99 284.9375 285.26 285.26 285.4032 285.42 285.42 285.42 289.5289 289.49 289.49 289.3274 292.49 292.49 292.49 301.1947 302.22 302.22 301.8569 308.92 308.92 308.92 339.0655 338.78 338.78 339.4671 326.1 326.1 326.1 310.6436 310.79
-9999 -9999 -9999 -9999 -9999 -9999 -9999 -9999 -9999 -9999 -9999 -9999 -9999 -9999 -9999 -9999 -9999 233.51 233.51 225.03 225.03 225.03 222.2835 221.96 221.96 221.6929 226.89 226.89 226.89 241.9465 243.72 243.72 243.72 290.0085 289.57 289.57 285.7319 360.4 360.4 412.2612 398.6861 398.81 398.81 403.1353 318.99 318.99 318.99 284.9375 285.26 285.26 285.4032 285.42 285.42 285.42 289.5289 289.49 289.49 292.1739 292.49 292.49 292.49 301.1947 302.22 302.22 301.8569 308.92 308.92 308.92 339.0655 338.78 338.78 339.4671 326.1 326.1 326.1 310.6436 310.79
-9999 -9999 -9999 -9999 -9999 -9999 -9999 -9999 -9999 -9999 -9999 -9999 -9999 -9999 -9999 -9999 -9999 233.51 233.51 225.03 225.03 225.03 222.2835 221.96 221.96 221.6929 226.89 226.89 226.89 241.9465 243.72 243.72 241.2355 289.57 289.57 289.57 285.7319 360.4 360.4 360.4 389.7076 389.43 389.43 391.6408 348.63 348.63 348.63 283.705 284.32 284.32 277.8877 277.13 277.13 277.13 286.0141 285.93 285.93 324.2289 328.74 328.74 328.74 341.1337 302.22 302.22 301.8569 308.92 308.92 308.92 339.0655 338.78 338.78 339.4671 326.1 326.1 326.1 310.6436 310.79
-9999 -9999 -9999 -9999 -9999 -9999 -9999 -9999 -9999 -9999 -9999 -9999 -9999 -9999 -9999 -9999 -9999 233.51 233.51 225.03 225.03 225.03 222.2835 221.96 221.96 221.6929 226.89 226.89 226.89 241.9465 243.72 243.72 241.2355 289.57 289.57 289.57 352.9363 360.4 360.4 358.8269 389.43 389.43 389.43 391.6408 348.63 348.63 348.63 283.705 284.32 284.32 277.8877 277.13 277.13 277.13 286.0141 285.93 285.93 324.2289 328.74 328.74 328.74 339.1385 339.04 339.04 333.037 332.33 332.33 332.33 336.2673 336.23 336.23 337.162 319.03 319.03 319.03 304.7346 304.87
-9999 -9999 -9999 -9999 -9999 -9999 -9999 -9999 -9999 -9999 -9999 -9999 -9999 -9999 -9999 -9999 -9999 233.51 233.51 225.03 225.03 225.03 222.2835 221.96 221.96 221.6929 226.89 226.89 226.89 241.9465 243.72 243.72 241.2355 289.57 289.57 289.57 352.9363 360.4 360.4 358.8269 389.43 389.43 389.43 352.9293 348.63 348.63 348.63 283.705 284.32 284.32 277.8877 277.13 277.13 277.13 286.0141 285.93 285.93 324.2289 328.74 328.74 328.74 339.1385 339.04 339.04 333.037 332.33 332.33 332.33 336.23 336.23 336.23 337.162 319.03 319.03 319.03 304.7346 304.87
-9999 -9999 -9999 -9999 -9999 -9999 -9999 -9999 -9999 -9999 -9999 -9999 -9999 -9999 -9999 -9999 -9999 308.91 309.1734 304.05 304.05 304.05 262.1637 257.23 257.23 258.0358 242.36 228.5202 226.89 241.9465 243.72 243.72 241.2355 289.57 289.57 289.57 352.9363 360.4 360.4 358.8269 389.43 389.43 389.43 352.9293 348.63 348.63 352.1148 284.32 284.32 284.32 277.8877 277.13 277.13 277.13 286.0141 285.93 285.93 324.2289 328.74 328.74 328.74 339.1385 339.04 339.04 333.037 332.33 332.33 332.33 336.23 336.23 336.23 320.8424 319.03 319.03 319.03 304.7346 304.87
-9999 -9999 -9999 -9999 -9999 -9999 -9999 -9999 -9999 -9999 -9999 -9999 -9999 -9999 -9999 -9999 -9999 308.91 309.1734 304.05 304.05 304.05 256.7823 257.23 257.23 258.0358 242.36 242.36 242.36 228.7349 227.13 227.13 226.6857 235.33 235.33 235.33 275.0692 279.75 279.75 278.9697 294.15 294.15 294.15 289.1133 288.52 288.52 288.8852 281.78 281.78 284.3443 277.0612 277.13 277.13 277.13 286.0141 285.93 285.93 324.2289 328.74 328.74 328.74 339.1385 339.04 339.04 333.037 332.33 332.33 332.33 336.23 336.23 336.23 320.8424 319.03 319.03 319.03 304.87 304.87
-9999 -9999 -9999 -9999 -9999 -9999 -9999 -9999 -9999 -9999 -9999 -9999 -9999 -9999 -9999 -9999 -9999 308.91 309.1734 304.05 304.05 304.05 256.7823 257.23 257.23 243.9269 242.36 242.36 242.36 228.7349 227.13 227.13 226.6857 235.33 235.33 235.33 275.0692 279.75 279.75 278.9697 294.15 294.15 294.15 289.1133 288.52 288.52 288.8852 281.78 281.78 281.78 282.7896 282.78 282.78 282.78 329.3915 328.95 328.95 329.5315 329.6 329.6 329.6 315.5267 315.66 315.66 309.6928 308.99 308.99 308.99 302.95 302.95 302.95 295.301 316.4346 319.03 319.03 304.87 304.87
-9999 -9999 -9999 -9999 -9999 -9999 -9999 -9999 -9999 -9999 -9999 -9999 -9999 -9999 -9999 -9999 -9999 308.91 309.1734 304.05 304.05 304.05 256.7823 257.23 257.23 243.9269 242.36 242.36 242.36 226.9844 227.13 227.13 226.6857 235.33 235.33 235.33 275.0692 279.75 279.75 278.9697 294.15 294.15 294.15 289.1133 288.52 288.52 288.8852 281.78 281.78 281.78 282.7896 282.78 282.78 280.2782 328.95 328.95 328.95 329.5315 329.6 329.6 329.6 315.5267 315.66 315.66 309.6928 308.99 308.99 308.99 302.95 302.95 302.95 295.301 294.4 294.4 294.4 283.51 283.51
-9999 -9999 -9999 -9999 -9999 -9999 -9999 -9999 -9999 -9999 -9999 -9999 -9999 -9999 -9999 -9999 -9999 308.91 309.1734 304.05 304.05 304.05 256.7823 257.23 257.23 243.9269 242.36 242.36 242.36 226.9844 227.13 227.13 234.4659 235.33 235.33 235.33 275.0692 279.75 279.75 278.9697 294.15 294.15 294.15 289.1133 288.52 288.52 288.8852 281.78 281.78 281.78 282.7896 282.78 282.78 280.2782 328.95 328.95 328.95 329.6062 329.6 329.6 330.3554 315.66 315.66 315.66 309.6928 308.99 308.99 308.99 302.95 302.95 302.95 295.301 294.4 294.4 294.4 283.51 283.51
-9999 -9999 -9999 -9999 -9999 -9999 -9999 -9999 -9999 -9999 -9999 -9999 -9999 -9999 -9999 -9999 -9999 349.7 348.6347 369.36 369.36 369.36 336.2362 336.55 336.55 333.9109 333.6 333.6 333.6 262.7792 263.45 263.45 236.486 233.31 233.31 233.31 243.9811 280.093 279.75 278.9697 294.15 294.15 294.15 289.1133 288.52 288.52 288.8852 281.78 281.78 281.78 282.7896 282.78 282.78 280.2782 328.95 328.95 328.95 329.6062 329.6 329.6 330.3554 315.66 315.66 315.66 309.6928 308.99 308.99 308.99 302.95 302.95 302.95 295.301 294.4 294.4 294.4 283.51 283.51
-9999 -9999 -9999 -9999 -9999 -9999 -9999 -9999 -9999 -9999 -9999 -9999 -9999 -9999 -9999 -9999 -9999 349.7 348.6347 369.36 369.36 369.36 336.2362 336.55 336.55 333.9109 333.6 333.6 333.6 262.7792 263.45 263.45 236.486 233.31 233.31 233.31 243.9811 243.88 243.88 253.9535 255.14 255.14 255.14 257.8418 258.16 258.16 257.6068 268.37 268.37 268.37 313.033 312.61 312.61 310.637 349.02 349.02 349.02 334.6136 334.75 329.5508 330.3554 315.66 315.66 315.66 308.9262 308.99 308.99 308.99 302.95 302.95 302.95 295.301 294.4 294.4 294.4 283.51 283.51
-9999 -9999 -9999 -9999 -9999 -9999 -9999 -9999 -9999 -9999 -9999 -9999 -9999 -9999 -9999 -9999 -9999 349.7 367.2883 369.36 369.36 369.36 336.2362 336.55 336.55 333.9109 333.6 333.6 333.6 262.7792 263.45 263.45 236.486 233.31 233.31 233.31 243.9811 243.88 243.88 253.9535 255.14 255.14 255.14 258.1889 258.16 258.16 257.6068 268.37 268.37 268.37 313.033 312.61 312.61 310.637 349.02 349.02 349.02 334.6136 334.75 334.75 336.4119 304.08 304.08 304.08 287.8664 288.02 288.02 288.3939 281.12 281.12 281.12 278.624 278.33 278.33 278.33 272.11 272.11
-9999 -9999 -9999 -9999 -9999 -9999 -9999 -9999 -9999 -9999 -9999 -9999 -9999 -9999 -9999 -9999 -9999 349.7 367.2883 369.36 369.36 371.1379 336.55 336.55 336.55 333.9109 333.6 333.6 333.6 262.7792 263.45 263.45 236.486 233.31 233.31 233.31 243.9811 243.88 243.88 253.9535 255.14 255.14 255.14 258.1889 258.16 258.16 267.2941 268.37 268.37 268.37 313.033 312.61 312.61 310.637 349.02 349.02 349.02 334.6136 334.75 334.75 336.4119 304.08 304.08 304.08 287.8664 288.02 288.02 288.3939 281.12 281.12 281.12 278.3033 278.33 278.33 278.33 272.11 272.11
-9999 -9999 -9999 -9999 -9999 -9999 -9999 -9999 -9999 -9999 -9999 -9999 -9999 -9999 -9999 -9999 -9999 367.9 369.2061 369.36 369.36 371.1379 336.55 336.55 336.55 333.5718 333.6 333.6 333.6 262.7792 263.45 263.45 236.486 233.31 233.31 233.31 243.9811 243.88 243.88 253.9535 255.14 255.14 255.14 258.1889 258.16 258.16 267.2941 268.37 268.37 268.37 312.61 312.61 312.61 310.637 349.02 349.02 349.02 334.6136 334.75 334.75 336.4119 304.08 304.08 304.08 287.8664 288.02 288.02 288.3939 281.12 281.12 281.12 278.3033 278.33 278.33 278.667 272.11 272.11
-9999 -9999 -9999 -9999 -9999 -9999 -9999 -9999 -9999 -9999 -9999 -9999 -9999 -9999 -9999 -9999 -9999 367.9 365.8603 365.62 365.62 367.3713 333.3 333.3 333.3 363.5061 363.22 363.22 365.2141 326.42 326.42 326.42 263.7605 256.38 256.38 256.38 243.1749 243.3 243.3 243.7473 243.8 243.8 243.8 251.3112 251.24 251.24 262.6463 268.37 268.37 268.37 312.61 312.61 312.61 345.1833 349.02 349.02 349.02 334.6136 334.75 334.75 336.4119 304.08 304.08 304.08 287.8664 288.02 288.02 288.3939 281.12 281.12 281.12 278.3033 278.33 278.33 278.667 272.11 272.11
-9999 -9999 -9999 -9999 -9999 -9999 -9999 -9999 -9999 -9999 -9999 -9999 -9999 -9999 -9999 -9999 -9999 367.9 365.8603 365.62 365.62 367.3713 333.3 333.3 333.3 363.5061 363.22 363.22 365.2141 326.42 326.42 326.42 255.7103 256.38 256.38 256.38 243.1749 243.3 243.3 243.7473 243.8 243.8 243.8 251.3112 251.24 251.24 262.8701 264.24 264.24 264.24 287.05 287.05 287.05 306.0697 308.31 308.31 306.971 333.02 333.02 333.02 333.1587 330.46 330.46 330.46 295.4888 295.82 295.82 296.7612 278.45 278.3053 281.12 278.3033 278.33 278.33 278.667 272.11 272.11
-9999 -9999 -9999 -9999 -9999 -9999 -9999 -9999 -9999 -9999 -9999 -9999 -9999 -9999 -9999 -9999 -9999 367.9 365.8603 365.62 365.62 367.3713 333.3 333.3 333.3 363.5061 363.22 363.22 365.2141 326.42 326.42 326.42 255.7103 256.38 256.38 257.0888 243.3 243.3 243.3 243.7473 243.8 243.8 243.8 251.3112 251.24 251.24 262.8701 264.24 264.24 264.24 287.05 287.05 287.05 306.0697 308.31 308.31 306.971 333.02 333.02 333.02 330.7297 330.46 330.46 330.46 295.4888 295.82 295.82 296.7612 278.45 278.45 278.45 270.6057 270.68 270.68 270.9423 265.84 265.84
