Model and model input files/precip_1984.asc
ncols         625
nrows         453
xllcorner     138621.56993419
yllcorner     4094031.9406744
cellsize      1000
NODATA_value  -9999
[rows 68 to 101 of 453, columns 154 to 230 of 625]
724.5732 693.19 693.19 693.19 635.2512 635.8 635.8 637.8358 598.23 598.23 598.23 591.2788 590.46 590.46 590.1712 595.79 595.79 595.79 586.7543 585.69 585.69 585.9496 580.9 580.9 580.9 579.9785 579.87 579.87 579.87 584.2414 584.2 593.692 597.8965 598.26 598.26 598.26 622.6914 622.46 622.46 645.9708 648.74 648.74 648.74 671.4148 671.2 671.2 665.474 776.87 776.87 776.87 687.6146 688.46 688.46 684.4653 762.18 762.18 762.18 1412.964 1406.8 1406.8 1388.085 1752.17 1752.17 1752.17 1696.408 1689.84 1689.84 1689.84 1234.09 -9999 -9999 -9999 -9999 -9999 -9999 -9999 -9999
724.5732 693.19 693.19 693.19 635.2512 635.8 635.8 637.8358 598.23 598.23 598.23 591.2788 590.46 590.46 590.1712 595.79 595.79 595.79 586.7543 585.69 585.69 585.9496 580.9 580.9 580.9 579.8602 579.87 579.87 579.87 584.2414 584.2 584.2 577.0788 576.24 576.24 576.24 620.1559 619.74 619.74 638.7508 640.99 640.99 640.99 682.9474 682.55 682.55 680.8214 714.45 714.45 714.45 616.1287 617.06 617.06 611.5123 719.44 719.44 719.44 1154.743 1150.62 1150.62 1133.86 1459.91 1459.91 1459.91 1594.141 1592.87 1592.87 1592.87 1517.71 -9999 -9999 -9999 -9999 -9999 -9999 -9999 -9999
724.5732 693.19 693.19 693.19 635.2512 635.8 635.8 602.1889 598.23 598.23 598.23 591.2788 590.46 590.46 590.1712 595.79 595.79 595.79 586.7543 585.69 585.69 585.9496 580.9 580.9 580.9 579.8602 579.87 579.87 579.87 584.2414 584.2 584.2 577.0788 576.24 576.24 576.24 620.1559 619.74 619.74 638.7508 640.99 640.99 640.99 682.9474 682.55 682.55 711.0886 714.45 714.45 714.45 616.1287 617.06 617.06 611.5123 719.44 719.44 719.44 1154.743 1150.62 1150.62 1133.86 1459.91 1459.91 1459.91 1594.141 1592.87 1592.87 1592.87 1517.71 -9999 -9999 -9999 -9999 -9999 -9999 -9999 -9999
724.5732 693.19 693.19 693.19 635.2512 635.8 635.8 602.1889 598.23 598.23 598.23 591.2788 590.46 590.46 590.1712 595.79 595.79 595.79 586.7543 585.69 585.69 585.9496 580.9 580.9 580.9 579.8602 579.87 579.87 579.6354 584.2 584.2 584.2 577.0788 576.24 576.24 576.24 620.1559 619.74 619.74 638.7508 640.99 640.99 640.99 682.9474 682.55 682.55 711.0886 714.45 714.45 714.45 616.1287 617.06 617.06 611.5123 719.44 719.44 719.44 1154.743 1150.62 1150.62 1133.86 1459.91 1459.91 1459.91 1594.141 1592.87 1592.87 1592.87 1517.71 -9999 -9999 -9999 -9999 -9999 -9999 -9999 -9999
724.5732 693.19 693.19 693.19 635.2512 635.8 635.8 602.1889 598.23 598.23 598.23 590.3857 590.46 590.46 590.1712 595.79 595.79 595.79 586.7543 585.69 585.69 585.9496 580.9 580.9 580.9 579.8602 579.87 579.87 579.6354 584.2 584.2 584.2 577.0788 576.24 576.24 576.24 620.1559 619.74 619.74 638.7508 640.99 640.99 640.99 682.9474 682.55 682.55 711.0886 714.45 714.45 714.45 616.1287 617.06 617.06 611.5123 719.44 719.44 719.44 1154.743 1150.62 1150.62 1133.86 1459.91 1459.91 1459.91 1594.141 1592.87 1592.87 1596.943 1517.71 -9999 -9999 -9999 -9999 -9999 -9999 -9999 -9999
676.7165 706.94 706.94 706.94 689.5048 689.67 689.67 648.7319 643.91 643.91 643.91 621.8713 622.08 622.08 621.6622 629.79 629.79 629.79 648.4161 650.61 650.61 652.7222 611.63 611.63 611.63 570.6721 571.06 571.06 571.7427 558.46 558.46 558.46 558.7642 558.8 558.8 558.8 586.3466 619.74 619.74 638.7508 640.99 640.99 640.99 682.9474 682.55 682.55 711.0886 714.45 714.45 714.45 617.06 617.06 617.06 611.5123 719.44 719.44 719.44 1154.743 1150.62 1150.62 1133.86 1459.91 1459.91 1459.91 1594.141 1592.87 1592.87 1596.943 1517.71 -9999 -9999 -9999 -9999 -9999 -9999 -9999 -9999
676.7165 706.94 706.94 706.94 689.5048 689.67 689.67 648.7319 643.91 643.91 643.91 621.8713 622.08 622.08 621.6622 629.79 629.79 629.79 648.4161 650.61 650.61 652.7222 611.63 611.63 611.63 570.6721 571.06 571.06 571.7427 558.46 558.46 558.46 558.8032 558.8 558.8 558.8 588.0773 587.8 587.8 610.4609 613.13 613.13 613.13 638.0157 637.78 637.78 596.672 591.83 591.83 591.83 597.63 597.63 597.63 583.0205 867.24 867.24 867.24 1288.702 1284.71 1284.71 1276.523 1435.79 1435.79 1435.79 1449.954 1449.82 1449.82 1463.187 1203.14 -9999 -9999 -9999 -9999 -9999 -9999 -9999 -9999
676.7165 706.94 706.94 706.94 689.5048 689.67 689.67 648.7319 643.91 643.91 643.91 621.8713 622.08 622.08 628.9775 629.79 629.79 629.79 648.4161 650.61 650.61 652.7222 611.63 611.63 611.63 570.6721 571.06 571.06 571.7427 558.46 558.46 558.46 558.8032 558.8 558.8 558.8 588.0773 587.8 587.8 610.4609 613.13 613.13 613.13 638.0157 637.78 637.78 596.672 591.83 591.83 591.83 597.63 597.63 597.63 583.0205 867.24 867.24 867.24 1288.702 1284.71 1284.71 1276.523 1435.79 1435.79 1435.79 1449.954 1449.82 1449.82 1463.187 1203.14 -9999 -9999 -9999 -9999 -9999 -9999 -9999 -9999
676.7165 706.94 706.94 706.94 689.5048 689.67 689.67 648.7319 643.91 643.91 643.91 621.8713 622.08 622.08 628.9775 629.79 629.79 629.79 648.4161 650.61 650.61 652.7222 611.63 611.63 611.63 570.6721 571.06 571.06 571.7427 558.46 558.46 558.46 558.8032 558.8 558.8 557.2286 587.8 587.8 587.8 610.4609 613.13 613.13 613.13 638.0157 637.78 637.78 596.672 591.83 591.83 591.83 597.63 597.63 597.63 838.8298 867.24 867.24 867.24 1288.702 1284.71 1284.71 1276.523 1435.79 1435.79 1435.79 1449.954 1449.82 1449.82 1463.187 1203.14 -9999 -9999 -9999 -9999 -9999 -9999 -9999 -9999
644.1083 641.75 641.75 641.75 653.5316 653.42 653.42 646.4956 645.68 645.68 645.68 655.3516 655.26 655.26 671.6048 629.3717 629.79 629.79 650.8091 650.61 650.61 652.7222 611.63 611.63 611.63 570.6721 571.06 571.06 571.7427 558.46 558.46 558.46 558.8032 558.8 558.8 557.2286 587.8 587.8 587.8 610.4609 613.13 613.13 613.13 638.0157 637.78 637.78 596.672 591.83 591.83 591.83 597.63 597.63 597.63 838.8298 867.24 867.24 867.24 1288.702 1284.71 1284.71 1276.523 1435.79 1435.79 1435.79 1449.954 1449.82 1449.82 1463.187 1203.14 -9999 -9999 -9999 -9999 -9999 -9999 -9999 -9999
644.1083 641.75 641.75 641.75 653.5316 653.42 653.42 646.4956 645.68 645.68 645.68 655.3516 655.26 655.26 671.6048 673.53 673.53 673.53 653.5507 653.74 653.74 656.5604 601.69 601.69 601.69 577.2687 577.5 577.5 578.7306 554.79 554.79 554.79 540.8782 541.01 541.01 539.3242 572.12 572.12 572.12 620.8502 626.59 626.59 626.59 721.8019 720.9 720.9 630.5966 619.96 619.96 619.96 590.5 590.5 590.5 837.8817 867.02 867.02 867.0081 1288.702 1284.71 1284.71 1276.523 1435.79 1435.79 1435.79 1449.954 1449.82 1449.82 1463.187 1203.14 -9999 -9999 -9999 -9999 -9999 -9999 -9999 -9999
644.1083 641.75 641.75 641.1176 653.42 653.42 653.42 646.4956 645.68 645.68 645.68 655.3516 655.26 655.26 671.6048 673.53 673.53 673.53 653.5507 653.74 653.74 607.1747 601.69 601.69 601.69 577.2687 577.5 577.5 578.7306 554.79 554.79 554.79 540.8782 541.01 541.01 539.3242 572.12 572.12 572.12 627.1109 626.59 626.59 626.59 721.8019 720.9 720.9 630.5966 619.96 619.96 619.96 590.5 590.5 590.5 837.8817 867.02 867.02 841.8147 1332.17 1332.17 1332.17 1324.453 1474.59 1474.59 1474.59 1308.285 1309.86 1309.86 1327.603 982.43 -9999 -9999 -9999 -9999 -9999 -9999 -9999 -9999
644.1083 641.75 641.75 641.1176 653.42 653.42 653.42 646.4956 645.68 645.68 645.68 655.3516 655.26 655.26 671.6048 673.53 673.53 673.53 653.5507 653.74 653.74 607.1747 601.69 601.69 601.69 577.2687 577.5 577.5 578.7306 554.79 554.79 554.79 540.8782 541.01 541.01 539.3242 572.12 572.12 572.12 627.1109 626.59 626.59 626.59 721.8019 720.9 720.9 630.5966 619.96 619.96 619.96 590.5 590.5 590.5 837.8817 867.02 867.02 841.8147 1332.17 1332.17 1332.17 1324.453 1474.59 1474.59 1474.59 1308.285 1309.86 1309.86 1327.603 982.43 -9999 -9999 -9999 -9999 -9999 -9999 -9999 -9999
644.1083 641.75 641.75 641.1176 653.42 653.42 653.42 646.4956 645.68 645.68 645.68 655.3516 655.26 655.26 671.6048 673.53 673.53 673.53 653.5507 653.74 653.74 607.1747 601.69 601.69 601.69 577.2687 577.5 577.5 578.7306 554.79 554.79 554.79 540.8782 541.01 541.01 539.3242 572.12 572.12 572.12 627.1109 626.59 626.59 626.59 721.8019 720.9 720.9 630.5966 619.96 619.96 619.96 590.5 590.5 590.5 837.8817 867.02 867.02 841.8147 1332.17 1332.17 1332.17 1324.453 1474.59 1474.59 1474.59 1308.285 1309.86 1309.86 1327.603 982.43 -9999 -9999 -9999 -9999 -9999 -9999 -9999 -9999
638.674 632.01 632.01 631.2628 645.8 645.8 645.8 648.4955 648.47 648.47 648.47 645.4413 645.47 645.47 677.3991 681.16 681.16 681.16 662.4427 662.62 662.62 636.1033 632.98 632.98 632.98 645.14 645.14 645.14 646.3435 622.93 622.93 622.93 625.0714 541.01 541.01 539.3242 572.12 572.12 572.12 627.1109 626.59 626.59 621.4796 720.9 720.9 720.9 630.5966 619.96 619.96 619.96 590.5 590.5 590.5 837.8817 867.02 867.02 841.8147 1332.17 1332.17 1332.17 1459.583 1474.59 1474.59 1474.59 1308.285 1309.86 1309.86 1327.603 982.43 -9999 -9999 -9999 -9999 -9999 -9999 -9999 -9999
638.674 632.01 632.01 631.2628 645.8 645.8 645.8 648.4955 648.47 648.47 648.47 645.4413 645.47 645.47 677.3991 681.16 681.16 681.16 662.4427 662.62 662.62 636.1033 632.98 632.98 632.98 645.14 645.14 645.14 646.3435 622.93 622.93 622.93 620.7494 620.77 620.77 619.7578 639.45 639.45 639.45 654.442 654.3 654.3 642.2416 876.83 876.83 876.83 692.2599 670.52 670.52 670.52 658.1 658.1 658.1 856.8857 880.3 880.3 855.5444 1337.15 1337.15 1337.15 1421.898 1431.88 1431.88 1431.88 1149.748 1152.42 1152.42 1170.58 817.28 -9999 -9999 -9999 -9999 -9999 -9999 -9999 -9999
638.674 632.01 632.01 631.2628 645.8 645.8 645.8 648.4955 648.47 648.47 648.6325 645.47 645.47 645.47 677.3991 681.16 681.16 681.16 662.4427 662.62 662.62 636.1033 632.98 632.98 632.98 645.14 645.14 645.14 646.3435 622.93 622.93 622.93 620.7494 620.77 620.77 619.7578 639.45 639.45 639.45 654.442 654.3 654.3 642.2416 876.83 876.83 876.83 692.2599 670.52 670.52 670.52 658.1 658.1 658.1 856.8857 880.3 880.3 855.5444 1337.15 1337.15 1337.15 1421.898 1431.88 1431.88 1431.88 1149.748 1152.42 1152.42 1170.58 817.28 -9999 -9999 -9999 -9999 -9999 -9999 -9999 -9999
638.674 632.01 632.01 631.2628 645.8 645.8 645.8 648.4955 648.47 648.47 648.6325 645.47 645.47 645.47 677.3991 681.16 681.16 681.16 662.4427 662.62 662.62 636.1033 632.98 632.98 632.98 645.14 645.14 645.14 625.2704 622.93 622.93 622.93 620.7494 620.77 620.77 619.7578 639.45 639.45 639.45 654.442 654.3 654.3 642.2416 876.83 876.83 876.83 668.5472 670.52 670.52 670.52 658.1 658.1 658.1 856.8857 880.3 880.3 855.5444 1337.15 1337.15 1337.15 1421.898 1431.88 1431.88 1447.023 1152.42 1152.42 1152.42 1170.58 817.28 -9999 -9999 -9999 -9999 -9999 -9999 -9999 -9999
638.6406 632.01 632.01 631.2628 645.8 645.8 645.8 648.4955 648.47 648.47 648.6325 645.47 645.47 645.47 677.3991 681.16 681.16 681.16 662.4427 662.62 662.62 636.1033 632.98 632.98 632.98 645.14 645.14 645.14 625.2704 622.93 622.93 622.93 620.7494 620.77 620.77 619.7578 639.45 639.45 639.45 654.442 654.3 654.3 642.2416 876.83 876.83 876.83 668.5472 670.52 670.52 670.52 658.1 658.1 658.1 856.8857 880.3 880.3 855.5444 1337.15 1337.15 1337.15 1421.898 1431.88 1431.88 1447.023 1152.42 1152.42 1152.42 1170.58 817.28 -9999 -9999 -9999 -9999 -9999 -9999 -9999 -9999
688.3892 687.17 687.17 681.535 791.16 791.16 791.16 799.8725 799.79 799.79 804.8478 706.45 706.45 706.45 848.4147 847.07 847.07 847.07 913.166 912.54 912.54 832.14 822.67 822.67 822.67 737.59 737.59 737.59 717.5146 715.15 715.15 713.9443 737.4 737.4 737.4 740.4985 680.22 680.22 680.22 609.904 610.57 610.57 611.3351 596.45 596.45 596.45 691.0359 690.14 690.14 690.14 677.13 677.13 678.1612 856.8857 880.3 880.3 855.5444 1337.15 1337.15 1337.15 1421.898 1431.88 1431.88 1447.023 1152.42 1152.42 1152.42 1170.58 817.28 -9999 -9999 -9999 -9999 -9999 -9999 -9999 -9999
687.0593 687.17 687.17 681.535 791.16 791.16 791.16 799.8725 799.79 799.79 804.8478 706.45 706.45 706.45 848.4147 847.07 847.07 847.07 913.166 912.54 912.54 832.14 822.67 822.67 822.67 737.59 737.59 737.59 717.5146 715.15 715.15 713.9443 737.4 737.4 737.4 740.4985 680.22 680.22 680.22 609.904 610.57 610.57 611.3351 596.45 596.45 596.45 691.0359 690.14 690.14 690.845 677.13 677.13 677.13 832.2848 850.56 850.56 829.9487 1230.93 1230.93 1230.93 1255.962 1258.91 1258.91 1268.748 1077.35 1077.35 1077.35 1091.286 820.16 -9999 -9999 -9999 -9999 -9999 -9999 -9999 -9999
687.0593 687.17 687.17 681.535 791.16 791.16 791.16 799.8725 799.79 799.79 804.8478 706.45 706.45 706.45 848.4147 847.07 847.07 843.5223 912.54 912.54 912.54 832.14 822.67 822.67 822.67 737.59 737.59 737.59 717.5146 715.15 715.15 713.9443 737.4 737.4 737.4 740.4985 680.22 680.22 680.22 609.904 610.57 610.57 611.3351 596.45 596.45 596.45 691.0359 690.14 690.14 690.845 677.13 677.13 677.13 832.2848 850.56 850.56 829.9487 1230.93 1230.93 1230.93 1255.962 1258.91 1258.91 1268.748 1077.35 1077.35 1077.35 847.2614 820.16 -9999 -9999 -9999 -9999 -9999 -9999 -9999 -9999
687.0593 687.17 687.17 681.535 791.16 791.16 791.16 799.8725 799.79 799.79 804.8478 706.45 706.45 706.45 848.4147 847.07 847.07 843.5223 912.54 912.54 912.54 832.14 822.67 822.67 822.67 737.59 737.59 737.59 717.5146 715.15 715.15 713.9443 737.4 737.4 737.4 686.2453 680.22 680.22 680.22 609.904 610.57 610.57 611.3351 596.45 596.45 596.45 691.0359 690.14 690.14 690.845 677.13 677.13 677.13 832.2848 850.56 850.56 829.9487 1230.93 1230.93 1230.93 1255.962 1258.91 1258.91 1268.748 1077.35 1077.35 1077.35 847.2614 820.16 -9999 -9999 -9999 -9999 -9999 -9999 -9999 -9999
788.0778 787.67 787.67 844.9171 851.66 851.66 851.66 911.5573 910.99 910.99 916.1655 815.48 815.48 815.48 735.876 736.63 835.4324 843.5223 912.54 912.54 912.54 832.14 822.67 822.67 822.67 737.59 737.59 737.59 717.5146 715.15 715.15 713.9443 737.4 737.4 737.4 686.2453 680.22 680.22 680.22 609.904 610.57 610.57 611.3351 596.45 596.45 596.45 691.0359 690.14 690.14 690.845 677.13 677.13 677.13 852.2184 850.56 850.56 829.9487 1230.93 1230.93 1230.93 1255.962 1258.91 1258.91 1268.748 1077.35 1077.35 1077.35 847.2614 820.16 -9999 -9999 -9999 -9999 -9999 -9999 -9999 -9999
788.0778 787.67 787.67 844.9171 851.66 851.66 851.66 911.5573 910.99 910.99 916.1655 815.48 815.48 815.48 735.876 736.63 736.63 730.309 853.28 853.28 853.28 974.7405 973.59 973.59 973.59 870.09 870.09 870.09 780.0013 769.39 769.39 773.9629 685 685 685 621.249 613.74 613.74 613.74 537.1546 537.88 537.88 535.5624 580.65 580.65 580.65 947.1717 943.7 943.7 940.8135 996.97 996.97 996.97 748.0422 750.4 750.4 737.7678 983.52 1204.859 1230.93 1255.962 1258.91 1258.91 1268.748 1077.35 1077.35 1077.35 847.2614 820.16 -9999 -9999 -9999 -9999 -9999 -9999 -9999 -9999
788.0778 787.67 787.67 844.9171 851.66 851.66 851.66 910.99 910.99 910.99 916.1655 815.48 815.48 815.48 735.876 736.63 736.63 730.309 853.28 853.28 853.28 974.7405 973.59 973.59 973.59 870.09 870.09 870.09 780.0013 769.39 769.39 773.9629 685 685 685 621.249 613.74 613.74 617.8506 537.88 537.88 537.88 535.5624 580.65 580.65 580.65 947.1717 943.7 943.7 940.8135 996.97 996.97 996.97 748.0422 750.4 750.4 737.7678 983.52 983.52 983.52 1221.776 1249.84 1249.84 1253.403 1184.08 1184.08 1184.08 986.2068 962.9 -9999 -9999 -9999 -9999 -9999 -9999 -9999 -9999
788.0778 787.67 787.67 844.9171 851.66 851.66 851.66 910.99 910.99 910.99 916.1655 815.48 815.48 815.48 735.876 736.63 736.63 730.309 853.28 853.28 853.28 974.7405 973.59 973.59 973.59 870.09 870.09 870.09 780.0013 769.39 769.39 773.9629 685 685 685 621.249 613.74 613.74 617.8506 537.88 537.88 537.88 535.5624 580.65 580.65 580.65 947.1717 943.7 943.7 940.8135 996.97 996.97 996.97 748.0422 750.4 750.4 737.7678 983.52 983.52 983.52 1221.776 1249.84 1249.84 1253.403 1184.08 1184.08 1184.08 986.2068 962.9 -9999 -9999 -9999 -9999 -9999 -9999 -9999 -9999
788.0778 787.67 787.67 844.9171 851.66 851.66 851.66 910.99 910.99 910.99 916.1655 815.48 815.48 815.48 735.876 736.63 736.63 730.309 853.28 853.28 853.28 974.7405 973.59 973.59 979.1984 870.09 870.09 870.09 780.0013 769.39 769.39 773.9629 685 685 685 621.249 613.74 613.74 617.8506 537.88 537.88 537.88 535.5624 580.65 580.65 580.65 947.1717 943.7 943.7 940.8135 996.97 996.97 996.97 748.0422 750.4 750.4 958.955 983.52 983.52 983.52 1221.776 1249.84 1249.84 1253.403 1184.08 1184.08 1184.08 986.2068 962.9 -9999 -9999 -9999 -9999 -9999 -9999 -9999 -9999
848.6085 849.18 849.18 972.9603 987.54 987.54 987.54 1101.9 1101.9 1101.9 1007.267 996.12 996.12 996.12 840.8493 842.32 842.32 843.8676 813.76 813.76 813.76 934.4229 933.28 933.28 930.5669 983.35 983.35 983.35 921.0931 913.76 913.76 924.8083 709.87 709.87 687.6207 621.249 613.74 613.74 617.8506 537.88 537.88 537.88 535.5624 580.65 580.65 580.65 947.1717 943.7 943.7 940.8135 996.97 996.97 996.97 748.0422 750.4 750.4 958.955 983.52 983.52 983.52 1221.776 1249.84 1249.84 1253.403 1184.08 1184.08 1184.08 986.2068 962.9 -9999 -9999 -9999 -9999 -9999 -9999 -9999 -9999
848.6085 849.18 849.18 972.9603 987.54 987.54 987.54 1101.9 1101.9 1101.9 1007.267 996.12 996.12 996.12 840.8493 842.32 842.32 843.8676 813.76 813.76 813.76 934.4229 933.28 933.28 930.5669 983.35 983.35 983.35 921.0931 913.76 913.76 924.8083 709.87 709.87 709.87 600.7437 587.89 587.89 591.7606 516.46 516.46 516.46 511.7453 511.19 511.19 511.19 729.417 727.35 727.35 705.4598 1131.32 1131.32 1131.32 1069.151 1069.74 1069.74 812.419 782.11 782.11 782.11 1064.525 1097.79 1097.79 1087.396 1289.61 1289.61 1289.61 1162.743 1147.8 -9999 -9999 -9999 -9999 -9999 -9999 -9999 -9999
848.6085 849.18 849.18 972.9603 987.54 987.54 987.54 1101.9 1101.9 1101.9 1007.267 996.12 996.12 996.12 840.8493 842.32 842.32 843.8676 813.76 813.76 813.76 934.4229 933.28 933.28 930.5669 983.35 983.35 983.35 913.0945 913.76 913.76 924.8083 709.87 709.87 709.87 600.7437 587.89 587.89 591.7606 516.46 516.46 516.46 511.7453 511.19 511.19 511.19 729.417 727.35 727.35 705.4598 1131.32 1131.32 1131.32 1069.151 1069.74 1069.74 812.419 782.11 782.11 782.11 1100.809 1097.79 1097.79 1087.396 1289.61 1289.61 1289.61 1162.743 1147.8 -9999 -9999 -9999 -9999 -9999 -9999 -9999 -9999
848.6085 849.18 849.18 972.9603 987.54 987.54 987.54 1101.9 1101.9 1101.9 1007.267 996.12 996.12 1004.454 842.32 842.32 842.32 843.8676 813.76 813.76 813.76 934.4229 933.28 933.28 930.5669 983.35 983.35 983.35 913.0945 913.76 913.76 924.8083 709.87 709.87 709.87 600.7437 587.89 587.89 591.7606 516.46 516.46 516.46 511.7453 511.19 511.19 511.19 729.417 727.35 727.35 705.4598 1131.32 1131.32 1131.32 1069.151 1069.74 1069.74 812.419 782.11 782.11 782.11 1100.809 1097.79 1097.79 1087.396 1289.61 1289.61 1289.61 1162.743 1147.8 -9999 -9999 -9999 -9999 -9999 -9999 -9999 -9999
1050.99 1050.99 1050.99 1224.798 1245.27 1245.27 1245.27 1193.26 1193.26 1193.26 1147.348 1141.94 1141.94 1004.454 842.32 842.32 842.32 843.8676 813.76 813.76 813.76 934.4229 933.28 933.28 930.5669 983.35 983.35 983.35 913.0945 913.76 913.76 924.8083 709.87 709.87 709.87 600.7437 587.89 587.89 591.7606 516.46 516.46 516.46 511.7453 511.19 511.19 499.4768 727.35 727.35 727.35 705.4598 1131.32 1131.32 1131.32 1069.151 1069.74 1069.74 812.419 782.11 782.11 782.11 1100.809 1097.79 1097.79 1087.396 1289.61 1289.61 1289.61 1162.743 1147.8 -9999 -9999 -9999 -9999 -9999 -9999 -9999 -9999
1050.99 1050.99 1050.99 1224.798 1245.27 1245.27 1245.27 1193.26 1193.26 1193.26 1147.348 1141.94 1141.94 1147.656 1036.45 1036.45 1036.45 1035.753 1049.32 1049.32 1049.32 1249.738 1247.84 1247.84 1247.742 1249.65 1249.65 1249.65 1174.488 1175.2 1175.2 918.541 888.31 888.31 888.31 699.4547 677.21 677.21 681.5797 596.57 596.57 596.57 558.5842 554.11 554.11 550.8891 613.55 613.55 613.55 594.0355 973.68 973.68 973.68 1098.341 1072.629 1069.74 812.419 782.11 782.11 782.11 1100.809 1097.79 1097.79 1087.396 1289.61 1289.61 1289.61 1162.743 1147.8 -9999 -9999 -9999 -9999 -9999 -9999 -9999 -9999
