Model and model input files/precip_30yr_avg.asc
ncols         625
nrows         453
xllcorner     138621.56993419
yllcorner     4094031.9406744
cellsize      1000
NODATA_value  -9999
[rows 68 to 101 of 453, columns 77 to 153 of 625]
367.1696 375.0931 383.6189 400.1242 406.2917 418.4911 417.8112 415.341 405.5484 399.1639 399.138 402.5866 402.3292 399.5503 395.0374 382.5221 377.3621 368.9899 363.9899 363.7452 367.6338 371.3759 377.414 394.491 419.6211 437.0865 439.9789 423.7377 414.0061 405.5015 403.9049 403.4496 395.8242 385.8056 370.8676 352.5569 344.2774 342.0394 340.795 338.2095 338.7816 350.3 365.0277 374.7048 392.2281 394.7457 393.1923 393.8415 394.1996 394.3495 392.9886 394.8004 394.6034 383.1434 371.5372 374.7055 401.0384 407.642 404.3922 408.3925 424.8192 469.7754 461.161 483.5536 504.3281 524.783 543.1202 554.0035 568.6326 567.5174 560.3854 552.6334 554.6024 558.6461 578.5988 596.8369 600.5632
374.4048 384.4494 395.596 414.0032 422.7192 437.2549 443.1707 434.919 424.8647 419.8622 422.1265 425.7733 421.3951 414.3721 407.5356 397.9258 387.1569 379.5753 374.9461 374.1165 381.4542 388.3153 396.1723 414.3217 432.3954 441.6799 440.1919 418.7506 411.7721 406.8526 406.3429 403.3362 390.5462 381.8142 371.2371 359.5569 352.4959 350.5275 348.813 344.9449 342.8688 353.5433 377.1795 392.4081 413.6993 413.593 407.0564 394.1679 391.7021 394.7951 399.1695 403.1516 398.7644 385.8839 373.0988 375.572 394.8229 401.8088 406.1476 424.5163 472.1042 517.374 555.3703 571.5137 578.8096 599.647 617.1644 624.0803 630.0089 627.0981 619.4658 599.026 588.3608 592.6293 597.2224 606.1085 602.6243
388.7434 396.0078 409.1841 436.858 452.098 463.9729 467.5441 456.42 443.7389 442.3023 448.8683 453.7767 445.886 438.4171 429.0167 415.7359 404.2395 389.0335 384.8609 391.371 401.4125 412.2062 425.0219 427.5661 441.0392 439.9442 437.3117 417.4095 413.123 409.0158 405.797 402.1059 387.5973 379.7242 373.0634 366.2879 361.3341 360.2237 358.9779 353.3103 351.3694 355.2856 370.9472 390.1174 440.5307 445.0683 433.2092 409.1365 396.3114 397.7236 402.993 406.9534 403.9465 392.3336 388.0335 389.3602 403.4404 411.6112 419.6597 441.0583 483.2215 525.4013 564.2803 604.7568 620.5192 642.5938 660.8687 658.4193 655.4533 646.4797 632.1794 606.8935 592.9598 592.0864 602.0792 603.3322 599.5359
407.8936 416.49 430.7973 457.921 477.63 491.2575 494.5245 472.2253 467.9116 465.3463 467.8547 468.685 465.2692 457.5325 453.2679 445.5325 430.224 398.907 396.9178 414.0734 432.0296 450.0653 460.7959 458.2981 453.7151 445.305 435.5193 420.7704 415.6648 412.1242 405.8847 393.6187 386.9245 380.6352 374.2752 372.1956 371.0428 369.3665 367.57 361.4781 359.9721 361.72 366.2433 376.3399 441.35 460.043 451.0026 434.5106 412.6136 403.5552 407.6916 418.0054 421.0084 421.9631 423.6046 425.2406 436.4646 446.7396 456.1994 461.5495 482.2359 523.5648 556.6993 615.98 626.8928 652.5973 666.7691 665.9719 650.6312 640.1243 628.153 598.3077 581 577.7252 583.2662 599.14 599.5503
430.4758 435.5989 454.5836 465.3913 488.1702 512.1761 513.6681 489.4926 476.7399 472.3116 475.4145 474.9418 465.7633 462.2043 464.7865 465.7566 455.2804 445.7715 416.6179 445.28 471.4315 498.1181 508.0728 502.2599 474.5534 456.824 444.212 430.7302 424.7212 418.6437 409.2951 396.1264 390.2868 384.8045 379.2878 379.1228 378.1502 376.5414 373.6 371.6599 372.219 372.4042 371.4479 379.5041 399.0267 448.7381 463.346 455.1154 434.7957 421.2961 423.1538 447.3171 462.7269 474.4233 478.4898 484.3004 496.4871 509.9763 512.9764 499.8716 487.7097 502.541 527.8638 596.6054 625.1064 632.2917 643.6221 640.6769 630.8895 619.6232 608.3036 578.95 563.2211 561.7387 569.4258 584.7162 594.1927
434.4251 436.3233 453.8982 466.6407 483.9168 507.4377 507.7253 489.0436 479.948 476.5775 475.289 475.4301 467.015 458.3738 471.0329 468.5514 470.9786 465.4454 444.2198 480.736 509.2899 540.062 551.4037 540.9246 507.6944 485.6621 473.0367 448.1714 440.1748 429.8671 417.1198 403.5739 396.9914 391.5234 385.7955 385.9586 384.1534 381.177 378.9688 382.0581 383.498 382.7242 379.0098 377.083 385.2754 407.0767 462.1089 463.4894 456.6666 444.4581 442.7973 479.5846 506.9692 521.5936 526.6066 552.2968 560.6525 576.0883 567.4781 542.5413 506.7075 496.7251 509.7939 567.5084 595.5249 604.6729 595.8178 585.8506 584.3521 580.1422 568.6901 563.3975 556.803 546.9167 551.6877 566.371 572.0086
426.4817 425.0011 441.4317 449.0936 468.3396 483.5757 478.3764 465.2134 466.7773 474.4443 477.2142 475.0521 467.7251 460.6661 461.8493 466.7069 467.4983 471.4397 489.0096 519.942 552.225 568.6321 572.4743 560.875 541.0449 530.2304 503.679 495.962 460.2114 443.0309 430.9222 414.2557 406.5078 400.2864 395.9657 393.94 388.6794 386.3227 386.6758 391.7328 393.3451 389.4165 383.804 379.3708 387.1331 403.5778 439.3772 459.0739 464.2293 455.4067 452.9153 491.8959 528.669 548.683 554.9495 587.5659 618.9696 629.483 613.8058 585.3274 533.17 501.1956 497.7497 529.5526 549.8685 555.3798 549.5947 539.2524 538.9132 537.9012 531.7189 530.2946 533.7489 541.8593 537.2551 544.8021 553.9435
408.8008 407.3384 416.9674 433.4426 444.4422 450.2549 450.6004 443.837 447.5916 461.9992 476.4633 481.2797 474.4512 466.1633 463.4676 463.8172 466.1908 469.7739 491.3201 564.0797 588.224 595.6356 591.1332 576.3315 568.5456 566.3266 557.3606 549.5671 503.5047 466.4706 452.5649 426.4031 419.2686 414.1228 406.7516 400.6406 395.8838 392.9066 397.7151 400.1824 398.4409 391.7524 387.3629 388.0735 396.8022 407.5427 427.0588 439.0619 445.538 444.6425 444.927 491.2558 529.7361 561.079 563.0417 593.238 625.9365 647.0427 639.0638 612.2818 553.6138 508.1599 490.0584 501.9725 518.8677 529.1395 526.6383 519.839 514.741 503.1533 489.6135 488.5693 501.0922 519.3517 527.1639 528.5 535.0444
397.8785 394.3836 399.1781 419.3917 422.4897 423.7478 418.1845 419.0401 429.152 458.6326 470.0114 486.8429 488.2843 480.7343 470.0563 463.9107 461.4239 467.3491 485.9301 570.3583 600.1505 608.55 602.2054 584.5103 578.7445 592.571 593.4016 580.846 552.0471 488.2755 472.1831 449.6768 439.4016 434.5718 423.4541 415.4895 410.436 406.944 405.2629 404.8063 401.2682 394.6959 392.7581 400.788 409.6075 414.6913 414.6677 412.691 414.8048 417.7124 444.9556 474.0345 504.2339 533.6013 538.1535 560.0823 587.8342 610.7356 644.0458 620.303 560.7347 508.6875 484.0727 498.1863 522.1817 552.3983 553.7051 546.0179 529.1403 512.3318 481.3971 478.9716 484.0409 492.8218 499.9133 520.9402 524.0162
391.4769 387.7871 386.3673 385.4131 403.3378 401.0968 396.6775 398.0812 407.2841 442.9804 470.6164 494.0506 502.503 501.1655 486.0789 472.5158 464.8543 462.9751 516.0977 557.8612 594.747 614.507 604.6522 586.4807 585.3395 606.4284 611.9031 598.9775 576.6752 540.4398 502.2515 479.3613 473.4279 468.5695 456.5241 445.5184 438.0421 431.7767 419.0845 412.8294 406.8553 401.3065 400.6882 412.3405 419.7423 420.5119 409.5469 398.0919 391.9264 393.4992 415.6704 433.4623 453.0011 471.0897 474.1311 491.1465 512.0148 535.2631 555.8145 585.0883 544.869 499.1934 490.38 516.3689 550.4597 587.1736 594.3021 584.5249 566.1824 538.9805 501.1422 497.8536 502.887 503.3365 500.0844 505.3113 513.3206
390.9774 380.925 374.8726 370.287 378.5645 383.3669 382.463 384.5532 392.6339 430.6437 459.2124 499.7212 511.9873 512.8102 508.0176 495.6743 481.141 476.4309 506.9736 539.8937 578.7188 611.271 598.7076 588.1929 585.2245 602.8526 613.0881 603.0555 581.7765 565.6692 578.9333 531.4039 522.9227 501.4573 493.2112 488.1931 475.7458 464.4296 439.6942 430.3112 421.2771 415.7288 414.5775 422.2115 427.476 424.1515 406.9607 394.2827 390.5887 388.4596 395.3738 403.0863 413.2112 425.9904 428.5242 439.236 452.0826 469.1997 493.1441 487.8023 509.5111 488.2172 511.572 546.207 580.538 610.6636 597.0048 594.4616 576.5042 556.2134 531.7281 537.6954 538.6736 535.787 522.0137 521.3789 518.9443
386.4406 371.8078 365.9648 361.7726 368.7129 374.4401 371.8795 373.7216 381.8978 421.0165 451.9762 503.247 529.3975 534.465 519.6758 510.2785 502.8387 491.6158 506.5264 522.8183 548.2062 602.1362 593.3007 588.1193 590.5187 600.0704 606.4307 594.0786 584.834 588.2224 597.7916 584.4612 562.283 545.2674 535.9581 517.9208 498.587 485.6069 465.381 457.7256 452.4822 436.4432 433.3968 433.0492 430.3859 415.9683 408.4731 397.7124 395.4781 389.5279 390.3907 395.5731 404.9576 414.6328 417.7992 421.8611 428.6581 441.7853 465.3681 473.7301 483.005 494.5991 547.3626 584.0009 603.1444 606.0941 601.0757 589.8434 578.296 561.4454 555.4102 554.5109 547.2523 545.3234 529.5408 539.3728 528.8364
383.2655 367.5974 361.3621 360.0845 362.0377 361.4702 364.1772 365.6704 374.7686 411.0673 461.8404 498.5072 531.4693 543.0151 534.2557 527.4926 514.3387 510.3696 506.0124 507.4527 517.3432 566.8218 582.5936 577.7989 587.3196 595.9748 590.3411 586.2379 585.7923 593.6979 600.1485 591.8436 582.5167 552.2468 550.9896 525.7699 505.5889 494.2467 487.9406 487.1123 488.3704 476.2564 455.6096 445.5372 436.2887 419.8855 412.7419 404.8706 399.8368 394.6892 395.3736 402.9771 413.4317 422.0425 420.8231 421.1851 424.6488 454.2411 467.7561 482.7236 512.8518 520.9742 586.6793 616.8032 625.4992 613.7458 608.162 586.1173 581.8378 571.2734 574.6877 572.9739 568.3965 570.6917 553.403 542.1693 528.3817
377.137 362.5767 357.4527 356.0528 356.46 356.851 357.6659 359.7111 367.8229 401.1549 445.157 483.5307 515.0544 535.8486 537.0542 539.683 532.6971 527.941 511.5963 507.3778 504.4958 516.9354 548.5399 562.9659 582.1198 583.9785 580.4459 582.358 590.894 595.4963 606.6252 595.8115 586.7629 549.9106 544.936 524.1772 512.3128 507.7247 507.7286 511.5126 516.4857 514.0871 478.4917 463.8127 449.3475 431.9966 426.5274 416.4833 409.1213 403.9036 407.2179 417.8845 430.1844 435.1169 428.4016 425.4125 431.3581 464.6998 479.193 499.1807 532.1528 560.6126 614.8104 632.8633 634.1987 625.8459 612.1404 590.7196 576.8163 567.1404 574.5961 592.6729 594.793 585.2915 573.8392 560.8834 541.2
367.189 356.5463 352.9307 349.4507 349.1289 350.0101 353.2825 356.7443 373.9781 394.0899 428.8113 470.0322 490.5201 511.7979 516.663 523.7045 533.1049 532.2817 510.8488 499.4846 490.4681 504.3707 519.5516 544.7164 570.6965 585.4202 588.3128 590.2675 604.1873 604.6447 609.8674 595.388 584.4465 547.9104 540.3826 533.3943 532.3372 533.4302 535.0981 535.8569 536.8709 531.3949 513.7903 480.1319 473.7497 459.2714 452.3676 438.4218 425.3615 420.6547 430.4423 442.6753 452.0618 450.1044 438.4366 435.1324 441.8156 473.435 489.0932 509.8344 541.4625 574.4882 625.5906 635.9005 639.7303 637.0214 622.2226 603.8051 582.8749 570.3922 574.8228 594.272 608.3774 619.2333 592.9649 575.6361 550.0436
358.1379 351.1835 345.9297 343.1634 342.8993 346.8097 351.6658 358.1349 376.1521 389.1384 413.8417 443.5152 460.6092 484.6878 497.9742 504.4548 520.8741 517.6679 499.5375 480.6512 469.9913 487.1069 512.1574 545.9836 563.6507 586.3455 595.0981 599.5914 608.8543 608.8688 604.8797 591.5121 575.3924 551.488 550.4465 548.7703 553.9603 557.7007 552.6736 551.5609 554.4018 546.2589 528.3998 521.7438 498.9572 488.0984 480.6104 470.3372 456.3487 453.9174 461.8944 469.5251 473.0795 464.1678 452.0215 447.0063 451.8943 477.2035 491.6102 512.6874 546.9299 581.6674 615.9265 630.4052 642.1042 651.9281 638.025 624.1756 609.2738 592.2083 590.5771 596.8086 609.7599 614.8857 608.6385 581.563 555.0467
350.6241 343.4544 340.0246 337.9746 338.7394 344.2411 350.5064 357.3812 371.8919 381.2522 397.8051 419.4298 430.9424 459.8845 470.3451 468.5719 469.7632 491.6407 478.843 468.9891 465.2498 471.3685 502.7247 536.3055 557.2531 588.4716 600.4841 609.7931 626.9264 627.2151 601.6102 586.4778 570.9717 553.2582 556.2349 561.4966 576.634 585.7696 578.6879 567.1027 563.3276 564.7359 547.2383 541.1755 524.0401 522.1376 509.3654 498.4428 482.201 475.1345 478.1368 487.4407 494.5042 485.6098 466.3127 458.1624 459.0994 475.0517 488.5721 511.2522 546.3891 575.2431 605.6735 620.6392 644.4004 650.4494 649.5911 640.4318 631.3157 614.3851 609.8317 606.4625 610.1976 612.3871 603.1446 577.4045 546.6937
342.0675 338.0876 334.506 334.8054 336.8666 342.2083 347.3673 352.8689 366.7883 368.2099 381.1997 396.0128 404.0058 423.3484 434.3596 445.8473 458.5944 471.9066 472.8308 468.9029 464.8527 467.132 495.5216 534.6486 552.7842 589.1498 601.3149 614.0338 636.6143 621.3384 599.3287 583.0972 563.0107 571.0016 570.626 573.9156 577.6511 583.2496 582.3672 577.2775 574.9803 569.0911 558.6309 558.4072 557.4813 548.1046 535.1814 523.812 507.9585 488.6961 482.8398 489.5898 510.3987 508.4372 491.9801 472.5383 467.7522 472.9778 487.8336 508.0147 538.6957 578.6161 589.0042 596.1514 621.7856 633.3595 644.4596 649.1772 648.3251 639.59 631.8009 622.5089 618.4041 615.981 599.1334 568.195 536.0769
340.1924 334.4467 328.7229 331.0252 333.3095 339.7869 344.8925 345.3264 356.8164 359.2935 367.8489 378.4727 386.4516 398.45 410.3776 439.4993 459.1219 484.1718 486.2349 488.7472 476.6812 473.7455 492.9005 523.0787 544.2558 580.4698 592.7948 614.3035 636.6662 622.5349 602.3354 577.9288 572.5356 573.6105 577.7026 589.6517 587.9188 589.9366 587.2271 587.2004 580.3735 578.7627 574.6854 576.714 578.3214 566.7194 551.0704 531.806 523.219 500.176 487.6398 491.7491 527.389 536.2728 524.8755 504.6857 480.358 472.5019 483.7881 501.7961 528.3904 563.9191 579.4363 585.5717 597.3956 609.6194 628.8108 643.8748 651.5288 655.5914 648.3543 639.655 630.8517 614.7147 599.1972 567.348 523.0125
340.399 330.8705 325.406 326.1789 329.2868 332.6594 336.6156 340.2367 350.0302 353.403 358.1572 366.2791 377.3381 387.1904 402.792 446.1263 473.6182 501.4595 517.9546 516.7275 502.4806 495.6625 497.037 512.324 531.3041 560.1485 575.8014 589.3655 624.6061 616.7216 600.2727 582.6829 572.8452 586.4487 591.2859 601.238 606.3871 606.2005 599.6328 586.7474 586.6982 582.7817 583.1998 584.3149 578.2571 575.1972 553.7446 529.9027 525.3751 509.6359 498.3892 501.2054 545.582 563.0032 560.9638 544.2806 524.5401 480.593 484.8738 500.6209 519.8595 553.4805 568.8021 573.2422 579.1336 587.1259 613.3706 636.6407 650.1681 666.2 655.8859 652.104 642.6259 616.0597 597.4628 567.4411 529.9271
336.9154 327.6502 319.4333 318.2066 321.4583 326.2334 333.7196 337.2829 345.6545 347.5691 351.2898 358.9269 373.2356 386.5231 405.0839 455.6036 471.2906 506.8306 529.668 538.4669 531.0126 514.3366 505.5417 506.9531 527.2221 539.4396 553.8615 587.806 616.1799 613.3379 603.2806 595.2655 594.709 606.2755 611.8652 618.2338 622.6593 613.3584 604.3331 591.9442 590.0016 592.0043 592.8927 594.5776 588.0385 567.8138 556.666 534.653 529.9601 515.3199 505.3394 511.5033 565.1007 585.2568 585.9164 576.3018 532.0333 512.0275 494.643 503.0145 515.3884 549.4393 563.6637 562.3877 569.5598 577.083 602.1191 631.4528 648.8243 668.6318 660.1633 655.0206 640.3507 614.3394 596.7953 567.8903 545.1625
332.7601 326.2245 321.5977 316.1635 321.3811 326.1198 331.7936 342.483 347.2583 347.1685 351.3807 357.5484 375.6577 390.6725 409.7273 458.7949 474.9349 505.9619 528.4493 544.1432 551.3299 537.8119 521.2379 508.406 513.3369 521.2544 532.4793 570.6924 589.9098 617.0668 619.1998 617.4059 633.2088 643.5261 645.7519 651.0706 628.9759 615.2728 604.5686 590.5588 591.803 601.1419 606.2881 605.1895 583.0085 569.9291 561.7831 547.2172 541.2971 521.5756 509.0094 516.9721 570.9953 584.3801 583.2398 579.6686 541.9034 521.1303 506.3769 509.5191 517.4465 546.6394 553.1096 561.9673 572.4592 577.2234 601.3298 629.2621 660.2755 672.3522 664.4554 648.7741 637.7632 612.7383 595.7239 573.6559 561.3844
326.5255 323.8688 324.6375 330.131 327.9389 331.2781 335.994 347.5943 352.1115 351.3918 353.6134 360.2927 381.3192 398.0725 417.4204 463.7527 479.3953 508.2239 527.9481 544.431 559.537 552.4618 527.5601 517.0305 509.5684 508.0335 513.5793 547.3223 566.6842 593.1971 623.7716 627.9361 649.0613 660.7418 665.7342 661.4164 638.7703 621.2163 607.2562 605.2831 611.3178 614.896 604.0248 598.9432 577.4084 565.592 562.2996 558.7422 554.1716 533.3683 517.0454 520.0266 562.814 571.1832 569.0502 565.9279 527.279 514.5104 509.2899 514.042 519.906 543.7265 550.0766 561.596 581.2748 595.7628 612.5513 635.7908 668.2501 678.6408 670.3579 652.0256 641.4944 618.011 601.1266 588.9873 584.3425
320.3837 322.0261 329.6748 334.7745 337.8723 339.9829 343.4863 353.8271 359.8275 359.5765 361.3821 368.9531 394.5806 410.3914 431.4659 474.3047 500.3087 512.9697 530.5315 549.4 556.652 557.5278 543.9462 528.4006 510.0692 503.5288 505.0408 522.3829 540.1831 568.8154 605.9893 622.6817 646.3191 661.1437 663.7507 659.6577 644.6119 637.9503 631.5599 631.8901 628.5872 622.5103 599.2874 587.8941 570.4302 561.7439 564.7635 573.0577 563.0685 547.3848 530.1323 531.7247 547.0926 554.8375 548.3249 536.2807 510.7769 503.372 501.5918 509.987 519.4155 542.7439 556.3549 571.4543 599.8327 619.3155 635.3537 658.609 686.1309 697.712 694.5318 662.1555 648.7189 622.2238 602.8674 591.2725 590.5684
316.343 320.7571 331.8472 337.145 344.5138 349.2653 354.0291 365.2192 370.4326 370.221 375.8414 386.2862 419.9383 445.923 457.0146 498.2148 506.6662 517.6472 527.8982 540.4323 547.1832 554.149 553.0505 542.0754 510.1806 500.2326 493.0208 506.453 520.4845 542.4019 562.875 610.1403 625.5146 643.5936 649.9034 649.4819 658.4175 666.8687 669.0892 651.0951 636.8593 621.9205 588.2488 572.9572 564.4149 566.3203 571.6454 579.5457 577.2642 561.0776 545.8488 521.8751 522.4714 522.1872 515.7623 510.313 503.6202 502.1896 503.9772 516.1526 522.8589 548.8066 572.0562 604.3055 633.7025 644.849 667.3333 683.1149 715.9296 724.4131 722.1705 679.4302 656.3712 623.0713 602.323 590.2621 591.1627
317.0824 321.6101 330.8717 335.6654 343.9919 353.0172 359.4248 373.7511 381.5154 387.4362 402.215 429.981 452.9531 478.3335 501.2336 499.2397 508.4193 516.2579 519.0403 526.4993 536.9277 546.5001 555.9555 548.0605 517.3626 504.9475 490.9973 487.2475 503.316 516.7472 536.1347 567.3274 593.5343 616.0508 630.8699 637.4508 660.8362 678.2364 679.1873 656.5351 640.818 622.9587 586.9419 575.0982 570.1098 572.6313 585.4532 598.3621 591.9742 571.2521 556.795 515.9265 504.1485 498.0017 498.3242 502.1904 510.2436 511.7553 515.4854 530.5477 547.2768 566.0837 597.9576 646.9097 658.0687 662.3728 681.1835 697.3378 742.3185 763.0181 763.5308 710.48 662.8566 629.9872 607.2388 594.0447 590.0433
314.8733 320.0228 330.5681 335.5858 344.7996 354.52 361.7061 380.9571 394.8579 410.545 434.364 458.661 475.8592 489.4659 498.5044 499.8296 501.4995 505.7281 508.3977 516.8333 523.9435 537.7562 549.037 547.2162 526.2216 510.2346 499.054 476.0655 481.2853 495.3202 510.7679 547.045 563.0793 585.2121 609.6741 617.4519 648.3028 668.8434 676.9371 653.9574 640.4249 627.4527 597.6196 575.1221 577.9089 586.002 611.1375 617.105 611.2634 587.8425 564.8992 521.9863 507.0853 500.6064 505.8893 512.9132 521.9779 523.8832 528.5296 542.4386 564.0793 587.6387 616.9868 670.2744 678.7084 682.0695 691.4254 701.1133 754.9649 785.311 790.1307 744.5521 704.9237 645.8002 628.7643 598.9558 593.7616
311.1096 318.1115 330.6033 335.6818 345.4565 356.2585 371.4963 384.8958 403.4082 438.5024 455.2499 465.7987 470.1367 473.5878 474.7315 481.0693 499.7391 504.0265 502.9854 506.3465 516.5314 526.0214 540.2144 543.1166 538.8517 523.3949 493.2337 475.6611 468.0502 478.1797 493.0503 522.5532 543.2728 561.366 590.2495 600.0944 631.2164 658.5276 677.8687 651.1943 643.7716 630.5717 594.2418 579.7322 585.1282 596.1797 625.1282 634.7643 625.0593 607.7155 583.3931 538.0878 525.7824 524.4406 532.3772 537.8551 534.6866 534.3339 544.1061 555.0217 576.6531 600.0809 621.641 678.6425 693.1469 700.3433 705.7401 716.4173 762.8204 793.2021 801.4261 782.798 757.4705 735.5432 656.6548 618.0833 606.9673
313.7574 318.8427 331.1106 336.5699 341.9991 352.3888 368.0294 380.8478 398.4206 429.7274 440.4231 446.549 445.6988 442.6263 442.5858 449.6639 481.3619 489.8098 493.0525 501.841 507.8461 518.2694 528.7996 541.6646 546.3575 540.9648 508.8018 484.4022 466.29 461.3924 471.6227 506.3403 520.6501 536.7878 564.0418 585.0439 621.8967 645.2231 664.5991 649.5298 645.2174 620.0938 599.4568 590.567 592.7906 602.8933 633.2198 643.7564 641.595 625.3801 602.6838 557.3334 538.7086 545.223 551.9138 552.2756 549.438 547.4777 558.6906 570.4307 588.4355 605.2275 627.9523 678.0021 698.1326 720.9553 729.387 734.7554 792.696 814.6251 825.274 824.267 813.6687 800.1961 770.8138 644.5356 627.204
313.9567 317.209 326.8213 332.7418 339.0665 347.5302 360.4548 371.3782 384.5864 406.1828 410.6913 414.1894 411.7776 410.427 411.9615 420.3398 431.3384 465.652 480.2137 492.2127 503.7984 516.9741 523.0913 537.5244 551.1733 551.172 516.8159 500.2704 469.36 454.1817 461.5554 487.1617 506.9856 519.9314 554.4127 588.4555 616.6117 629.7957 639.6617 642.2419 638.9191 618.9233 604.1912 587.7818 593.188 600.8682 626.0435 637.1351 651.4673 642.6399 616.8052 574.1392 572.8085 578.166 584.8427 580.6265 573.9535 568.6054 574.2432 582.999 600.738 616.9135 631.8563 682.212 709.1292 735.3242 771.7845 793.5308 837.2864 858.7578 871.218 876.5946 861.4139 829.6092 796.8668 698.043 649.5225
339.6917 323.8872 324.8178 328.6474 335.5668 339.2904 351.8524 362.4829 372.52 384.2348 386.4801 386.9566 387.8723 385.6784 388.4223 396.5399 407.2307 432.8026 458.5342 472.948 489.8043 508.0927 515.591 532.9529 549.6709 552.8753 527.4596 510.9024 477.2375 451.2209 450.3502 474.3981 495.2859 517.0844 545.5547 571.9413 596.0574 604.7498 614.8152 617.4762 615.8981 605.0161 591.0957 577.638 576.5518 589.813 606.6765 617.7742 640.1204 635.0867 614.4249 595.3958 605.6558 633.1451 649.2548 621.3552 603.8637 593.1567 590.0915 596.2927 611.657 627.0976 639.2529 687.9037 719.7605 753.7567 805.5356 851.9802 903.5092 934.6664 961.1008 941.6411 894.3445 835.1594 795.2949 705.7122 669.7479
374.9866 338.0925 329.5209 325.3971 327.248 331.5712 344.6435 354.4612 362.2739 368.5223 368.7634 368.6239 367.5283 368.4332 370.9799 378.0876 388.9661 397.4597 431.2576 451.9253 470.1092 499.1053 507.4459 525.2775 543.1295 547.6103 528.0811 509.6302 482.096 448.6836 449.1554 464.4839 490.0628 530.1711 548.8033 563.0072 575.4761 574.4906 584.0637 589.6665 591.1614 579.56 570.1697 562.3129 563.6987 569.5902 589.6678 601.8857 612.4976 609.6234 598.6719 606.4177 630.2276 682.7928 699.0789 701.0449 664.8978 634.7095 611.4246 613.2453 625.0731 634.1544 642.7519 688.3724 718.4265 756.4518 822.3928 906.399 955.518 978.1194 969.0753 939.457 884.5969 821.4844 782.6573 705.7494 693.076
402.4674 381.6819 344.5801 328.922 322.5211 327.0757 340.9101 348.5166 351.8551 354.3892 356.67 356.5714 354.6747 354.0496 356.6209 363.7962 377.3851 385.3403 411.9325 434.5354 449.738 477.7482 494.884 514.1632 528.4906 532.2969 520.4163 506.8264 482.4565 444.9627 441.9883 457.4133 486.6795 535.1214 553.5176 556.2167 556.1631 553.0384 562.5753 572.6405 572.5154 558.6221 553.7964 553.7612 559.3425 569.6458 577.0813 583.5431 585.165 580.6275 586.7656 603.9003 640.5411 705.0126 725.1824 734.6573 727.8511 687.6956 661.8264 646.6691 643.7446 646.3014 656.5446 691.2958 718.7017 786.938 835.93 943.0083 991.2309 1012.89 989.8327 955.7881 871.8992 797.6661 756.4503 702.6258 692.5077
402.676 399.2638 364.5144 341.3382 325.1757 327.0342 337.4951 341.1273 341.3948 341.1599 345.2031 347.5784 344.8517 340.5491 347.559 354.2101 371.8418 384.6324 411.9722 426.5117 435.001 456.0864 475.2485 502.3626 510.2597 513.5859 510.9088 495.8411 472.9258 440.5348 433.7108 451.0885 481.0574 533.6452 553.8161 552.1213 547.6888 546.7134 560.0493 569.0964 566.0257 556.0674 552.8678 561.3713 573.1694 583.7382 587.4355 580.0056 570.2219 560.822 569.8666 589.8284 628.0258 692.6201 713.1636 733.8679 738.5243 738.2134 700.2138 692.6235 688.9775 683.2386 692.358 710.9746 739.3766 822.0563 876.9755 970.0815 1019.354 1034.817 1001.811 962.6199 865.5359 781.7407 735.4866 704.8804 703.1164
