Model and model input files/precip_1999.asc
ncols         625
nrows         453
xllcorner     138621.56993419
yllcorner     4094031.9406744
cellsize      1000
NODATA_value  -9999
[rows 0 to 33 of 453, columns 154 to 230 of 625]
355.95 355.95 391.5232 396.33 396.33 396.33 455.78 455.78 455.78 511.6946 519.25 519.25 519.25 627.05 627.05 627.05 627.05 578.44 578.44 578.44 550.17 550.17 550.17 550.17 624.76 624.76 624.76 646.73 646.73 646.73 646.73 663 663 663 748.06 748.06 748.06 748.06 885.69 885.69 885.69 959.48 959.48 959.48 1033.604 1043.62 1043.62 1043.62 965.32 965.32 965.32 914.9202 908.11 908.11 908.11 953.62 953.62 953.62 955.2922 1147.92 1147.92 1147.92 1334.79 1334.79 1334.79 1334.79 1231.52 1231.52 1231.52 -9999 -9999 -9999 -9999 -9999 -9999 -9999 -9999
355.95 355.95 392.075 396.33 396.33 396.33 456.3485 455.78 455.78 512.5618 519.25 519.25 519.25 627.05 627.05 627.05 583.5623 578.44 578.44 578.44 549.8997 550.17 550.17 546.1281 624.76 624.76 624.76 646.9401 646.73 646.73 645.8483 663 663 663 748.8734 748.06 748.06 740.6022 885.69 885.69 885.69 960.1856 959.48 959.48 1034.754 1043.62 1043.62 1043.62 964.5713 965.32 965.32 914.1385 908.11 908.11 908.11 954.0552 953.62 953.62 1127.446 1147.92 1147.92 1147.92 1336.577 1334.79 1334.79 1340.386 1231.52 1231.52 1231.52 -9999 -9999 -9999 -9999 -9999 -9999 -9999 -9999
355.95 355.95 392.075 396.33 396.33 396.33 456.3485 455.78 455.78 512.5618 519.25 519.25 519.25 627.05 627.05 627.05 583.5623 578.44 578.44 579.9719 550.17 550.17 550.17 546.1281 624.76 624.76 624.76 646.9401 646.73 646.73 645.8483 663 663 663 748.8734 748.06 748.06 740.6022 885.69 885.69 885.69 960.1856 959.48 959.48 1034.754 1043.62 1043.62 1043.62 964.5713 965.32 965.32 914.1385 908.11 908.11 908.11 954.0552 953.62 953.62 1127.446 1147.92 1147.92 1147.92 1334.79 1334.79 1334.79 1340.386 1231.52 1231.52 1231.52 -9999 -9999 -9999 -9999 -9999 -9999 -9999 -9999
357.34 357.34 391.0853 395.06 395.06 395.06 409.7088 409.57 409.57 430.8442 433.35 433.35 433.35 477.44 477.44 477.44 474.6309 468.6569 578.44 579.9719 550.17 550.17 550.17 616.9001 624.76 624.76 624.76 646.9401 646.73 646.73 645.8483 663 663 663 748.8734 748.06 748.06 740.6022 885.69 885.69 885.69 960.1856 959.48 959.48 1034.754 1043.62 1043.62 1043.62 964.5713 965.32 965.32 914.1385 908.11 908.11 908.11 954.0552 953.62 953.62 1127.446 1147.92 1147.92 1147.92 1334.79 1334.79 1334.79 1242.402 1231.52 1231.52 1231.52 -9999 -9999 -9999 -9999 -9999 -9999 -9999 -9999
357.34 357.34 391.0853 395.06 395.06 395.06 409.7088 409.57 409.57 430.8442 433.35 433.35 433.35 477.44 477.44 477.44 474.6309 474.3 474.3 472.4788 507.91 507.91 507.91 521.061 522.61 522.61 521.7262 538.92 538.92 538.92 538.0345 555.26 555.26 555.26 551.7972 551.83 551.83 541.3361 745.49 745.49 745.49 1021.363 1018.75 1018.75 1067.122 1072.82 1072.82 1072.82 1051.619 1051.82 1051.82 927.2345 912.56 912.56 912.56 924.9575 924.84 924.84 1055.89 1147.92 1147.92 1147.92 1334.79 1334.79 1334.79 1242.402 1231.52 1231.52 1250.709 -9999 -9999 -9999 -9999 -9999 -9999 -9999 -9999
357.34 357.34 391.0853 395.06 395.06 395.06 409.7088 409.57 409.57 430.8442 433.35 433.35 433.35 477.44 477.44 477.44 474.6309 474.3 474.3 472.4788 507.91 507.91 507.91 521.061 522.61 522.61 521.7262 538.92 538.92 538.92 553.5382 555.26 555.26 555.26 551.7972 551.83 551.83 541.3361 745.49 745.49 745.49 1021.363 1018.75 1018.75 1067.122 1072.82 1072.82 1072.82 1051.619 1051.82 1051.82 927.2345 912.56 912.56 912.56 924.9575 924.84 924.84 1059.803 1075.7 1075.7 1075.7 1255.56 1255.56 1255.56 1192.793 1185.4 1185.4 1199.51 -9999 -9999 -9999 -9999 -9999 -9999 -9999 -9999
357.34 357.34 391.0853 395.06 395.06 395.06 409.7088 409.57 409.57 430.8442 433.35 433.35 433.35 477.44 477.44 477.44 474.6309 474.3 474.3 472.4788 507.91 507.91 507.91 521.061 522.61 522.61 521.7262 538.92 538.92 538.92 553.5382 555.26 555.26 555.26 551.7972 551.83 551.83 541.3361 745.49 745.49 745.49 1021.363 1018.75 1018.75 1067.122 1072.82 1072.82 1072.82 1051.619 1051.82 1051.82 927.2345 912.56 912.56 912.56 924.9575 924.84 924.84 1059.803 1075.7 1075.7 1075.7 1255.56 1255.56 1255.56 1192.793 1185.4 1185.4 1199.51 -9999 -9999 -9999 -9999 -9999 -9999 -9999 -9999
357.34 357.34 391.0853 395.06 395.06 395.06 409.7088 409.57 409.57 430.8442 433.35 433.35 433.35 477.44 477.44 477.44 474.6309 474.3 474.3 472.4788 507.91 507.91 507.91 521.061 522.61 522.61 521.7262 538.92 538.92 538.92 553.5382 555.26 555.26 555.4459 551.83 551.83 551.83 541.3361 745.49 745.49 745.49 1021.363 1018.75 1018.75 1067.122 1072.82 1072.82 1072.82 1051.619 1051.82 1051.82 927.2345 912.56 912.56 912.56 924.9575 924.84 924.84 1059.803 1075.7 1075.7 1075.7 1255.56 1255.56 1255.56 1192.793 1185.4 1185.4 1199.51 -9999 -9999 -9999 -9999 -9999 -9999 -9999 -9999
480.86 480.86 460.1034 460.3 460.3 460.3 471.2133 471.11 471.11 569.1609 580.71 580.71 580.71 564.38 564.38 564.38 563.3154 563.19 563.19 561.0306 603.04 603.04 603.04 568.4717 564.4 564.4 562.1453 606.01 606.01 606.01 634.0297 637.33 637.33 639.213 602.58 557.1778 551.83 725.0831 745.49 745.49 745.49 1021.363 1018.75 1018.75 1067.122 1072.82 1072.82 1072.82 1051.619 1051.82 1051.82 927.2345 912.56 912.56 912.56 924.9575 924.84 924.84 1059.803 1075.7 1075.7 1075.7 1255.56 1255.56 1255.56 1192.793 1185.4 1185.4 1199.51 -9999 -9999 -9999 -9999 -9999 -9999 -9999 -9999
480.86 480.86 460.1034 460.3 460.3 460.3 471.2133 471.11 471.11 569.1609 580.71 580.71 580.71 564.38 564.38 564.38 563.3154 563.19 563.19 561.0306 603.04 603.04 603.04 568.4717 564.4 564.4 562.1453 606.01 606.01 606.01 634.0297 637.33 637.33 639.213 602.58 602.58 602.58 661.7863 668.76 668.76 659.417 841.18 841.18 841.18 888.0762 893.6 893.6 893.6 1108.051 1106.02 1106.02 1128.055 1130.65 1130.65 1130.65 1106.895 1107.12 1107.12 1262.507 1280.81 1280.81 1280.81 1504.9 1504.9 1504.9 1261.642 1232.99 1232.99 1246.531 -9999 -9999 -9999 -9999 -9999 -9999 -9999 -9999
480.86 480.86 460.1034 460.3 460.3 459.7142 471.11 471.11 471.11 569.1609 580.71 580.71 580.71 564.38 564.38 564.38 563.3154 563.19 563.19 561.0306 603.04 603.04 603.04 568.4717 564.4 564.4 562.1453 606.01 606.01 606.01 634.0297 637.33 637.33 639.213 602.58 602.58 602.58 661.7863 668.76 668.76 659.417 841.18 841.18 841.18 894.1013 893.6 893.6 893.6 1108.051 1106.02 1106.02 1128.055 1130.65 1130.65 1130.65 1106.895 1107.12 1107.12 1262.507 1280.81 1280.81 1280.81 1504.9 1504.9 1504.9 1261.642 1232.99 1232.99 1246.531 -9999 -9999 -9999 -9999 -9999 -9999 -9999 -9999
480.86 480.86 460.1034 460.3 460.3 459.7142 471.11 471.11 471.11 581.7581 580.71 580.71 580.71 564.38 564.38 564.38 563.3154 563.19 563.19 561.0306 603.04 603.04 603.04 568.4717 564.4 564.4 562.1453 606.01 606.01 606.01 634.0297 637.33 637.33 639.213 602.58 602.58 602.58 661.7863 668.76 668.76 659.417 841.18 841.18 841.18 894.1013 893.6 893.6 893.6 1108.051 1106.02 1106.02 1128.055 1130.65 1130.65 1130.65 1106.895 1107.12 1107.12 1262.507 1280.81 1280.81 1280.81 1504.9 1504.9 1504.9 1261.642 1232.99 1232.99 1246.531 -9999 -9999 -9999 -9999 -9999 -9999 -9999 -9999
718.49 718.49 645.1787 460.3 460.3 459.7142 471.11 471.11 471.11 581.7581 580.71 580.71 581.5949 564.38 564.38 564.38 563.3154 563.19 563.19 561.0306 603.04 603.04 603.04 568.4717 564.4 564.4 562.1453 606.01 606.01 606.01 634.0297 637.33 637.33 639.213 602.58 602.58 602.58 661.7863 668.76 668.76 659.417 841.18 841.18 841.18 894.1013 893.6 893.6 882.0895 1106.02 1106.02 1106.02 1128.055 1130.65 1130.65 1130.65 1106.895 1107.12 1107.12 1262.507 1280.81 1280.81 1280.81 1504.9 1504.9 1504.9 1261.642 1232.99 1232.99 1246.531 -9999 -9999 -9999 -9999 -9999 -9999 -9999 -9999
718.49 718.49 635.6352 636.42 636.42 643.6708 502.61 502.61 502.61 609.2198 608.21 608.21 606.3871 641.85 641.85 641.85 661.0822 660.9 660.9 663.6441 610.26 610.26 610.26 646.3849 650.64 650.64 650.1556 659.58 659.58 659.58 809.877 827.58 827.58 824.3201 887.74 887.74 887.74 735.5285 717.6 717.6 716.5244 737.45 737.45 737.45 864.3924 863.19 863.19 857.7458 963.66 963.66 963.66 1203.471 1201.2 1201.2 1205.023 1106.895 1107.12 1107.12 1262.507 1280.81 1280.81 1280.81 1504.9 1504.9 1504.9 1261.642 1232.99 1232.99 1246.531 -9999 -9999 -9999 -9999 -9999 -9999 -9999 -9999
718.49 718.49 635.6352 636.42 636.42 643.6708 502.61 502.61 502.61 609.2198 608.21 608.21 606.3871 641.85 641.85 641.85 661.0822 660.9 660.9 615.5962 610.26 610.26 610.26 646.3849 650.64 650.64 650.1556 659.58 659.58 659.58 809.877 827.58 827.58 824.3201 887.74 887.74 887.74 735.5285 717.6 717.6 716.5244 737.45 737.45 737.45 864.3924 863.19 863.19 857.7458 963.66 963.66 963.66 1203.471 1201.2 1201.2 1196.945 1279.73 1279.73 1279.73 1369.658 1380.25 1380.25 1380.25 1503.34 1503.34 1503.34 1455.182 1449.51 1449.51 1469.644 -9999 -9999 -9999 -9999 -9999 -9999 -9999 -9999
718.49 718.49 635.6352 636.42 636.42 643.6708 502.61 502.61 502.61 609.2198 608.21 608.21 606.3871 641.85 641.85 641.85 661.0822 660.9 660.9 615.5962 610.26 610.26 610.26 646.3849 650.64 650.64 650.1556 659.58 659.58 659.58 809.877 827.58 827.58 824.3201 887.74 887.74 887.74 735.5285 717.6 717.6 716.5244 737.45 737.45 737.45 864.3924 863.19 863.19 857.7458 963.66 963.66 963.66 1203.471 1201.2 1201.2 1196.945 1279.73 1279.73 1279.73 1369.658 1380.25 1380.25 1380.25 1503.34 1503.34 1503.34 1455.182 1449.51 1449.51 1469.644 -9999 -9999 -9999 -9999 -9999 -9999 -9999 -9999
718.49 718.49 635.6352 636.42 636.42 643.6708 502.61 502.61 502.61 609.2198 608.21 608.21 606.3871 641.85 641.85 641.85 661.0822 660.9 660.9 615.5962 610.26 610.26 610.26 651.0261 650.64 650.64 650.1556 659.58 659.58 659.58 809.877 827.58 827.58 824.3201 887.74 887.74 887.74 735.5285 717.6 717.6 716.5244 737.45 737.45 737.45 864.3924 863.19 863.19 857.7458 963.66 963.66 963.66 1203.471 1201.2 1201.2 1196.945 1279.73 1279.73 1279.73 1381.211 1380.25 1380.25 1380.25 1503.34 1503.34 1503.34 1455.182 1449.51 1449.51 1469.644 -9999 -9999 -9999 -9999 -9999 -9999 -9999 -9999
602.74 602.74 665.0704 664.48 664.48 663.2889 686.46 686.46 686.46 596.5989 597.45 597.45 595.3199 636.76 636.76 636.76 826.5577 824.76 824.76 615.5962 610.26 610.26 610.26 651.0261 650.64 650.64 658.6379 659.58 659.58 659.58 809.877 827.58 827.58 824.3201 887.74 887.74 887.74 735.5285 717.6 717.6 716.5244 737.45 737.45 737.45 864.3924 863.19 863.19 857.7458 963.66 963.66 963.66 1203.471 1201.2 1201.2 1196.945 1279.73 1279.73 1279.73 1381.211 1380.25 1380.25 1380.25 1503.34 1503.34 1503.34 1455.182 1449.51 1449.51 1469.644 -9999 -9999 -9999 -9999 -9999 -9999 -9999 -9999
602.74 602.74 665.0704 664.48 664.48 663.2889 686.46 686.46 686.46 596.5989 597.45 597.45 595.3199 636.76 636.76 636.76 826.5577 824.76 824.76 806.1518 803.96 803.96 803.96 780.3463 780.57 780.57 706.7366 698.04 698.04 698.04 773.6716 782.58 782.58 770.6295 1003.12 1003.12 1003.12 862.4223 845.85 845.85 847.8517 808.91 808.91 808.91 891.9163 891.13 891.13 887.1738 964.14 964.14 964.14 1202.498 1200.24 1200.24 1195.397 1289.61 1289.61 1289.61 1494.4 1492.46 1392.074 1373.58 1503.34 1503.34 1503.34 1455.182 1449.51 1449.51 1469.644 -9999 -9999 -9999 -9999 -9999 -9999 -9999 -9999
602.74 602.74 665.0704 664.48 664.48 663.2889 686.46 686.46 686.46 596.5989 597.45 597.45 595.3199 636.76 636.76 636.76 826.5577 824.76 824.76 806.1518 803.96 803.96 803.96 780.3463 780.57 780.57 706.7366 698.04 698.04 698.04 783.3884 782.58 782.58 770.6295 1003.12 1003.12 1003.12 862.4223 845.85 845.85 847.8517 808.91 808.91 808.91 891.9163 891.13 891.13 887.1738 964.14 964.14 964.14 1202.498 1200.24 1200.24 1195.397 1289.61 1289.61 1289.61 1494.4 1492.46 1492.46 1490.841 1522.34 1522.34 1522.34 1565.59 1565.18 1565.18 1582.782 -9999 -9999 -9999 -9999 -9999 -9999 -9999 -9999
602.74 599.3945 664.48 664.48 664.48 663.2889 686.46 686.46 686.46 596.5989 597.45 597.45 595.3199 636.76 636.76 636.76 826.5577 824.76 824.76 806.1518 803.96 803.96 803.96 780.3463 780.57 780.57 706.7366 698.04 698.04 698.04 783.3884 782.58 782.58 979.8806 1003.12 1003.12 1003.12 862.4223 845.85 845.85 847.8517 808.91 808.91 808.91 891.9163 891.13 891.13 887.1738 964.14 964.14 964.14 1202.498 1200.24 1200.24 1195.397 1289.61 1289.61 1289.61 1494.4 1492.46 1492.46 1490.841 1522.34 1522.34 1522.34 1565.59 1565.18 1565.18 1582.782 -9999 -9999 -9999 -9999 -9999 -9999 -9999 -9999
602.74 599.3945 664.48 664.48 664.48 684.1439 686.46 686.46 686.46 596.5989 597.45 597.45 595.3199 636.76 636.76 636.76 826.5577 824.76 824.76 806.1518 803.96 803.96 803.96 780.3463 780.57 780.57 706.7366 698.04 698.04 698.04 783.3884 782.58 782.58 979.8806 1003.12 1003.12 1003.12 844.3461 845.85 845.85 847.8517 808.91 808.91 808.91 891.9163 891.13 891.13 887.1738 964.14 964.14 964.14 1202.498 1200.24 1200.24 1195.397 1289.61 1289.61 1289.61 1494.4 1492.46 1492.46 1490.841 1522.34 1522.34 1522.34 1565.59 1565.18 1565.18 1274.579 -9999 -9999 -9999 -9999 -9999 -9999 -9999 -9999
763.69 752.0852 977.85 977.85 977.85 1088.73 1101.79 1101.79 1101.79 861.4838 863.76 863.76 870.936 731.33 731.33 731.33 775.4378 775.02 775.02 759.3282 757.48 757.48 757.48 789.3721 789.07 789.07 771.1149 769 769 769 851.1985 850.42 850.42 925.3717 934.2 934.2 995.8575 844.3461 845.85 845.85 847.8517 808.91 808.91 808.91 891.9163 891.13 891.13 887.1738 964.14 964.14 964.14 1202.498 1200.24 1200.24 1195.397 1289.61 1289.61 1289.61 1494.4 1492.46 1492.46 1490.841 1522.34 1522.34 1522.34 1565.59 1565.18 1565.18 1274.579 -9999 -9999 -9999 -9999 -9999 -9999 -9999 -9999
763.69 752.0852 977.85 977.85 977.85 1088.73 1101.79 1101.79 1114.688 863.76 863.76 863.76 870.936 731.33 731.33 731.33 775.4378 775.02 775.02 759.3282 757.48 757.48 757.48 789.3721 789.07 789.07 771.1149 769 769 769 851.1985 850.42 850.42 925.3717 934.2 934.2 934.2 803.0578 804.3 804.3 825.601 828.11 828.11 828.11 893.4994 892.88 892.88 882.9014 1077.03 1077.03 1077.03 1206.607 1205.38 1205.38 1216.786 994.89 994.89 994.89 1168.222 1166.58 1166.58 1145.822 1549.65 1549.65 1549.65 1603.268 1602.76 1602.76 1442.005 -9999 -9999 -9999 -9999 -9999 -9999 -9999 -9999
763.69 752.0852 977.85 977.85 977.85 1088.73 1101.79 1101.79 1114.688 863.76 863.76 863.76 745.2849 731.33 731.33 731.33 775.4378 775.02 775.02 759.3282 757.48 757.48 757.48 789.3721 789.07 789.07 771.1149 769 769 769 851.1985 850.42 850.42 925.3717 934.2 934.2 934.2 803.0578 804.3 804.3 825.601 828.11 828.11 828.11 893.4994 892.88 892.88 882.9014 1077.03 1077.03 1077.03 1206.607 1205.38 1205.38 1216.786 994.89 994.89 994.89 1168.222 1166.58 1166.58 1145.822 1549.65 1549.65 1549.65 1603.268 1602.76 1602.76 1442.005 -9999 -9999 -9999 -9999 -9999 -9999 -9999 -9999
763.69 752.0852 977.85 977.85 977.85 1088.73 1101.79 1101.79 1114.688 863.76 863.76 863.76 745.2849 731.33 731.33 728.9626 775.02 775.02 775.02 759.3282 757.48 757.48 757.48 789.3721 789.07 789.07 771.1149 769 769 769 851.1985 850.42 850.42 925.3717 934.2 934.2 934.2 803.0578 804.3 804.3 825.601 828.11 828.11 828.11 892.88 892.88 892.88 882.9014 1077.03 1077.03 1077.03 1206.607 1205.38 1205.38 1216.786 994.89 994.89 994.89 1168.222 1166.58 1166.58 1145.822 1549.65 1549.65 1549.65 1603.268 1602.76 1602.76 1442.005 -9999 -9999 -9999 -9999 -9999 -9999 -9999 -9999
773.88 747.3168 1264.09 1264.09 1264.09 1506.015 1534.51 1534.51 1548.863 1269.63 1269.63 1269.63 1062.748 1038.38 1038.38 761.3179 775.02 775.02 775.02 759.3282 757.48 757.48 757.48 789.3721 789.07 789.07 771.1149 769 769 769 851.1985 850.42 850.42 925.3717 934.2 934.2 934.2 803.0578 804.3 804.3 825.601 828.11 828.11 828.11 892.88 892.88 892.88 1057.625 1077.03 1077.03 1077.03 1206.607 1205.38 1205.38 1216.786 994.89 994.89 994.89 1168.222 1166.58 1166.58 1145.822 1549.65 1549.65 1549.65 1603.268 1602.76 1602.76 1442.005 -9999 -9999 -9999 -9999 -9999 -9999 -9999 -9999
773.88 747.3168 1264.09 1264.09 1264.09 1506.015 1534.51 1534.51 1548.863 1269.63 1269.63 1269.63 1062.748 1038.38 1038.38 1035.842 1085.22 1085.22 1085.22 913.2915 914.92 914.92 914.92 901.5635 901.69 901.69 794.3618 781.72 781.72 781.72 982.0273 980.13 980.13 886.3912 875.35 875.35 875.35 704.8752 706.49 706.49 663.6464 658.6 658.6 658.6 670.89 670.89 670.89 749.5096 758.77 758.77 758.77 779.8396 779.64 779.64 777.7462 814.59 996.6141 994.89 1168.222 1166.58 1166.58 1145.822 1549.65 1549.65 1549.65 1603.268 1602.76 1602.76 1442.005 -9999 -9999 -9999 -9999 -9999 -9999 -9999 -9999
773.88 747.3168 1264.09 1264.09 1264.09 1506.015 1534.51 1534.51 1548.863 1269.63 1269.63 1269.63 1062.748 1038.38 1038.38 1035.842 1085.22 1085.22 1085.22 913.2915 914.92 914.92 915.6369 901.69 901.69 901.69 794.3618 781.72 781.72 781.72 982.0273 980.13 980.13 886.3912 875.35 875.35 875.35 704.8752 706.49 706.49 663.6464 658.6 658.6 658.6 670.89 670.89 670.89 749.5096 758.77 758.77 757.6391 779.64 779.64 779.64 777.7462 814.59 814.59 814.59 949.6695 948.39 948.39 931.6396 1257.51 1257.51 1257.51 1453.113 1451.26 1451.26 1470.978 -9999 -9999 -9999 -9999 -9999 -9999 -9999 -9999
773.88 747.3168 1264.09 1264.09 1264.09 1506.015 1534.51 1534.51 1548.863 1269.63 1269.63 1269.63 1062.748 1038.38 1038.38 1035.842 1085.22 1085.22 1085.22 913.2915 914.92 914.92 915.6369 901.69 901.69 901.69 794.3618 781.72 781.72 781.72 982.0273 980.13 980.13 886.3912 875.35 875.35 875.35 704.8752 706.49 706.49 663.6464 658.6 658.6 658.6 670.89 670.89 670.89 749.5096 758.77 758.77 757.6391 779.64 779.64 779.64 777.7462 814.59 814.59 814.59 949.6695 948.39 948.39 931.6396 1257.51 1257.51 1257.51 1453.113 1451.26 1451.26 1470.978 -9999 -9999 -9999 -9999 -9999 -9999 -9999 -9999
773.88 747.3168 1264.09 1264.09 1264.09 1506.015 1534.51 1534.51 1548.863 1269.63 1269.63 1269.63 1062.748 1038.38 1038.38 1035.842 1085.22 1085.22 1085.22 913.2915 914.92 914.92 915.6369 901.69 901.69 901.69 780.5728 781.72 781.72 781.72 982.0273 980.13 980.13 886.3912 875.35 875.35 875.35 704.8752 706.49 706.49 663.6464 658.6 658.6 658.6 670.89 670.89 670.89 749.5096 758.77 758.77 757.6391 779.64 779.64 779.64 810.9072 814.59 814.59 814.59 949.6695 948.39 948.39 931.6396 1257.51 1257.51 1257.51 1453.113 1451.26 1451.26 1470.978 -9999 -9999 -9999 -9999 -9999 -9999 -9999 -9999
677.35 759.244 768.89 768.89 768.89 923.678 941.91 941.91 934.806 1073.01 1073.01 1073.01 865.8328 841.43 841.43 843.8115 797.48 797.48 797.48 769.3637 769.63 769.63 772.5778 715.23 715.23 715.23 707.8905 707.96 707.96 694.1075 963.6 963.6 962.7043 886.3912 875.35 875.35 875.35 704.8752 706.49 706.49 663.6464 658.6 658.6 658.6 670.89 670.89 670.89 749.5096 758.77 758.77 757.6391 779.64 779.64 779.64 810.9072 814.59 814.59 814.59 949.6695 948.39 948.39 931.6396 1257.51 1257.51 1257.51 1453.113 1451.26 1451.26 1470.978 -9999 -9999 -9999 -9999 -9999 -9999 -9999 -9999
677.35 759.244 768.89 768.89 768.89 923.678 941.91 941.91 934.806 1073.01 1073.01 1073.01 865.8328 841.43 841.43 843.8115 797.48 797.48 797.48 769.3637 769.63 769.63 772.5778 715.23 715.23 715.23 707.8905 707.96 707.96 694.1075 963.6 963.6 963.6 1011.829 1017.51 1017.51 1017.51 753.1965 755.7 755.7 660.9771 649.82 649.82 649.82 624.16 624.16 624.16 600.9534 598.22 598.22 599.5839 573.05 573.05 573.05 692.2319 706.27 706.27 693.0168 950.85 950.85 950.85 928.3562 1365.96 1365.96 1365.96 1546.52 1544.81 1544.81 1302.402 -9999 -9999 -9999 -9999 -9999 -9999 -9999 -9999
677.35 759.244 768.89 768.89 768.89 943.5645 941.91 941.91 934.806 1073.01 1073.01 1073.01 865.8328 841.43 841.43 843.8115 797.48 797.48 797.48 769.3637 769.63 769.63 772.5778 715.23 715.23 715.23 707.8905 707.96 707.96 694.1075 963.6 963.6 963.6 1018.026 1017.51 1017.51 1017.51 753.1965 755.7 755.7 660.9771 649.82 649.82 649.82 624.16 624.16 624.16 600.9534 598.22 598.22 599.5839 573.05 573.05 573.05 692.2319 706.27 706.27 693.0168 950.85 950.85 950.85 928.3562 1365.96 1365.96 1365.96 1546.52 1544.81 1544.81 1302.402 -9999 -9999 -9999 -9999 -9999 -9999 -9999 -9999
