Model and model input files/precip_2000.asc
ncols         625
nrows         453
xllcorner     138621.56993419
yllcorner     4094031.9406744
cellsize      1000
NODATA_value  -9999
[rows 102 to 135 of 453, columns 0 to 76 of 625]
-9999 -9999 -9999 -9999 -9999 -9999 -9999 -9999 -9999 -9999 -9999 -9999 -9999 -9999 -9999 -9999 -9999 202.32 202.0426 207.44 207.44 207.44 221.7253 221.59 221.59 215.7302 215.04 215.04 215.04 214.0022 213.88 213.88 213.7678 215.95 215.95 215.95 218.2313 218.5 218.5 218.2052 223.94 223.94 223.94 222.7089 246.66 246.66 246.66 261.5813 261.44 261.44 267.7024 268.44 268.44 268.44 340.0887 339.41 339.41 335.1525 417.98 417.98 417.98 375.6732 370.69 370.69 372.722 333.19 333.19 333.19 321.8123 321.92 321.92 321.92 306.716 306.86 306.86 309.9822 310.35
-9999 -9999 -9999 -9999 -9999 -9999 -9999 -9999 -9999 -9999 -9999 -9999 -9999 -9999 -9999 -9999 -9999 202.32 202.0426 207.44 207.44 207.44 221.7253 221.59 221.59 215.7302 215.04 215.04 215.04 214.0022 213.88 213.88 213.7678 215.95 215.95 215.95 218.2313 218.5 218.5 218.2052 223.94 223.94 223.94 222.7089 246.66 246.66 246.66 261.5813 261.44 261.44 267.7024 268.44 268.44 268.44 340.0887 339.41 339.41 335.1525 417.98 417.98 417.98 375.6732 370.69 370.69 372.722 333.19 333.19 333.19 321.8123 321.92 321.92 321.92 306.716 306.86 306.86 309.9822 310.35
-9999 -9999 -9999 -9999 -9999 -9999 -9999 -9999 -9999 -9999 -9999 -9999 -9999 -9999 -9999 -9999 -9999 202.32 202.0426 207.44 207.44 207.44 221.7253 221.59 221.59 215.7302 215.04 215.04 215.04 213.8689 213.88 213.88 213.7678 215.95 215.95 215.95 218.2313 218.5 218.5 218.2052 223.94 223.94 223.94 244.2659 246.66 246.66 246.66 261.5813 261.44 261.44 267.7024 268.44 268.44 268.44 340.0887 339.41 339.41 409.7007 417.98 417.98 417.98 375.6732 370.69 370.69 372.722 333.19 333.19 333.19 321.8123 321.92 321.92 322.7361 306.86 306.86 306.86 309.9822 310.35
-9999 -9999 -9999 -9999 -9999 -9999 -9999 -9999 -9999 -9999 -9999 -9999 -9999 -9999 -9999 -9999 -9999 200.75 200.4906 200.46 200.46 200.46 204.5689 204.53 204.53 211.9017 212.77 212.77 212.77 216.5458 216.51 216.51 223.828 224.69 224.69 224.69 229.4673 230.03 230.03 229.706 236.01 236.01 236.01 244.1505 246.66 246.66 246.66 261.5813 261.44 261.44 267.7024 268.44 268.44 268.44 340.0887 339.41 339.41 409.7007 417.98 417.98 417.98 375.6732 370.69 370.69 372.722 333.19 333.19 333.19 321.8123 321.92 321.92 322.7361 306.86 306.86 306.86 309.9822 310.35
-9999 -9999 -9999 -9999 -9999 -9999 -9999 -9999 -9999 -9999 -9999 -9999 -9999 -9999 -9999 -9999 -9999 200.75 200.4906 200.46 200.46 200.46 204.5689 204.53 204.53 211.9017 212.77 212.77 212.77 216.5458 216.51 216.51 223.828 224.69 224.69 224.69 229.4673 230.03 230.03 229.706 236.01 236.01 236.01 250.3329 252.02 252.02 250.4887 280.28 280.28 280.28 302.8782 305.54 305.54 305.54 401.0446 400.14 400.14 453.2091 459.46 459.46 459.46 386.7917 387.48 387.48 390.1645 337.94 333.6905 333.19 321.8123 321.92 321.92 322.7361 306.86 306.86 306.86 310.3834 310.35
-9999 -9999 -9999 -9999 -9999 -9999 -9999 -9999 -9999 -9999 -9999 -9999 -9999 -9999 -9999 -9999 -9999 200.75 200.4906 200.46 200.46 200.2395 204.53 204.53 204.53 211.9017 212.77 212.77 212.77 216.5458 216.51 216.51 223.828 224.69 224.69 224.69 230.0811 230.03 230.03 229.706 236.01 236.01 236.01 250.3329 252.02 252.02 250.4887 280.28 280.28 280.28 302.8782 305.54 305.54 305.54 401.0446 400.14 400.14 453.2091 459.46 459.46 459.46 386.7917 387.48 387.48 390.1645 337.94 337.94 337.94 327.4607 327.56 327.56 328.2661 314.53 314.53 314.53 305.4338 305.52
-9999 -9999 -9999 -9999 -9999 -9999 -9999 -9999 -9999 -9999 -9999 -9999 -9999 -9999 -9999 -9999 -9999 200.75 200.4906 200.46 200.46 200.2395 204.53 204.53 204.53 211.9017 212.77 212.77 212.77 216.5458 216.51 216.51 223.828 224.69 224.69 224.69 230.0811 230.03 230.03 229.706 236.01 236.01 236.01 250.3329 252.02 252.02 250.4887 280.28 280.28 280.28 305.7816 305.54 305.54 305.54 401.0446 400.14 400.14 453.2091 459.46 459.46 459.46 386.7917 387.48 387.48 343.1603 337.94 337.94 337.94 327.4607 327.56 327.56 328.2661 314.53 314.53 314.53 305.4338 305.52
-9999 -9999 -9999 -9999 -9999 -9999 -9999 -9999 -9999 -9999 -9999 -9999 -9999 -9999 -9999 -9999 -9999 209.52 208.5359 208.42 208.42 208.0369 215.49 205.6849 204.53 212.8488 212.77 212.77 212.77 216.5458 216.51 216.51 223.828 224.69 224.69 224.69 230.0811 230.03 230.03 235.3799 236.01 236.01 236.01 250.3329 252.02 252.02 250.4887 280.28 280.28 280.28 305.7816 305.54 305.54 305.54 401.0446 400.14 400.14 453.2091 459.46 459.46 459.46 386.7917 387.48 387.48 343.1603 337.94 337.94 337.94 327.4607 327.56 327.56 328.2661 314.53 314.53 314.53 305.4338 305.52
-9999 -9999 -9999 -9999 -9999 -9999 -9999 -9999 -9999 -9999 -9999 -9999 -9999 -9999 -9999 -9999 -9999 209.52 208.5359 208.42 208.42 208.0369 215.49 215.49 215.49 216.4895 216.48 216.48 216.48 221.2653 221.22 221.22 229.8442 230.86 230.86 230.86 229.3053 229.32 229.32 240.1002 241.37 241.37 241.37 285.4124 290.6 256.0854 250.4887 280.28 280.28 280.28 305.7816 305.54 305.54 300.4139 400.14 400.14 400.14 453.2091 459.46 459.46 459.46 386.7917 387.48 387.48 343.1603 337.94 337.94 337.94 327.56 327.56 327.56 328.2661 314.53 314.53 314.53 305.4338 305.52
-9999 -9999 -9999 -9999 -9999 -9999 -9999 -9999 -9999 -9999 -9999 -9999 -9999 -9999 -9999 -9999 -9999 209.52 208.5359 208.42 208.42 208.0369 215.49 215.49 215.49 216.4895 216.48 216.48 216.2231 221.22 221.22 221.22 229.8442 230.86 230.86 230.86 229.3053 229.32 229.32 240.1002 241.37 241.37 241.37 291.0708 290.6 290.6 286.3463 369.1 369.1 369.1 402.1026 401.79 401.79 400.0175 434.5 434.5 434.5 416.8222 414.74 414.74 414.74 360.6375 361.15 361.15 338.1402 335.43 335.43 335.43 326.72 327.568 327.56 328.2661 314.53 314.53 314.53 305.4338 305.52
-9999 -9999 -9999 -9999 -9999 -9999 -9999 -9999 -9999 -9999 -9999 -9999 -9999 -9999 -9999 -9999 -9999 209.52 208.4095 208.42 208.42 208.0369 215.49 215.49 215.49 216.4895 216.48 216.48 216.2231 221.22 221.22 221.22 229.8442 230.86 230.86 230.86 229.3053 229.32 229.32 240.1002 241.37 241.37 241.37 291.0708 290.6 290.6 286.3463 369.1 369.1 369.1 402.1026 401.79 401.79 400.0175 434.5 434.5 434.5 414.551 414.74 414.74 414.74 360.6375 361.15 361.15 338.1402 335.43 335.43 335.43 326.72 326.72 326.72 314.2221 312.75 312.75 312.75 311.5183 311.53
-9999 -9999 -9999 -9999 -9999 -9999 -9999 -9999 -9999 -9999 -9999 -9999 -9999 -9999 -9999 -9999 -9999 209.52 208.4095 208.42 208.42 208.0369 215.49 215.49 215.49 216.4895 216.48 216.48 216.2231 221.22 221.22 221.22 230.9522 230.86 230.86 230.86 229.3053 229.32 229.32 240.1002 241.37 241.37 241.37 291.0708 290.6 290.6 360.8281 369.1 369.1 369.1 402.1026 401.79 401.79 400.0175 434.5 434.5 434.5 414.551 414.74 414.74 414.74 360.6375 361.15 361.15 338.1402 335.43 335.43 335.43 326.72 326.72 326.72 314.2221 312.75 312.75 312.75 311.5183 311.53
-9999 -9999 -9999 -9999 -9999 -9999 -9999 -9999 -9999 -9999 -9999 -9999 -9999 -9999 -9999 -9999 -9999 243.58 224.3377 224.52 224.52 214.8491 213.71 213.71 213.71 221.1808 221.11 221.11 220.5237 231.93 231.93 231.93 230.7286 230.8611 230.86 230.86 229.3053 229.32 229.32 240.1002 241.37 241.37 241.37 291.0708 290.6 290.6 360.8281 369.1 369.1 369.1 402.1026 401.79 401.79 400.0175 434.5 434.5 434.5 414.551 414.74 414.74 417.6439 361.15 361.15 361.15 338.1402 335.43 335.43 335.43 326.72 326.72 326.72 314.2221 312.75 312.75 312.75 311.5183 311.53
-9999 -9999 -9999 -9999 -9999 -9999 -9999 -9999 -9999 -9999 -9999 -9999 -9999 -9999 -9999 -9999 -9999 243.58 224.3377 224.52 224.52 214.8491 213.71 213.71 213.71 221.1808 221.11 221.11 220.5237 231.93 231.93 231.93 230.7286 230.74 230.74 230.7422 230.7 230.7 230.7 239.5657 240.61 240.61 240.61 289.7353 289.27 289.27 370.493 380.06 380.06 380.06 488.13 488.13 488.13 488.4275 482.64 482.64 434.5 414.551 414.74 414.74 417.6439 361.15 361.15 361.15 338.1402 335.43 335.43 335.43 326.72 326.72 326.72 314.2221 312.75 312.75 312.75 311.53 311.53
-9999 -9999 -9999 -9999 -9999 -9999 -9999 -9999 -9999 -9999 -9999 -9999 -9999 -9999 -9999 -9999 -9999 243.58 224.3377 224.52 224.52 214.8491 213.71 213.71 213.71 221.11 221.11 221.11 220.5237 231.93 231.93 231.93 230.7286 230.74 230.74 230.7422 230.7 230.7 230.7 239.5657 240.61 240.61 240.61 289.7353 289.27 289.27 370.493 380.06 380.06 380.06 488.13 488.13 488.13 488.4275 482.64 482.64 482.64 409.2953 409.99 409.99 412.6728 360.48 360.48 360.48 332.3637 332.63 332.63 332.63 319.03 319.03 319.03 315.9525 315.59 315.59 315.59 324.69 324.69
-9999 -9999 -9999 -9999 -9999 -9999 -9999 -9999 -9999 -9999 -9999 -9999 -9999 -9999 -9999 -9999 -9999 243.58 224.3377 224.52 224.52 214.8491 213.71 213.71 213.71 221.11 221.11 221.11 220.5237 231.93 231.93 231.93 230.7286 230.74 230.74 230.7422 230.7 230.7 230.7 240.7048 240.61 240.61 240.61 289.7353 289.27 289.27 370.493 380.06 380.06 380.06 488.13 488.13 488.13 488.4275 482.64 482.64 482.64 409.2953 409.99 409.99 412.6728 360.48 360.48 360.48 332.3637 332.63 332.63 332.63 319.03 319.03 319.03 315.9525 315.59 315.59 315.59 324.69 324.69
-9999 -9999 -9999 -9999 -9999 -9999 -9999 -9999 -9999 -9999 -9999 -9999 -9999 -9999 -9999 -9999 -9999 235.35 256.6921 256.49 256.49 214.5434 213.71 213.71 213.71 221.11 221.11 221.11 230.7898 231.93 231.93 231.93 230.7286 230.74 230.74 230.7422 230.7 230.7 230.7 240.7048 240.61 240.61 240.61 289.7353 289.27 289.27 370.493 380.06 380.06 380.06 488.13 488.13 488.13 483.2185 482.64 482.64 482.64 409.2953 409.99 409.99 412.6728 360.48 360.48 360.48 332.3637 332.63 332.63 333.3669 319.03 319.03 319.03 315.9525 315.59 315.59 315.59 324.69 324.69
-9999 -9999 -9999 -9999 -9999 -9999 -9999 -9999 -9999 -9999 -9999 -9999 -9999 -9999 -9999 -9999 -9999 234.2045 256.49 256.49 256.49 239.1074 237.06 237.06 237.06 234.64 234.64 234.64 245.4113 246.68 246.68 246.68 242.2177 242.26 242.26 242.0931 245.34 245.34 245.34 245.8448 245.84 245.84 243.7196 288.8169 289.27 289.27 370.493 380.06 380.06 380.06 488.13 488.13 488.13 483.2185 482.64 482.64 482.64 409.2953 409.99 409.99 412.6728 360.48 360.48 360.48 332.3637 332.63 332.63 333.3669 319.03 319.03 319.03 315.9525 315.59 315.59 315.59 324.69 324.69
-9999 -9999 -9999 -9999 -9999 -9999 -9999 -9999 -9999 -9999 -9999 -9999 -9999 -9999 -9999 -9999 -9999 234.2045 256.49 256.49 256.49 239.1074 237.06 237.06 237.06 234.64 234.64 234.64 245.4113 246.68 246.68 246.9195 242.26 242.26 242.26 242.0931 245.34 245.34 245.34 245.8448 245.84 245.84 243.7196 284.97 284.97 284.97 345.2677 352.37 352.37 352.37 496.27 496.27 496.27 482.6538 481.05 481.05 484.3012 421.05 421.05 421.05 423.5215 375.44 375.44 375.44 350.5139 350.75 351.7319 333.3669 319.03 319.03 319.03 315.9525 315.59 315.59 315.59 324.69 324.69
-9999 -9999 -9999 -9999 -9999 -9999 -9999 -9999 -9999 -9999 -9999 -9999 -9999 -9999 -9999 -9999 -9999 234.2045 256.49 256.49 256.49 236.8742 237.06 237.06 237.06 234.64 234.64 234.64 245.4113 246.68 246.68 246.9195 242.26 242.26 242.26 242.0931 245.34 245.34 245.34 245.8448 245.84 245.84 243.7196 284.97 284.97 284.97 353.0145 352.37 352.37 352.37 496.27 496.27 496.27 482.6538 481.05 481.05 484.3012 421.05 421.05 421.05 423.5215 375.44 375.44 375.44 350.5139 350.75 350.75 351.7265 332.73 332.73 332.73 336.9803 336.94 336.94 336.94 332.81 332.81
-9999 -9999 -9999 -9999 -9999 -9999 -9999 -9999 -9999 -9999 -9999 -9999 -9999 -9999 -9999 -9999 -9999 234.2045 256.49 256.49 256.49 236.8742 237.06 237.06 237.06 234.64 234.64 234.64 245.4113 246.68 246.68 246.9195 242.26 242.26 242.26 245.0154 245.34 245.34 245.34 245.8448 245.84 245.84 243.7196 284.97 284.97 284.97 353.0145 352.37 352.37 352.37 496.27 496.27 496.27 482.6538 481.05 481.05 484.3012 421.05 421.05 421.05 380.2462 375.44 375.44 375.44 350.5139 350.75 350.75 351.7265 332.73 332.73 332.73 336.9803 336.94 336.94 336.94 332.81 332.81
-9999 -9999 -9999 -9999 -9999 -9999 -9999 -9999 -9999 -9999 -9999 -9999 -9999 -9999 -9999 -9999 -9999 265.1915 317.69 317.69 317.69 269.342 269.8 271.5741 237.1911 234.64 234.64 234.64 245.4113 246.68 246.68 246.9195 242.26 242.26 242.26 245.0154 245.34 245.34 245.34 245.8448 245.84 245.84 243.7196 284.97 284.97 284.97 353.0145 352.37 352.37 344.5724 496.27 496.27 496.27 482.6538 481.05 481.05 484.3012 421.05 421.05 421.05 380.2462 375.44 375.44 375.44 350.5139 350.75 350.75 351.7265 332.73 332.73 332.73 336.9803 336.94 336.94 337.1638 332.81 332.81
-9999 -9999 -9999 -9999 -9999 -9999 -9999 -9999 -9999 -9999 -9999 -9999 -9999 -9999 -9999 -9999 -9999 265.1915 317.69 317.69 317.69 269.342 269.8 269.8 269.7962 269.87 269.87 269.87 287.4494 289.52 289.52 288.3755 310.64 310.64 310.64 287.8718 285.19 285.19 286.6856 257.59 257.59 257.59 256.082 285.42 285.42 285.42 334.6866 334.22 334.22 327.3116 461.71 461.71 461.71 479.012 481.05 481.05 484.3012 421.05 421.05 421.05 380.2462 375.44 375.44 376.7779 350.75 350.75 350.75 351.7265 332.73 332.73 332.73 336.9803 336.94 336.94 337.1638 332.81 332.81
-9999 -9999 -9999 -9999 -9999 -9999 -9999 -9999 -9999 -9999 -9999 -9999 -9999 -9999 -9999 -9999 -9999 265.1915 317.69 317.69 317.69 269.342 269.8 269.8 269.7962 269.87 269.87 269.87 289.7079 289.52 289.52 288.3755 310.64 310.64 310.64 287.8718 285.19 285.19 286.6856 257.59 257.59 257.59 256.082 285.42 285.42 285.42 334.6866 334.22 334.22 327.3116 461.71 461.71 461.71 494.6016 494.29 494.29 498.004 425.75 425.75 425.75 391.1548 387.08 387.08 388.1475 367.38 367.38 367.38 367.729 360.94 360.94 360.94 351.3391 351.43 351.43 351.6776 346.86 346.86
-9999 -9999 -9999 -9999 -9999 -9999 -9999 -9999 -9999 -9999 -9999 -9999 -9999 -9999 -9999 -9999 -9999 311.7618 317.69 317.69 317.69 269.8 269.8 269.8 269.8 269.87 269.87 269.87 289.52 289.52 289.52 289.52 310.64 310.64 310.64 288.2195 285.19 285.19 285.19 257.59 257.59 257.59 282.1071 285.42 285.42 285.42 334.22 334.22 334.22 334.22 461.71 461.71 461.71 494.29 494.29 494.29 494.29 425.75 425.75 425.75 391.6832 387.08 387.08 387.08 367.38 367.38 367.38 367.3246 360.94 360.94 360.94 351.43 351.43 351.43 351.43 346.86 346.86
-9999 -9999 -9999 -9999 -9999 -9999 -9999 -9999 -9999 -9999 -9999 -9999 -9999 -9999 -9999 -9999 -9999 -9999 -9999 -9999 -9999 -9999 -9999 -9999 -9999 -9999 -9999 -9999 -9999 -9999 -9999 -9999 -9999 -9999 -9999 -9999 -9999 -9999 -9999 -9999 -9999 -9999 -9999 -9999 -9999 -9999 -9999 -9999 -9999 -9999 -9999 -9999 -9999 -9999 -9999 -9999 -9999 -9999 -9999 -9999 -9999 -9999 -9999 -9999 -9999 -9999 -9999 -9999 -9999 -9999 -9999 -9999 -9999 -9999 -9999 -9999 -9999
-9999 -9999 -9999 -9999 -9999 -9999 -9999 -9999 -9999 -9999 -9999 -9999 -9999 -9999 -9999 -9999 -9999 -9999 -9999 -9999 -9999 -9999 -9999 -9999 -9999 -9999 -9999 -9999 -9999 -9999 -9999 -9999 -9999 -9999 -9999 -9999 -9999 -9999 -9999 -9999 -9999 -9999 -9999 -9999 -9999 -9999 -9999 -9999 -9999 -9999 -9999 -9999 -9999 -9999 -9999 -9999 -9999 -9999 -9999 -9999 -9999 -9999 -9999 -9999 -9999 -9999 -9999 -9999 -9999 -9999 -9999 -9999 -9999 -9999 -9999 -9999 -9999
-9999 -9999 -9999 -9999 -9999 -9999 -9999 -9999 -9999 -9999 -9999 -9999 -9999 -9999 -9999 -9999 -9999 -9999 -9999 -9999 -9999 -9999 -9999 -9999 -9999 -9999 -9999 -9999 -9999 -9999 -9999 -9999 -9999 -9999 -9999 -9999 -9999 -9999 -9999 -9999 -9999 -9999 -9999 -9999 -9999 -9999 -9999 -9999 -9999 -9999 -9999 -9999 -9999 -9999 -9999 -9999 -9999 -9999 -9999 -9999 -9999 -9999 -9999 -9999 -9999 -9999 -9999 -9999 -9999 -9999 -9999 -9999 -9999 -9999 -9999 -9999 -9999
-9999 -9999 -9999 -9999 -9999 -9999 -9999 -9999 -9999 -9999 -9999 -9999 -9999 -9999 -9999 -9999 -9999 -9999 -9999 -9999 -9999 -9999 -9999 -9999 -9999 -9999 -9999 -9999 -9999 -9999 -9999 -9999 -9999 -9999 -9999 -9999 -9999 -9999 -9999 -9999 -9999 -9999 -9999 -9999 -9999 -9999 -9999 -9999 -9999 -9999 -9999 -9999 -9999 -9999 -9999 -9999 -9999 -9999 -9999 -9999 -9999 -9999 -9999 -9999 -9999 -9999 -9999 -9999 -9999 -9999 -9999 -9999 -9999 -9999 -9999 -9999 -9999
-9999 -9999 -9999 -9999 -9999 -9999 -9999 -9999 -9999 -9999 -9999 -9999 -9999 -9999 -9999 -9999 -9999 -9999 -9999 -9999 -9999 -9999 -9999 -9999 -9999 -9999 -9999 -9999 -9999 -9999 -9999 -9999 -9999 -9999 -9999 -9999 -9999 -9999 -9999 -9999 -9999 -9999 -9999 -9999 -9999 -9999 -9999 -9999 -9999 -9999 -9999 -9999 -9999 -9999 -9999 -9999 -9999 -9999 -9999 -9999 -9999 -9999 -9999 -9999 -9999 -9999 -9999 -9999 -9999 -9999 -9999 -9999 -9999 -9999 -9999 -9999 -9999
-9999 -9999 -9999 -9999 -9999 -9999 -9999 -9999 -9999 -9999 -9999 -9999 -9999 -9999 -9999 -9999 -9999 -9999 -9999 -9999 -9999 -9999 -9999 -9999 -9999 -9999 -9999 -9999 -9999 -9999 -9999 -9999 -9999 -9999 -9999 -9999 -9999 -9999 -9999 -9999 -9999 -9999 -9999 -9999 -9999 -9999 -9999 -9999 -9999 -9999 -9999 -9999 -9999 -9999 -9999 -9999 -9999 -9999 -9999 -9999 -9999 -9999 -9999 -9999 -9999 -9999 -9999 -9999 -9999 -9999 -9999 -9999 -9999 -9999 -9999 -9999 -9999
-9999 -9999 -9999 -9999 -9999 -9999 -9999 -9999 -9999 -9999 -9999 -9999 -9999 -9999 -9999 -9999 -9999 -9999 -9999 -9999 -9999 -9999 -9999 -9999 -9999 -9999 -9999 -9999 -9999 -9999 -9999 -9999 -9999 -9999 -9999 -9999 -9999 -9999 -9999 -9999 -9999 -9999 -9999 -9999 -9999 -9999 -9999 -9999 -9999 -9999 -9999 -9999 -9999 -9999 -9999 -9999 -9999 -9999 -9999 -9999 -9999 -9999 -9999 -9999 -9999 -9999 -9999 -9999 -9999 -9999 -9999 -9999 -9999 -9999 -9999 -9999 -9999
-9999 -9999 -9999 -9999 -9999 -9999 -9999 -9999 -9999 -9999 -9999 -9999 -9999 -9999 -9999 -9999 -9999 -9999 -9999 -9999 -9999 -9999 -9999 -9999 -9999 -9999 -9999 -9999 -9999 -9999 -9999 -9999 -9999 -9999 -9999 -9999 -9999 -9999 -9999 -9999 -9999 -9999 -9999 -9999 -9999 -9999 -9999 -9999 -9999 -9999 -9999 -9999 -9999 -9999 -9999 -9999 -9999 -9999 -9999 -9999 -9999 -9999 -9999 -9999 -9999 -9999 -9999 -9999 -9999 -9999 -9999 -9999 -9999 -9999 -9999 -9999 -9999
-9999 -9999 -9999 -9999 -9999 -9999 -9999 -9999 -9999 -9999 -9999 -9999 -9999 -9999 -9999 -9999 -9999 -9999 -9999 -9999 -9999 -9999 -9999 -9999 -9999 -9999 -9999 -9999 -9999 -9999 -9999 -9999 -9999 -9999 -9999 -9999 -9999 -9999 -9999 -9999 -9999 -9999 -9999 -9999 -9999 -9999 -9999 -9999 -9999 -9999 -9999 -9999 -9999 -9999 -9999 -9999 -9999 -9999 -9999 -9999 -9999 -9999 -9999 -9999 -9999 -9999 -9999 -9999 -9999 -9999 -9999 -9999 -9999 -9999 -9999 -9999 -9999
